0,1,2,3,4,5,6,7,8,9,10,11,12,13,14,15,16,17,18,19,20,21,22,23,24,25,26,27,28,29,30,31,32,33,34,35,36,37,38,39,40,41,42,43,44,45,46,47,48,49,50,51,52,53,54,55,56,57,58,59,60,61,62,63,64,65,66,67,68
0.0,6.698245,8.689927,10.956582,10.632988,10.3670025,6.4706163,12.548666,5.2852464,6.9759355,8.292006,8.975269,8.975269,10.52046,10.727655,6.8856254,6.182605,5.623793,11.257244,5.8063774,9.84699,10.031051,6.1018596,10.632988,6.862197,10.956582,10.632988,8.602811,8.254655,7.53366,6.0672336,9.372719,5.311411,10.02474,10.676283,11.463744,10.462849,10.632988,4.7015,4.3967195,6.970935,8.761094,9.634296,9.204656,9.933585,10.965556,5.9629726,10.632988,9.012845,6.9501595,7.126879,7.0081563,10.52046,10.320082,9.523235,9.224824,9.550365,9.073459,11.500629,12.201108,12.201108,5.3288817,10.668632,9.097884,4.265481,6.1556916,10.596292,7.464508,10.805594
6.698245,0.0,7.4427605,10.286937,8.933362,9.906953,7.6549835,13.680531,6.1941986,6.0602074,6.416711,8.437899,8.437899,9.605012,6.8435984,5.007998,5.2123723,4.911977,7.2532077,3.7370963,8.474639,8.953661,4.671199,8.933362,5.792258,10.286937,8.933362,6.5306745,8.323321,6.4196663,3.8637154,9.099661,5.4136214,8.332284,9.688291,10.095911,9.653468,8.933362,5.605078,5.0294824,6.554054,7.7056537,7.9490614,8.776954,8.72417,7.0451803,5.6701055,8.933362,6.5520897,7.003126,8.198122,6.630342,9.605012,8.551552,7.180637,7.706174,7.6551027,8.153509,10.419148,9.396163,9.396163,3.9060597,8.794523,6.8108587,5.3703003,3.7501683,9.180615,4.957604,10.279592
8.689927,7.4427605,0.0,13.351858,12.426103,13.068347,8.85325,16.18197,7.5444856,8.746263,7.589428,11.521513,11.521513,12.946476,10.895026,6.567582,7.5664983,7.7839193,11.191005,6.7201295,12.406391,12.660891,7.448565,12.426103,6.9234357,13.351858,12.426103,3.95315,10.021183,8.594251,6.2703533,6.9175234,7.501664,8.969025,12.757275,12.783582,13.138732,12.426103,9.100283,8.397025,7.5001626,5.1401844,6.22471,12.453202,12.366059,10.958126,7.3122663,12.426103,4.829093,9.9099655,9.311291,9.350657,12.946476,12.210268,6.785152,5.620975,6.332659,5.25628,12.2690115,11.942526,11.942526,7.294558,12.380079,3.414856,7.910764,7.5629454,12.581392,7.3161626,13.673144
10.956582,10.286937,13.351858,0.0,4.067961,6.6039324,10.992076,11.345234,11.354095,11.102128,11.016993,9.242114,9.242114,3.38098,8.58585,10.469857,10.157172,11.83394,8.73737,11.097735,5.104984,6.2276344,11.548974,4.067961,11.034825,0.0,4.067961,12.422994,9.122745,11.843182,10.80344,14.307056,10.348238,12.6553135,6.104722,11.489503,5.4078903,4.067961,10.060486,10.75574,11.727047,13.051641,13.553882,6.5304666,5.9214487,8.877405,10.615416,4.067961,12.668061,11.319461,10.563228,11.529257,3.38098,6.902341,12.383771,12.664206,12.77891,13.230457,8.9614105,10.679421,10.679421,9.833216,6.706844,12.679307,10.374967,11.049694,3.5277402,9.427282,5.538901
10.632988,8.933362,12.426103,4.067961,0.0,6.826409,10.48219,12.7960615,10.572417,9.995252,9.5598955,8.213135,8.213135,3.3597662,6.522945,9.3786335,9.084067,11.088106,6.335032,10.0226,4.0677986,6.095871,10.511332,0.0,10.19004,4.067961,0.0,11.170295,8.527276,10.915315,9.616786,13.496515,9.2646675,11.185205,5.9200363,9.993821,5.7876906,0.0,9.482696,10.068184,10.837329,12.107428,12.533401,6.602875,4.9679565,6.699352,9.655297,0.0,11.453389,10.41106,10.381859,10.616723,3.3597662,5.4741163,10.9923315,11.507492,11.541936,12.188576,8.363477,8.554913,8.554913,8.725764,5.271932,11.491793,9.628417,10.037886,1.5437596,8.063386,6.8464065
10.3670025,9.906953,13.068347,6.6039324,6.826409,0.0,9.29325,10.8146105,10.948199,10.871106,10.726796,9.0311365,9.0311365,5.684105,9.1134,10.086265,9.570543,11.364466,9.20099,10.705688,5.5300436,6.6954813,10.777436,6.826409,10.496457,6.6039324,6.826409,12.0887785,8.368486,11.647529,10.383779,13.93037,9.931598,12.079187,7.814062,11.810264,6.550981,6.826409,9.749711,10.337062,11.419305,12.953409,13.357459,6.3523145,6.6007743,9.490366,9.820464,6.826409,12.327676,11.243246,8.88085,11.330462,5.684105,8.40479,12.279727,12.5570545,12.6857605,13.167692,9.283087,11.080653,11.080653,9.344943,8.318379,12.51013,9.800665,10.381571,6.5757394,9.116833,6.404569
6.4706163,7.6549835,8.85325,10.992076,10.48219,9.29325,0.0,13.460697,6.775923,8.839292,8.3856945,9.564166,9.564166,10.028679,11.12047,6.593745,7.4097514,8.395714,11.31638,7.458522,9.575687,10.069243,6.9007645,10.48219,6.502494,10.992076,10.48219,8.66621,6.8282123,9.837763,6.5810122,10.251429,5.960498,8.942228,10.409895,12.57264,10.863537,10.48219,8.092387,7.883739,8.514585,9.292284,10.448646,9.499199,10.397201,11.305442,6.957213,10.48219,9.072934,10.192762,2.4335842,9.517246,10.028679,10.726939,10.280891,9.668317,10.333542,9.2632885,11.254117,12.524137,12.524137,6.2267375,10.6830225,9.145384,6.023345,6.725608,10.446752,7.211178,10.939706
12.548666,13.680531,16.18197,11.345234,12.7960615,10.8146105,13.460697,0.0,13.994489,13.970869,14.686652,12.912292,12.912292,11.731799,14.16273,13.9856825,13.361497,13.8510065,14.569932,13.9633875,11.711987,10.310378,14.092379,12.7960615,14.009885,11.345234,12.7960615,15.650053,12.83989,14.204402,14.230079,16.842497,13.653717,16.171719,12.32875,15.296032,10.620762,12.7960615,12.35543,12.864213,14.140538,15.907372,16.213417,9.240094,11.696905,14.545437,13.425356,12.7960615,15.956645,13.596977,12.99028,13.839758,11.731799,12.957726,15.702877,15.89348,16.001654,16.167875,13.856178,15.723399,15.723399,13.281016,12.934914,15.985515,13.004481,13.841908,12.403019,13.778038,9.696569
5.2852464,6.1941986,7.5444856,11.354095,10.572417,10.948199,6.775923,13.994489,0.0,6.456605,7.4368253,8.6821375,8.6821375,10.80803,10.526521,6.225054,6.4174747,6.001843,10.895858,5.042164,10.208159,10.745838,6.179132,10.572417,6.3238726,11.354095,10.572417,7.3364725,7.8117704,6.9754577,4.681953,8.528366,2.9065187,8.984362,10.630367,11.144518,11.446383,10.572417,5.8170104,5.4777565,6.3372054,7.7994976,8.7040415,10.135582,10.587298,10.705332,6.0830145,10.572417,7.774573,7.1654205,7.469027,6.864655,10.80803,10.208039,8.644419,8.363781,8.600431,7.8483973,11.688511,11.549853,11.549853,4.926534,10.588094,7.9736195,5.4542723,6.269055,10.759948,7.0148687,11.848131
6.9759355,6.0602074,8.746263,11.102128,9.995252,10.871106,8.839292,13.970869,6.456605,0.0,6.5555506,7.3982463,7.3982463,10.613124,9.043638,7.7168217,6.9970636,6.732843,9.399781,6.310317,9.679126,9.257192,7.378427,9.995252,8.540647,11.102128,9.995252,7.5514164,10.00941,4.200838,6.775233,8.076949,6.24069,8.534692,9.423046,8.397373,10.77604,9.995252,6.1252337,5.7504377,5.911906,7.410265,7.4472404,8.99415,9.6841955,9.156926,7.180184,9.995252,7.4190516,3.8127708,9.363998,1.8733084,10.613124,8.151835,6.2989793,7.291044,6.614953,7.8551726,11.055384,8.367975,8.367975,4.9466877,8.646204,8.392933,6.9755197,7.1521897,10.266426,7.8280888,11.369211
8.292006,6.416711,7.589428,11.016993,9.5598955,10.726796,8.3856945,14.686652,7.4368253,6.5555506,0.0,8.685949,8.685949,10.179938,8.0711,5.0998187,6.4814253,7.6597905,8.279935,6.4558544,9.571371,9.739237,6.6494226,9.5598955,6.3597674,11.016993,9.5598955,6.535049,8.150654,6.909793,5.5898676,8.771108,6.7336183,6.397043,9.453717,9.672486,10.965421,9.5598955,8.485821,7.958236,6.632631,7.157624,8.0199175,9.607767,9.727899,8.108204,6.7124496,9.5598955,6.8608866,8.2627,8.938756,7.4192343,10.179938,8.66193,6.407297,6.366339,6.5881686,6.646205,10.442529,8.037762,8.037762,6.5267854,8.855941,7.30823,7.3612475,6.706632,9.985747,5.3498697,11.660822
8.975269,8.437899,11.521513,9.242114,8.213135,9.0311365,9.564166,12.912292,8.6821375,7.3982463,8.685949,0.0,0.0,8.666135,9.275211,9.327572,9.006538,9.799281,9.26034,9.08753,7.908257,7.7058115,9.879136,8.213135,10.000336,9.242114,8.213135,10.262431,9.604544,8.806829,8.91128,11.0443535,7.9953575,8.103697,7.6958666,7.400015,9.386757,8.213135,8.1744375,8.5434675,9.35409,10.656191,10.74863,7.6359534,8.450601,9.392598,9.319392,8.213135,10.335317,7.8414245,9.74346,7.8957367,8.666135,6.982876,9.5388565,10.303826,9.943582,11.016839,9.678863,9.355689,9.355689,7.917335,7.3030014,10.965943,8.970564,9.601782,8.405802,8.558184,9.804588
8.975269,8.437899,11.521513,9.242114,8.213135,9.0311365,9.564166,12.912292,8.6821375,7.3982463,8.685949,0.0,0.0,8.666135,9.275211,9.327572,9.006538,9.799281,9.26034,9.08753,7.908257,7.7058115,9.879136,8.213135,10.000336,9.242114,8.213135,10.262431,9.604544,8.806829,8.91128,11.0443535,7.9953575,8.103697,7.6958666,7.400015,9.386757,8.213135,8.1744375,8.5434675,9.35409,10.656191,10.74863,7.6359534,8.450601,9.392598,9.319392,8.213135,10.335317,7.8414245,9.74346,7.8957367,8.666135,6.982876,9.5388565,10.303826,9.943582,11.016839,9.678863,9.355689,9.355689,7.917335,7.3030014,10.965943,8.970564,9.601782,8.405802,8.558184,9.804588
10.52046,9.605012,12.946476,3.38098,3.3597662,5.684105,10.028679,11.731799,10.80803,10.613124,10.179938,8.666135,8.666135,0.0,7.789695,9.671674,9.265358,11.3907795,7.786521,10.547459,3.4154058,6.102704,10.567821,3.3597662,10.345849,3.38098,3.3597662,11.81007,8.326808,11.516759,10.027673,13.8864565,9.629583,11.726889,5.9710965,10.978088,5.659921,3.3597662,9.744978,10.353634,11.0935545,12.584218,13.17894,6.0187573,5.635602,8.044646,9.719039,3.3597662,12.068597,10.981286,9.736662,11.150595,0.0,6.7290063,11.838458,12.178099,12.30794,12.736863,8.526744,9.999543,9.999543,9.166863,6.470934,12.134766,9.515976,10.099544,3.1247072,8.537525,6.0860767
10.727655,6.8435984,10.895026,8.58585,6.522945,9.1134,11.12047,14.16273,10.526521,9.043638,8.0711,9.275211,9.275211,7.789695,0.0,7.9428387,8.057499,9.275365,2.6260934,8.578877,6.7931924,7.892724,8.6316185,6.522945,9.228908,8.58585,6.522945,9.585394,9.916545,9.496238,8.567073,12.282418,9.505654,10.4603,8.614397,9.454133,8.097214,6.522945,8.999957,9.320142,9.86125,10.714878,10.716685,8.227911,6.5562434,1.6306788,8.934518,6.522945,9.832511,9.4250145,11.242191,9.539307,7.789695,7.158472,9.217752,10.172426,9.981004,11.202262,9.158317,7.0887785,7.0887785,8.194187,7.2230487,9.65157,9.214638,8.188743,7.105053,6.332603,9.243698
6.8856254,5.007998,6.567582,10.469857,9.3786335,10.086265,6.593745,13.9856825,6.225054,7.7168217,5.0998187,9.327572,9.327572,9.671674,7.9428387,0.0,5.601112,5.819114,8.409968,4.9563875,9.0806675,9.847118,4.5104737,9.3786335,2.518179,10.469857,9.3786335,6.3021946,6.226548,8.145245,4.195465,9.084969,5.6167636,7.7402096,10.263214,11.20322,10.2728615,9.3786335,7.052301,6.894984,7.347471,7.6944942,8.492766,9.497535,9.285907,8.1552725,5.633255,9.3786335,6.9962063,8.865766,6.988971,8.329075,9.671674,9.669767,8.178731,7.949057,8.375757,7.7974553,10.486184,10.613508,10.613508,5.2041073,9.802835,6.5080714,5.670669,4.799516,9.601947,3.461601,10.861423
6.182605,5.2123723,7.5664983,10.157172,9.084067,9.570543,7.4097514,13.361497,6.4174747,6.9970636,6.4814253,9.006538,9.006538,9.265358,8.057499,5.601112,0.0,5.9208994,8.456103,5.1773105,8.470157,9.240818,5.2188053,9.084067,6.316305,10.157172,9.084067,6.921372,8.000651,6.907717,4.949603,8.983235,5.613391,8.931581,9.630507,10.695713,9.707679,9.084067,6.2056723,5.726201,4.891694,7.8225803,8.51076,8.711176,9.02332,8.255598,1.7589898,9.084067,7.185462,7.6461797,7.9854445,7.4666376,9.265358,9.114707,7.8186207,7.844549,7.9251533,8.174414,10.026054,10.141234,10.141234,5.2098227,9.275606,7.3762717,5.0355597,5.2567496,9.231885,5.5898066,10.299265
5.623793,4.911977,7.7839193,11.83394,11.088106,11.364466,8.395714,13.8510065,6.001843,6.732843,7.6597905,9.799281,9.799281,11.3907795,9.275365,5.819114,5.9208994,0.0,9.992151,3.4165359,10.397574,10.929267,4.6208982,11.088106,6.2336802,11.83394,11.088106,7.8413696,9.389245,6.2085333,5.312104,9.002813,6.4652085,9.8571825,11.556517,11.149625,11.384304,11.088106,5.233053,4.4795012,6.828083,8.219677,8.516569,10.285524,10.523463,9.451504,6.0474725,11.088106,8.151498,6.8881516,8.960656,6.54756,11.3907795,10.560256,8.46969,8.785597,8.735068,8.854299,12.074814,11.568977,11.568977,5.214939,10.930923,7.930698,5.356117,5.079133,11.253955,6.960933,11.851555
11.257244,7.2532077,11.191005,8.73737,6.335032,9.20099,11.31638,14.569932,10.895858,9.399781,8.279935,9.26034,9.26034,7.786521,2.6260934,8.409968,8.456103,9.992151,0.0,8.948301,6.8079815,8.254675,9.296812,6.335032,9.556417,8.73737,6.335032,9.826919,10.090026,10.015896,8.709569,12.534189,9.72958,10.168448,8.521484,9.30704,8.677618,6.335032,9.690359,9.960639,10.271185,11.07097,11.215476,8.664298,7.3229327,2.1282246,9.299329,6.335032,9.96879,9.923078,11.46701,10.008745,7.786521,6.8174906,9.483787,10.378945,10.17583,11.299474,9.362688,6.7506523,6.7506523,8.626475,6.8698235,9.933365,9.724227,8.755086,7.0232844,6.832008,9.736027
5.8063774,3.7370963,6.7201295,11.097735,10.0226,10.705688,7.458522,13.9633875,5.042164,6.310317,6.4558544,9.08753,9.08753,10.547459,8.578877,4.9563875,5.1773105,3.4165359,8.948301,0.0,9.713601,10.317212,4.412667,10.0226,5.2816253,11.097735,10.0226,6.612647,8.2903,6.0309215,3.0032432,8.420631,5.014192,8.575365,10.524878,10.409905,10.944203,10.0226,5.4293327,5.012956,6.218071,7.310886,8.128463,9.964222,10.042809,8.663533,5.2989993,10.0226,6.9720516,6.949494,8.023115,6.6394615,10.547459,9.558322,7.7140565,7.6342235,7.831329,7.519767,11.231705,10.450062,10.450062,4.3242702,9.925221,6.9544315,5.1770635,4.5460205,10.276022,5.707877,11.410516
9.84699,8.474639,12.406391,5.104984,4.0677986,5.5300436,9.575687,11.711987,10.208159,9.679126,9.571371,7.908257,7.908257,3.4154058,6.7931924,9.0806675,8.470157,10.397574,6.8079815,9.713601,0.0,5.4921126,9.664812,4.0677986,9.830225,5.104984,4.0677986,11.308734,8.344903,10.655996,9.346124,13.256455,8.967968,11.215123,6.2336383,10.177124,5.501639,4.0677986,8.797661,9.298342,10.44543,11.959422,12.456046,5.315882,5.074781,7.026412,9.046932,4.0677986,11.455951,10.015634,9.433211,10.163986,3.4154058,5.924997,11.068172,11.562221,11.6227865,12.358441,8.441074,9.252074,9.252074,8.289366,5.7431397,11.580755,8.639334,9.15865,4.2156935,8.030975,6.080001
10.031051,8.953661,12.660891,6.2276344,6.095871,6.6954813,10.069243,10.310378,10.745838,9.257192,9.739237,7.7058115,7.7058115,6.102704,7.892724,9.847118,9.240818,10.929267,8.254675,10.317212,5.4921126,0.0,10.418261,6.095871,10.603813,6.2276344,6.095871,11.446984,9.138098,10.14932,10.084761,13.181755,9.500121,11.223669,5.883176,10.21218,4.586698,6.095871,9.093104,9.483319,10.240259,11.773225,11.983341,2.8988037,4.7486753,8.395482,9.722585,6.095871,11.452411,9.6422205,9.80624,9.758278,6.102704,6.0784273,10.818343,11.448643,11.341335,12.318787,9.148952,9.295688,9.295688,8.707769,5.729314,11.894678,9.430788,9.8567295,5.918665,8.809713,4.83673
6.1018596,4.671199,7.448565,11.548974,10.511332,10.777436,6.9007645,14.092379,6.179132,7.378427,6.6494226,9.879136,9.879136,10.567821,8.6316185,4.5104737,5.2188053,4.6208982,9.296812,4.412667,9.664812,10.418261,0.0,10.511332,5.05687,11.548974,10.511332,7.166738,8.018115,7.537656,4.4114757,9.093177,5.860172,8.90808,10.934526,11.510825,10.890887,10.511332,6.398298,5.8461986,6.773011,7.9026356,8.600456,9.736327,10.000022,8.91337,5.3362103,10.511332,7.542548,8.128934,7.7430487,7.6864696,10.567821,10.508045,8.513378,8.491391,8.773015,8.388728,11.4286585,11.16672,11.16672,5.2185316,10.727641,7.4234896,4.4435654,2.2413588,10.705162,5.538822,11.471902
10.632988,8.933362,12.426103,4.067961,0.0,6.826409,10.48219,12.7960615,10.572417,9.995252,9.5598955,8.213135,8.213135,3.3597662,6.522945,9.3786335,9.084067,11.088106,6.335032,10.0226,4.0677986,6.095871,10.511332,0.0,10.19004,4.067961,0.0,11.170295,8.527276,10.915315,9.616786,13.496515,9.2646675,11.185205,5.9200363,9.993821,5.7876906,0.0,9.482696,10.068184,10.837329,12.107428,12.533401,6.602875,4.9679565,6.699352,9.655297,0.0,11.453389,10.41106,10.381859,10.616723,3.3597662,5.4741163,10.9923315,11.507492,11.541936,12.188576,8.363477,8.554913,8.554913,8.725764,5.271932,11.491793,9.628417,10.037886,1.5437596,8.063386,6.8464065
6.862197,5.792258,6.9234357,11.034825,10.19004,10.496457,6.502494,14.009885,6.3238726,8.540647,6.3597674,10.000336,10.000336,10.345849,9.228908,2.518179,6.316305,6.2336802,9.556417,5.2816253,9.830225,10.603813,5.05687,10.19004,0.0,11.034825,10.19004,6.993683,5.9131083,8.92775,4.5032105,9.494031,5.8682423,8.587188,11.169135,12.238157,10.91817,10.19004,7.3707743,7.348509,8.107452,8.455295,9.338713,10.281114,10.131478,9.419175,6.097919,10.19004,7.750187,9.5520525,6.806494,9.106279,10.345849,10.629009,9.299165,8.873547,9.331625,8.332925,11.219374,11.901866,11.901866,5.885659,10.781421,7.279669,6.127238,5.4283643,10.318055,4.6508417,11.302438
10.956582,10.286937,13.351858,0.0,4.067961,6.6039324,10.992076,11.345234,11.354095,11.102128,11.016993,9.242114,9.242114,3.38098,8.58585,10.469857,10.157172,11.83394,8.73737,11.097735,5.104984,6.2276344,11.548974,4.067961,11.034825,0.0,4.067961,12.422994,9.122745,11.843182,10.80344,14.307056,10.348238,12.6553135,6.104722,11.489503,5.4078903,4.067961,10.060486,10.75574,11.727047,13.051641,13.553882,6.5304666,5.9214487,8.877405,10.615416,4.067961,12.668061,11.319461,10.563228,11.529257,3.38098,6.902341,12.383771,12.664206,12.77891,13.230457,8.9614105,10.679421,10.679421,9.833216,6.706844,12.679307,10.374967,11.049694,3.5277402,9.427282,5.538901
10.632988,8.933362,12.426103,4.067961,0.0,6.826409,10.48219,12.7960615,10.572417,9.995252,9.5598955,8.213135,8.213135,3.3597662,6.522945,9.3786335,9.084067,11.088106,6.335032,10.0226,4.0677986,6.095871,10.511332,0.0,10.19004,4.067961,0.0,11.170295,8.527276,10.915315,9.616786,13.496515,9.2646675,11.185205,5.9200363,9.993821,5.7876906,0.0,9.482696,10.068184,10.837329,12.107428,12.533401,6.602875,4.9679565,6.699352,9.655297,0.0,11.453389,10.41106,10.381859,10.616723,3.3597662,5.4741163,10.9923315,11.507492,11.541936,12.188576,8.363477,8.554913,8.554913,8.725764,5.271932,11.491793,9.628417,10.037886,1.5437596,8.063386,6.8464065
8.602811,6.5306745,3.95315,12.422994,11.170295,12.0887785,8.66621,15.650053,7.3364725,7.5514164,6.535049,10.262431,10.262431,11.81007,9.585394,6.3021946,6.921372,7.8413696,9.826919,6.612647,11.308734,11.446984,7.166738,11.170295,6.993683,12.422994,11.170295,0.0,9.553179,7.7155266,5.932431,6.895447,7.039932,7.8264103,11.4452915,11.619196,12.118234,11.170295,8.526239,8.008695,6.790414,4.830257,5.27737,11.291799,11.222394,9.612367,6.8863444,11.170295,3.5454917,8.865739,9.175592,8.33984,11.81007,10.914126,5.0606675,4.8252244,5.1604934,4.7414703,11.455153,10.181935,10.181935,6.5845966,11.092273,2.8926275,7.735269,7.0586476,11.3572035,6.6178937,12.814656
8.254655,8.323321,10.021183,9.122745,8.527276,8.368486,6.8282123,12.83989,7.8117704,10.00941,8.150654,9.604544,9.604544,8.326808,9.916545,6.226548,8.000651,9.389245,10.090026,8.2903,8.344903,9.138098,8.018115,8.527276,5.9131083,9.122745,8.527276,9.553179,0.0,10.702322,7.3479147,11.948991,6.803627,9.805119,9.818915,12.729219,8.912002,8.527276,8.557274,8.918124,9.890298,10.725256,11.691653,8.936078,8.447218,10.271915,7.9391932,8.527276,10.183037,10.818748,6.7638216,10.574961,8.326808,10.027183,11.148025,10.896123,11.343321,10.578311,10.675756,12.12254,12.12254,7.5343676,10.049436,10.054669,7.5205555,8.085176,8.546887,6.3079557,9.238804
7.53366,6.4196663,8.594251,11.843182,10.915315,11.647529,9.837763,14.204402,6.9754577,4.200838,6.909793,8.806829,8.806829,11.516759,9.496238,8.145245,6.907717,6.2085333,10.015896,6.0309215,10.655996,10.14932,7.537656,10.915315,8.92775,11.843182,10.915315,7.7155266,10.702322,0.0,6.8552327,7.9868813,7.1281247,9.431852,10.307642,9.350251,11.427417,10.915315,6.985936,6.1783705,4.9605,6.7096653,6.6958027,9.907401,10.492853,9.667511,7.084373,10.915315,7.273655,5.0709963,10.316861,4.333993,11.516759,9.278726,6.2556825,7.242009,6.4343224,7.775306,11.603903,9.208778,9.208778,6.3724194,9.713193,8.405485,7.518775,7.4270287,11.173132,8.275782,11.936499
6.0672336,3.8637154,6.2703533,10.80344,9.616786,10.383779,6.5810122,14.230079,4.681953,6.775233,5.5898676,8.91128,8.91128,10.027673,8.567073,4.195465,4.949603,5.312104,8.709569,3.0032432,9.346124,10.084761,4.4114757,9.616786,4.5032105,10.80344,9.616786,5.932431,7.3479147,6.8552327,0.0,8.278819,4.0521636,7.5783854,10.067187,10.627642,10.771168,9.616786,6.530469,5.9873347,6.191357,7.061298,8.184609,9.780371,9.914559,8.626562,4.917188,9.616786,6.1729503,7.9656944,7.2321005,7.5678186,10.027673,9.441232,7.5994115,7.173742,7.622829,6.815302,10.697594,10.278375,10.278375,4.5402603,9.67668,6.3769755,5.0777802,4.2752137,9.861554,4.6960607,11.247117
9.372719,9.099661,6.9175234,14.307056,13.496515,13.93037,10.251429,16.842497,8.528366,8.076949,8.771108,11.0443535,11.0443535,13.8864565,12.282418,9.084969,8.983235,9.002813,12.534189,8.420631,13.256455,13.181755,9.093177,13.496515,9.494031,14.307056,13.496515,6.895447,11.948991,7.9868813,8.278819,0.0,8.87786,9.066218,13.086953,11.5054655,14.1174135,13.496515,9.778856,9.124813,7.623707,6.3681545,6.8734183,12.905971,13.311016,12.247345,8.762493,13.496515,6.9215875,9.050395,10.802361,8.566084,13.8864565,12.52239,7.083426,6.6632156,6.646369,6.2079477,12.720576,11.898073,11.898073,8.670362,12.733381,7.2004848,9.586747,9.2797575,13.633173,9.73293,14.571646
5.311411,5.4136214,7.501664,10.348238,9.2646675,9.931598,5.960498,13.653717,2.9065187,6.24069,6.7336183,7.9953575,7.9953575,9.629583,9.505654,5.6167636,5.613391,6.4652085,9.72958,5.014192,8.967968,9.500121,5.860172,9.2646675,5.8682423,10.348238,9.2646675,7.039932,6.803627,7.1281247,4.0521636,8.87786,0.0,8.288158,9.662445,10.874412,10.22928,9.2646675,5.6113305,5.3534403,6.2257404,7.819685,8.657081,9.093541,9.349433,9.675551,5.388979,9.2646675,7.299449,7.304888,6.6995206,6.9990506,9.629583,9.204079,8.23897,8.027136,8.293006,7.8051643,10.630331,10.709767,10.709767,3.8567383,9.461387,7.643804,4.69404,5.7508583,9.459226,6.0850983,10.702187
10.02474,8.332284,8.969025,12.6553135,11.185205,12.079187,8.942228,16.171719,8.984362,8.534692,6.397043,8.103697,8.103697,11.726889,10.4603,7.7402096,8.931581,9.8571825,10.168448,8.575365,11.215123,11.223669,8.90808,11.185205,8.587188,12.6553135,11.185205,7.8264103,9.805119,9.431852,7.5783854,9.066218,8.288158,0.0,10.930275,10.013654,12.570646,11.185205,10.369858,9.845323,8.914508,8.515095,9.340346,11.211796,11.622788,10.316353,9.061422,11.185205,7.8268886,10.211819,9.593687,9.466164,11.726889,10.3486395,8.161703,7.9094133,8.171859,8.06553,11.572518,10.007505,10.007505,8.313864,10.425976,8.581394,9.292338,8.812558,11.490388,7.7162504,13.1085
10.676283,9.688291,12.757275,6.104722,5.9200363,7.814062,10.409895,12.32875,10.630367,9.423046,9.453717,7.6958666,7.6958666,5.9710965,8.614397,10.263214,9.630507,11.556517,8.521484,10.524878,6.2336383,5.883176,10.934526,5.9200363,11.169135,6.104722,5.9200363,11.4452915,9.818915,10.307642,10.067187,13.086953,9.662445,10.930275,0.0,9.437838,7.9092298,5.9200363,10.091017,10.405879,10.360217,11.671966,12.265775,6.0566697,7.435573,8.798806,10.05726,5.9200363,11.478968,10.086769,10.33328,10.057206,5.9710965,4.677456,10.801787,11.174295,11.225409,11.757963,9.133394,8.5469475,8.5469475,9.255405,4.788609,12.0183325,10.1085,10.447316,6.133343,9.216675,8.241401
11.463744,10.095911,12.783582,11.489503,9.993821,11.810264,12.57264,15.296032,11.144518,8.397373,9.672486,7.400015,7.400015,10.978088,9.454133,11.20322,10.695713,11.149625,9.30704,10.409905,10.177124,10.21218,11.510825,9.993821,12.238157,11.489503,9.993821,11.619196,12.729219,9.350251,10.627642,11.5054655,10.874412,10.013654,9.437838,0.0,11.865643,9.993821,10.393213,10.723005,10.664169,11.332559,11.653706,10.347236,10.796709,9.300662,11.165498,9.993821,11.557952,8.521538,12.829844,8.691982,10.978088,7.7638245,10.020357,10.77937,10.381121,11.622285,11.394262,8.154261,8.154261,10.158444,8.1773205,12.118855,11.370999,11.262829,10.49662,10.358668,12.398282
10.462849,9.653468,13.138732,5.4078903,5.7876906,6.550981,10.863537,10.620762,11.446383,10.77604,10.965421,9.386757,9.386757,5.659921,8.097214,10.2728615,9.707679,11.384304,8.677618,10.944203,5.501639,4.586698,10.890887,5.7876906,10.91817,5.4078903,5.7876906,12.118234,8.912002,11.427417,10.771168,14.1174135,10.22928,12.570646,7.9092298,11.865643,0.0,5.7876906,9.333121,9.99145,11.307654,12.81371,13.007705,5.04397,3.2354312,8.675076,10.218844,5.7876906,12.292778,10.793369,10.537305,11.121792,5.659921,8.060597,12.050528,12.567569,12.547296,13.375082,9.55995,10.735573,10.735573,9.398354,7.7963867,12.392164,9.7866535,10.390191,5.1419096,9.164487,2.6185646
10.632988,8.933362,12.426103,4.067961,0.0,6.826409,10.48219,12.7960615,10.572417,9.995252,9.5598955,8.213135,8.213135,3.3597662,6.522945,9.3786335,9.084067,11.088106,6.335032,10.0226,4.0677986,6.095871,10.511332,0.0,10.19004,4.067961,0.0,11.170295,8.527276,10.915315,9.616786,13.496515,9.2646675,11.185205,5.9200363,9.993821,5.7876906,0.0,9.482696,10.068184,10.837329,12.107428,12.533401,6.602875,4.9679565,6.699352,9.655297,0.0,11.453389,10.41106,10.381859,10.616723,3.3597662,5.4741163,10.9923315,11.507492,11.541936,12.188576,8.363477,8.554913,8.554913,8.725764,5.271932,11.491793,9.628417,10.037886,1.5437596,8.063386,6.8464065
4.7015,5.605078,9.100283,10.060486,9.482696,9.749711,8.092387,12.35543,5.8170104,6.1252337,8.485821,8.1744375,8.1744375,9.744978,8.999957,7.052301,6.2056723,5.233053,9.690359,5.4293327,8.797661,9.093104,6.398298,9.482696,7.3707743,10.060486,9.482696,8.526239,8.557274,6.985936,6.530469,9.778856,5.6113305,10.369858,10.091017,10.393213,9.333121,9.482696,0.0,3.5418212,7.2767067,9.116288,9.365702,8.47092,8.552663,9.317553,6.3696604,9.482696,9.05744,5.07068,8.484258,5.864475,9.744978,9.230209,8.954197,9.307343,9.236486,9.682976,10.811552,11.013935,11.013935,4.501277,9.69714,9.035926,5.3080373,6.313559,9.530145,7.31295,9.865696
4.3967195,5.0294824,8.397025,10.75574,10.068184,10.337062,7.883739,12.864213,5.4777565,5.7504377,7.958236,8.5434675,8.5434675,10.353634,9.320142,6.894984,5.726201,4.4795012,9.960639,5.012956,9.298342,9.483319,5.8461986,10.068184,7.348509,10.75574,10.068184,8.008695,8.918124,6.1783705,5.9873347,9.124813,5.3534403,9.845323,10.405879,10.723005,9.99145,10.068184,3.5418212,0.0,6.365588,8.304076,8.514722,8.8815775,9.26824,9.65505,5.9204807,10.068184,8.303283,5.7037683,8.502639,5.560864,10.353634,9.488222,8.171279,8.60948,8.489525,9.00514,11.3712635,10.945854,10.945854,4.0177865,9.869997,8.359526,4.0900116,5.5768943,10.165835,7.1970325,10.495922
6.970935,6.554054,7.5001626,11.727047,10.837329,11.419305,8.514585,14.140538,6.3372054,5.911906,6.632631,9.35409,9.35409,11.0935545,9.86125,7.347471,4.891694,6.828083,10.271185,6.218071,10.44543,10.240259,6.773011,10.837329,8.107452,11.727047,10.837329,6.790414,9.890298,4.9605,6.191357,7.623707,6.2257404,8.914508,10.360217,10.664169,11.307654,10.837329,7.2767067,6.365588,0.0,6.0739865,6.755379,9.800835,10.614929,10.003491,4.7546754,10.837329,6.4578404,6.856247,9.163443,6.347186,11.0935545,9.884441,6.5811677,6.5776525,6.437758,6.911523,11.087643,9.996799,9.996799,6.23974,10.106093,7.48569,6.5364175,6.672706,11.011308,7.65587,11.789969
8.761094,7.7056537,5.1401844,13.051641,12.107428,12.953409,9.292284,15.907372,7.7994976,7.410265,7.157624,10.656191,10.656191,12.584218,10.714878,7.6944942,7.8225803,8.219677,11.07097,7.310886,11.959422,11.773225,7.9026356,12.107428,8.455295,13.051641,12.107428,4.830257,10.725256,6.7096653,7.061298,6.3681545,7.819685,8.515095,11.671966,11.332559,12.81371,12.107428,9.116288,8.304076,6.0739865,0.0,4.042333,11.651166,11.998471,10.7401085,7.711362,12.107428,4.398127,8.656717,9.777042,8.032077,12.584218,11.119782,5.251492,4.199191,4.9284534,4.4835153,11.881196,10.579014,10.579014,7.5239153,11.3189945,5.1193113,8.078675,7.8296576,12.32396,8.107254,13.348659
9.634296,7.9490614,6.22471,13.553882,12.533401,13.357459,10.448646,16.213417,8.7040415,7.4472404,8.0199175,10.74863,10.74863,13.17894,10.716685,8.492766,8.51076,8.516569,11.215476,8.128463,12.456046,11.983341,8.600456,12.533401,9.338713,13.553882,12.533401,5.27737,11.691653,6.6958027,8.184609,6.8734183,8.657081,9.340346,12.265775,11.653706,13.007705,12.533401,9.365702,8.514722,6.755379,4.042333,0.0,11.936984,12.134872,10.776198,8.49175,12.533401,5.0022445,8.655825,10.85777,7.9225793,13.17894,11.571066,4.438982,5.4965525,5.001234,6.347689,12.193667,10.727944,10.727944,8.059384,11.784622,5.104845,8.9907055,8.561093,12.709535,8.916385,13.592934
9.204656,8.776954,12.453202,6.5304666,6.602875,6.3523145,9.499199,9.240094,10.135582,8.99415,9.607767,7.6359534,7.6359534,6.0187573,8.227911,9.497535,8.711176,10.285524,8.664298,9.964222,5.315882,2.8988037,9.736327,6.602875,10.281114,6.5304666,6.602875,11.291799,8.936078,9.907401,9.780371,12.905971,9.093541,11.211796,6.0566697,10.347236,5.04397,6.602875,8.47092,8.8815775,9.800835,11.651166,11.936984,0.0,5.1141686,8.709021,9.116799,6.602875,11.384437,9.247167,9.355223,9.371494,6.0187573,6.6647143,10.847882,11.372025,11.325046,12.172747,9.32622,9.727294,9.727294,8.363336,6.521243,11.793283,8.680504,9.285278,6.3923244,8.664892,5.42285
9.933585,8.72417,12.366059,5.9214487,4.9679565,6.6007743,10.397201,11.696905,10.587298,9.6841955,9.727899,8.450601,8.450601,5.635602,6.5562434,9.285907,9.02332,10.523463,7.3229327,10.042809,5.074781,4.7486753,10.000022,4.9679565,10.131478,5.9214487,4.9679565,11.222394,8.447218,10.492853,9.914559,13.311016,9.349433,11.622788,7.435573,10.796709,3.2354312,4.9679565,8.552663,9.26824,10.614929,11.998471,12.134872,5.1141686,0.0,7.217989,9.579199,4.9679565,11.50809,9.749666,10.247607,10.075237,5.635602,7.082573,11.0011,11.66056,11.6137085,12.56958,9.118327,9.329492,9.329492,8.521438,6.963318,11.56088,9.138666,9.618139,4.869855,8.039297,5.1472783
10.965556,7.0451803,10.958126,8.877405,6.699352,9.490366,11.305442,14.545437,10.705332,9.156926,8.108204,9.392598,9.392598,8.044646,1.6306788,8.1552725,8.255598,9.451504,2.1282246,8.663533,7.026412,8.395482,8.91337,6.699352,9.419175,8.877405,6.699352,9.612367,10.271915,9.667511,8.626562,12.247345,9.675551,10.316353,8.798806,9.300662,8.675076,6.699352,9.317553,9.65505,10.003491,10.7401085,10.776198,8.709021,7.217989,0.0,9.127357,6.699352,9.808977,9.586426,11.475718,9.665754,8.044646,7.1202993,9.15893,10.092137,9.916404,11.115831,9.125597,6.875561,6.875561,8.425959,7.17762,9.644317,9.490108,8.475301,7.345635,6.7219267,9.747365
5.9629726,5.6701055,7.3122663,10.615416,9.655297,9.820464,6.957213,13.425356,6.0830145,7.180184,6.7124496,9.319392,9.319392,9.719039,8.934518,5.633255,1.7589898,6.0474725,9.299329,5.2989993,9.046932,9.722585,5.3362103,9.655297,6.097919,10.615416,9.655297,6.8863444,7.9391932,7.084373,4.917188,8.762493,5.388979,9.061422,10.05726,11.165498,10.218844,9.655297,6.3696604,5.9204807,4.7546754,7.711362,8.49175,9.116799,9.579199,9.127357,0.0,9.655297,7.1454153,7.9420877,7.5167227,7.67446,9.719039,9.664215,8.02048,7.8632593,8.035839,7.963101,10.380576,10.780245,10.780245,5.334217,9.830606,7.3521523,5.083497,5.4873834,9.767396,5.948856,10.711985
10.632988,8.933362,12.426103,4.067961,0.0,6.826409,10.48219,12.7960615,10.572417,9.995252,9.5598955,8.213135,8.213135,3.3597662,6.522945,9.3786335,9.084067,11.088106,6.335032,10.0226,4.0677986,6.095871,10.511332,0.0,10.19004,4.067961,0.0,11.170295,8.527276,10.915315,9.616786,13.496515,9.2646675,11.185205,5.9200363,9.993821,5.7876906,0.0,9.482696,10.068184,10.837329,12.107428,12.533401,6.602875,4.9679565,6.699352,9.655297,0.0,11.453389,10.41106,10.381859,10.616723,3.3597662,5.4741163,10.9923315,11.507492,11.541936,12.188576,8.363477,8.554913,8.554913,8.725764,5.271932,11.491793,9.628417,10.037886,1.5437596,8.063386,6.8464065
9.012845,6.5520897,4.829093,12.668061,11.453389,12.327676,9.072934,15.956645,7.774573,7.4190516,6.8608866,10.335317,10.335317,12.068597,9.832511,6.9962063,7.185462,8.151498,9.96879,6.9720516,11.455951,11.452411,7.542548,11.453389,7.750187,12.668061,11.453389,3.5454917,10.183037,7.273655,6.1729503,6.9215875,7.299449,7.8268886,11.478968,11.557952,12.292778,11.453389,9.05744,8.303283,6.4578404,4.398127,5.0022445,11.384437,11.50809,9.808977,7.1454153,11.453389,0.0,9.002859,9.585018,8.330314,12.068597,10.914245,5.156378,4.9534097,5.030146,5.052486,11.477397,10.172814,10.172814,6.861581,11.0715065,3.96075,8.023997,7.3064704,11.621493,7.303091,12.912654
6.9501595,7.003126,9.9099655,11.319461,10.41106,11.243246,10.192762,13.596977,7.1654205,3.8127708,8.2627,7.8414245,7.8414245,10.981286,9.4250145,8.865766,7.6461797,6.8881516,9.923078,6.949494,10.015634,9.6422205,8.128934,10.41106,9.5520525,11.319461,10.41106,8.865739,10.818748,5.0709963,7.9656944,9.050395,7.304888,10.211819,10.086769,8.521538,10.793369,10.41106,5.07068,5.7037683,6.856247,8.656717,8.655825,9.247167,9.749666,9.586426,7.9420877,10.41106,9.002859,0.0,10.644083,3.1042476,10.981286,8.811049,7.7754407,8.702425,8.050944,9.258898,11.364697,9.298869,9.298869,6.333916,9.402413,9.660075,7.6705685,7.9884224,10.644423,8.873453,11.424241
7.126879,8.198122,9.311291,10.563228,10.381859,8.88085,2.4335842,12.99028,7.469027,9.363998,8.938756,9.74346,9.74346,9.736662,11.242191,6.988971,7.9854445,8.960656,11.46701,8.023115,9.433211,9.80624,7.7430487,10.381859,6.806494,10.563228,10.381859,9.175592,6.7638216,10.316861,7.2321005,10.802361,6.6995206,9.593687,10.33328,12.829844,10.537305,10.381859,8.484258,8.502639,9.163443,9.777042,10.85777,9.355223,10.247607,11.475718,7.5167227,10.381859,9.585018,10.644083,0.0,10.036706,9.736662,10.727062,10.757273,10.231031,10.843318,9.895451,11.258071,12.7945,12.7945,6.8659334,10.653643,9.577982,6.799849,7.5260043,10.268433,7.461192,10.406686
7.0081563,6.630342,9.350657,11.529257,10.616723,11.330462,9.517246,13.839758,6.864655,1.8733084,7.4192343,7.8957367,7.8957367,11.150595,9.539307,8.329075,7.4666376,6.54756,10.008745,6.6394615,10.163986,9.758278,7.6864696,10.616723,9.106279,11.529257,10.616723,8.33984,10.574961,4.333993,7.5678186,8.566084,6.9990506,9.466164,10.057206,8.691982,11.121792,10.616723,5.864475,5.560864,6.347186,8.032077,7.9225793,9.371494,10.075237,9.665754,7.67446,10.616723,8.330314,3.1042476,10.036706,0.0,11.150595,8.738696,6.984981,8.067347,7.3235226,8.647564,11.662037,9.072684,9.072684,5.6508803,9.301078,9.09482,7.2426496,7.5393796,10.867257,8.561036,11.686199
10.52046,9.605012,12.946476,3.38098,3.3597662,5.684105,10.028679,11.731799,10.80803,10.613124,10.179938,8.666135,8.666135,0.0,7.789695,9.671674,9.265358,11.3907795,7.786521,10.547459,3.4154058,6.102704,10.567821,3.3597662,10.345849,3.38098,3.3597662,11.81007,8.326808,11.516759,10.027673,13.8864565,9.629583,11.726889,5.9710965,10.978088,5.659921,3.3597662,9.744978,10.353634,11.0935545,12.584218,13.17894,6.0187573,5.635602,8.044646,9.719039,3.3597662,12.068597,10.981286,9.736662,11.150595,0.0,6.7290063,11.838458,12.178099,12.30794,12.736863,8.526744,9.999543,9.999543,9.166863,6.470934,12.134766,9.515976,10.099544,3.1247072,8.537525,6.0860767
10.320082,8.551552,12.210268,6.902341,5.4741163,8.40479,10.726939,12.957726,10.208039,8.151835,8.66193,6.982876,6.982876,6.7290063,7.158472,9.669767,9.114707,10.560256,6.8174906,9.558322,5.924997,6.0784273,10.508045,5.4741163,10.629009,6.902341,5.4741163,10.914126,10.027183,9.278726,9.441232,12.52239,9.204079,10.3486395,4.677456,7.7638245,8.060597,5.4741163,9.230209,9.488222,9.884441,11.119782,11.571066,6.6647143,7.082573,7.1202993,9.664215,5.4741163,10.914245,8.811049,10.727062,8.738696,6.7290063,0.0,9.818038,10.464433,10.346777,11.31695,8.9747095,6.8995075,6.8995075,8.439859,1.7153732,11.410986,9.678217,9.975832,6.0581613,8.548614,8.650605
9.523235,7.180637,6.785152,12.383771,10.9923315,12.279727,10.280891,15.702877,8.644419,6.2989793,6.407297,9.5388565,9.5388565,11.838458,9.217752,8.178731,7.8186207,8.46969,9.483787,7.7140565,11.068172,10.818343,8.513378,10.9923315,9.299165,12.383771,10.9923315,5.0606675,11.148025,6.2556825,7.5994115,7.083426,8.23897,8.161703,10.801787,10.020357,12.050528,10.9923315,8.954197,8.171279,6.5811677,5.251492,4.438982,10.847882,11.0011,9.15893,8.02048,10.9923315,5.156378,7.7754407,10.757273,6.984981,11.838458,9.818038,0.0,3.806396,2.5686276,5.3870053,11.231761,8.173112,8.173112,7.3966656,10.015937,5.3792048,8.773765,8.290476,11.297655,8.17972,12.749972
9.224824,7.706174,5.620975,12.664206,11.507492,12.5570545,9.668317,15.89348,8.363781,7.291044,6.366339,10.303826,10.303826,12.178099,10.172426,7.949057,7.844549,8.785597,10.378945,7.6342235,11.562221,11.448643,8.491391,11.507492,8.873547,12.664206,11.507492,4.8252244,10.896123,7.242009,7.173742,6.6632156,8.027136,7.9094133,11.174295,10.77937,12.567569,11.507492,9.307343,8.60948,6.5776525,4.199191,5.4965525,11.372025,11.66056,10.092137,7.8632593,11.507492,4.9534097,8.702425,10.231031,8.067347,12.178099,10.464433,3.806396,0.0,3.0315835,3.5055156,11.2190695,9.26907,9.26907,7.6212893,10.621686,5.3781343,8.626736,8.265959,11.765794,8.074779,13.174246
9.550365,7.6551027,6.332659,12.77891,11.541936,12.6857605,10.333542,16.001654,8.600431,6.614953,6.5881686,9.943582,9.943582,12.30794,9.981004,8.375757,7.9251533,8.735068,10.17583,7.831329,11.6227865,11.341335,8.773015,11.541936,9.331625,12.77891,11.541936,5.1604934,11.343321,6.4343224,7.622829,6.646369,8.293006,8.171859,11.225409,10.381121,12.547296,11.541936,9.236486,8.489525,6.437758,4.9284534,5.001234,11.325046,11.6137085,9.916404,8.035839,11.541936,5.030146,8.050944,10.843318,7.3235226,12.30794,10.346777,2.5686276,3.0315835,0.0,4.6945906,11.484927,8.894539,8.894539,7.7007747,10.539698,5.7722425,8.997586,8.582443,11.806478,8.507103,13.198257
9.073459,8.153509,5.25628,13.230457,12.188576,13.167692,9.2632885,16.167875,7.8483973,7.8551726,6.646205,11.016839,11.016839,12.736863,11.202262,7.7974553,8.174414,8.854299,11.299474,7.519767,12.358441,12.318787,8.388728,12.188576,8.332925,13.230457,12.188576,4.7414703,10.578311,7.775306,6.815302,6.2079477,7.8051643,8.06553,11.757963,11.622285,13.375082,12.188576,9.682976,9.00514,6.911523,4.4835153,6.347689,12.172747,12.56958,11.115831,7.963101,12.188576,5.052486,9.258898,9.895451,8.647564,12.736863,11.31695,5.3870053,3.5055156,4.6945906,0.0,12.00685,10.454286,10.454286,7.870644,11.512979,5.538274,8.789646,8.360527,12.404531,8.312788,13.872286
11.500629,10.419148,12.2690115,8.9614105,8.363477,9.283087,11.254117,13.856178,11.688511,11.055384,10.442529,9.678863,9.678863,8.526744,9.158317,10.486184,10.026054,12.074814,9.362688,11.231705,8.441074,9.148952,11.4286585,8.363477,11.219374,8.9614105,8.363477,11.455153,10.675756,11.603903,10.697594,12.720576,10.630331,11.572518,9.133394,11.394262,9.55995,8.363477,10.811552,11.3712635,11.087643,11.881196,12.193667,9.32622,9.118327,9.125597,10.380576,8.363477,11.477397,11.364697,11.258071,11.662037,8.526744,8.9747095,11.231761,11.2190695,11.484927,12.00685,0.0,10.552101,10.552101,10.196588,8.944087,11.5281515,10.961768,11.130865,8.323535,9.699857,9.960893
12.201108,9.396163,11.942526,10.679421,8.554913,11.080653,12.524137,15.723399,11.549853,8.367975,8.037762,9.355689,9.355689,9.999543,7.0887785,10.613508,10.141234,11.568977,6.7506523,10.450062,9.252074,9.295688,11.16672,8.554913,11.901866,10.679421,8.554913,10.181935,12.12254,9.208778,10.278375,11.898073,10.709767,10.007505,8.5469475,8.154261,10.735573,8.554913,11.013935,10.945854,9.996799,10.579014,10.727944,9.727294,9.329492,6.875561,10.780245,8.554913,10.172814,9.298869,12.7945,9.072684,9.999543,6.8995075,8.173112,9.26907,8.894539,10.454286,10.552101,0.0,0.0,9.795845,7.0674515,10.784566,11.328835,10.779155,9.216323,9.454796,11.744483
12.201108,9.396163,11.942526,10.679421,8.554913,11.080653,12.524137,15.723399,11.549853,8.367975,8.037762,9.355689,9.355689,9.999543,7.0887785,10.613508,10.141234,11.568977,6.7506523,10.450062,9.252074,9.295688,11.16672,8.554913,11.901866,10.679421,8.554913,10.181935,12.12254,9.208778,10.278375,11.898073,10.709767,10.007505,8.5469475,8.154261,10.735573,8.554913,11.013935,10.945854,9.996799,10.579014,10.727944,9.727294,9.329492,6.875561,10.780245,8.554913,10.172814,9.298869,12.7945,9.072684,9.999543,6.8995075,8.173112,9.26907,8.894539,10.454286,10.552101,0.0,0.0,9.795845,7.0674515,10.784566,11.328835,10.779155,9.216323,9.454796,11.744483
