0,1,2,3,4,5,6,7,8,9,10,11,12,13,14,15,16,17,18,19,20,21,22,23,24,25,26,27,28,29,30,31,32,33,34,35,36,37,38,39,40,41,42,43,44,45,46,47,48,49,50,51,52,53,54,55,56,57,58,59,60,61,62,63,64,65,66,67,68
0.0,0.011290062218904495,0.006665376015007496,0.005892615299671888,0.004011100623756647,0.00465587992221117,0.008427238091826439,0.005305961240082979,0.007813016884028912,0.005567276384681463,0.0073314327746629715,0.005418740212917328,0.004169791471213102,0.004284350201487541,0.002474302425980568,0.013198209926486015,0.0068886540830135345,0.006455130409449339,0.017545783892273903,0.005109555087983608,0.004083821550011635,0.00739710871130228,0.005540812853723764,0.007427887059748173,0.0041158548556268215,0.006118251010775566,0.0051565393805503845,0.013940783217549324,0.004984710831195116,0.01878499984741211,0.028295736759901047,0.006521032191812992,0.018122360110282898,0.05869031324982643,0.009398946538567543,0.009222173132002354,0.009347576647996902,0.010717492550611496,0.010083867236971855,0.0066498382948338985,0.003938010893762112,0.0029934910126030445,0.004085235297679901,0.006246066186577082,0.005207158159464598,0.002719689393416047,0.008923021145164967,0.008126737549901009,0.0036945135798305273,0.005540373735129833,0.008284417912364006,0.005539768375456333,0.008364265784621239,0.0035997447557747364,0.005769773386418819,0.004258396103978157,0.008103085681796074,0.003973356448113918,0.005312209948897362,0.004527909681200981,0.005285751074552536,0.011313749477267265,0.00892062671482563,0.008703209459781647,0.008901312947273254,0.005977185443043709,0.0048658777959644794,0.005082034505903721,0.05374322086572647
0.011290062218904495,0.0,0.012121083214879036,0.007388303987681866,0.01238363515585661,0.013136673718690872,0.01902526244521141,0.009033849462866783,0.005904035177081823,0.009911183267831802,0.015271473675966263,0.015157303772866726,0.013915757648646832,0.01464422419667244,0.010618448257446289,0.005318320356309414,0.012283342890441418,0.014092217199504375,0.018416717648506165,0.01622813753783703,0.013132864609360695,0.0069006988778710365,0.010148175060749054,0.004621987231075764,0.012545796111226082,0.010588503442704678,0.013108920305967331,0.004806709475815296,0.014495119452476501,0.020399082452058792,0.030862441286444664,0.013563024811446667,0.02053159847855568,0.06180236488580704,0.014302698895335197,0.013109096325933933,0.01436347234994173,0.006547287106513977,0.007147009950131178,0.014275510795414448,0.011118910275399685,0.010538529604673386,0.013005951419472694,0.016159536316990852,0.015110261738300323,0.011333528906106949,0.013452461920678616,0.012046350166201591,0.012322312220931053,0.011907532811164856,0.015443289652466774,0.007937105372548103,0.009063305333256721,0.013465868309140205,0.011363957077264786,0.011922603473067284,0.010073565877974033,0.010688995942473412,0.012672650627791882,0.011496685445308685,0.015662871301174164,0.006356553174555302,0.01290271244943142,0.005807816982269287,0.010185826569795609,0.011081816628575325,0.016155313700437546,0.016968144103884697,0.059823185205459595
0.006665376015007496,0.012121083214879036,0.0,0.00442316522821784,0.00419376278296113,0.007798158098012209,0.009234404191374779,0.007168518379330635,0.009783104062080383,0.005284563638269901,0.00984913483262062,0.007925945334136486,0.008840173482894897,0.006776975467801094,0.005071749445050955,0.013764993287622929,0.009022042155265808,0.008693801239132881,0.020980380475521088,0.009865283966064453,0.002569176722317934,0.008834721520543098,0.006989716552197933,0.008502671495079994,0.0068776560947299,0.008135617710649967,0.00403987243771553,0.014621642418205738,0.005980200599879026,0.02103506028652191,0.028806917369365692,0.007114162668585777,0.014668866991996765,0.05981799215078354,0.00869019329547882,0.00663618091493845,0.006176616996526718,0.009892713278532028,0.00844644382596016,0.007221998646855354,0.007040295749902725,0.003750266507267952,0.0037718198727816343,0.009877892211079597,0.00786031037569046,0.005289555061608553,0.007282910868525505,0.007260855752974749,0.00330536300316453,0.0038403146900236607,0.0043321936391294,0.006553513929247856,0.005385995842516422,0.008453479036688805,0.008593563921749592,0.009158872067928314,0.009063519537448883,0.004748028237372637,0.0015185122611001134,0.004121528938412666,0.007943309843540192,0.011486581526696682,0.004590929485857487,0.008207821287214756,0.008731607347726822,0.010354199446737766,0.006952082272619009,0.0068195899948477745,0.05376196652650833
0.005892615299671888,0.007388303987681866,0.00442316522821784,0.0,0.00600418820977211,0.006507879123091698,0.01107591949403286,0.004644712433218956,0.007532763760536909,0.00414001289755106,0.009901998564600945,0.009022330865263939,0.008553480729460716,0.008795559406280518,0.004718272481113672,0.0105317123234272,0.01018829457461834,0.00850935373455286,0.016605261713266373,0.010094841942191124,0.0063715735450387,0.0047126892022788525,0.006776522845029831,0.005838368088006973,0.007424334995448589,0.006325993686914444,0.006990584544837475,0.010831831954419613,0.006651188246905804,0.017446739599108696,0.026554206386208534,0.0069851381704211235,0.017005885019898415,0.05721963942050934,0.009711118414998055,0.008385315537452698,0.006609662435948849,0.007015645503997803,0.006395189091563225,0.007280299440026283,0.005797878839075565,0.0035343030467629433,0.006257832050323486,0.009587748907506466,0.009866679087281227,0.004808444995433092,0.006490323692560196,0.005357178393751383,0.006047260016202927,0.005116094369441271,0.005668596364557743,0.004180099815130234,0.0028346460312604904,0.008403665386140347,0.007035764865577221,0.0064069111831486225,0.0064505646005272865,0.00406557135283947,0.00558156194165349,0.005170443095266819,0.008555909618735313,0.008790552616119385,0.006359684281051159,0.004930298775434494,0.005646699108183384,0.008734893053770065,0.00811670906841755,0.008613980375230312,0.05282463878393173
0.004011100623756647,0.01238363515585661,0.00419376278296113,0.00600418820977211,0.0,0.006567137781530619,0.007404474075883627,0.00848785974085331,0.00912123080343008,0.006258279085159302,0.00698806019499898,0.006708614528179169,0.0038544354028999805,0.00180254434235394,0.003730351570993662,0.01346805039793253,0.005427942145615816,0.006190041080117226,0.01935141161084175,0.005737080238759518,0.0014666423667222261,0.008187707513570786,0.00524312537163496,0.008245384320616722,0.004517069086432457,0.006140081211924553,0.003707870142534375,0.01556479837745428,0.003721194574609399,0.019555311650037766,0.028462707996368408,0.0054209306836128235,0.018347840756177902,0.05918093025684357,0.00910266675055027,0.008555196225643158,0.0073039899580180645,0.009861374273896217,0.00896785780787468,0.0071553755551576614,0.0027752667665481567,0.0036170869134366512,0.0007367213256657124,0.006275969557464123,0.0024515213444828987,0.0043983738869428635,0.007755663711577654,0.007549460977315903,0.0012023093877360225,0.002968280576169491,0.006527950521558523,0.006629664916545153,0.007097800262272358,0.0026875461917370558,0.005046403035521507,0.005861813668161631,0.0077791279181838036,0.0020995507948100567,0.0021315892226994038,0.001227476168423891,0.004589958116412163,0.012144813314080238,0.007727302610874176,0.009943710640072823,0.008787726052105427,0.005888473242521286,0.0033488275948911905,0.0037738336250185966,0.05482039228081703
0.00465587992221117,0.013136673718690872,0.007798158098012209,0.006507879123091698,0.006567137781530619,0.0,0.00761400256305933,0.0059030125848948956,0.009996635839343071,0.009313611313700676,0.007168615236878395,0.006458016578108072,0.00522574782371521,0.007719861809164286,0.005345277022570372,0.01391170546412468,0.01107632927596569,0.005674820858985186,0.0208290982991457,0.00594831258058548,0.007019194774329662,0.007906835526227951,0.007200101390480995,0.009372562170028687,0.0057827746495604515,0.006808655336499214,0.0068422057665884495,0.015763618052005768,0.0065118372440338135,0.02247915044426918,0.0312008298933506,0.006729350425302982,0.019376108422875404,0.06274277716875076,0.01197553239762783,0.009719789028167725,0.009768440388143063,0.011242648586630821,0.010907242074608803,0.005686599761247635,0.005669652484357357,0.004557626787573099,0.005777113139629364,0.006757222581654787,0.008852755650877953,0.005222632549703121,0.01106196641921997,0.010098060593008995,0.005660992581397295,0.006454150192439556,0.009065472520887852,0.005838663782924414,0.009814765304327011,0.00664114486426115,0.009183850139379501,0.002914108568802476,0.010312547907233238,0.0061958665028214455,0.006301750894635916,0.006152613554149866,0.004637986421585083,0.01160315703600645,0.01047632284462452,0.009011613205075264,0.009754221886396408,0.008208186365664005,0.006521736271679401,0.00656234472990036,0.05799081176519394
0.008427238091826439,0.01902526244521141,0.009234404191374779,0.01107591949403286,0.007404474075883627,0.00761400256305933,0.0,0.010329020209610462,0.016273491084575653,0.013603623025119305,0.006287197582423687,0.006002071779221296,0.006475580390542746,0.0066325003281235695,0.00801701657474041,0.020319344475865364,0.010649587959051132,0.004346820991486311,0.02377709001302719,0.00541277788579464,0.008471417240798473,0.014033186249434948,0.007451379671692848,0.01504252478480339,0.005640134215354919,0.007987279444932938,0.005695320200175047,0.022365117445588112,0.003332137130200863,0.025550048798322678,0.03428950905799866,0.011392548680305481,0.017031028866767883,0.062068480998277664,0.012514341622591019,0.008243506774306297,0.011968327686190605,0.014484146609902382,0.013567713089287281,0.005817180499434471,0.008984950371086597,0.008111882954835892,0.0065933349542319775,0.003811952657997608,0.007112137041985989,0.007978635840117931,0.013039295561611652,0.012461597099900246,0.006833659950643778,0.007640916388481855,0.007303684949874878,0.011428428813815117,0.01208275556564331,0.007572312839329243,0.015115778893232346,0.009252791292965412,0.013027206063270569,0.010007794946432114,0.00904347188770771,0.008471024222671986,0.004591715522110462,0.016133597120642662,0.01180257461965084,0.012884506955742836,0.016005612909793854,0.011423313990235329,0.0029944167472422123,0.002754474524408579,0.05404184013605118
0.005305961240082979,0.009033849462866783,0.007168518379330635,0.004644712433218956,0.00848785974085331,0.0059030125848948956,0.010329020209610462,0.0,0.00889616273343563,0.008026136085391045,0.008520446717739105,0.0077234674245119095,0.008408344350755215,0.009270969778299332,0.004846625495702028,0.012020127847790718,0.011380602605640888,0.008603816851973534,0.016967717558145523,0.009054746478796005,0.007764886599034071,0.004597456660121679,0.006218675523996353,0.007141160313040018,0.006806402932852507,0.005684794392436743,0.007290294859558344,0.01238885149359703,0.006938382983207703,0.019366219639778137,0.029389536008238792,0.00993395783007145,0.017344942316412926,0.05576546490192413,0.01065925695002079,0.00818074494600296,0.009049694985151291,0.006516030989587307,0.00657488452270627,0.0049592116847634315,0.007460593245923519,0.004836603999137878,0.007751096971333027,0.01015503704547882,0.010365668684244156,0.004442737903445959,0.010380607098340988,0.008663302287459373,0.006979451514780521,0.006356236524879932,0.00803513266146183,0.0018383227288722992,0.006664662156254053,0.008882824331521988,0.00921756774187088,0.005857923533767462,0.009145446121692657,0.0076057203114032745,0.00792362168431282,0.007908275350928307,0.007852218113839626,0.006767038255929947,0.008265269920229912,0.0051850746385753155,0.00866340659558773,0.009802959859371185,0.008405039086937904,0.008456422947347164,0.050147101283073425
0.007813016884028912,0.005904035177081823,0.009783104062080383,0.007532763760536909,0.00912123080343008,0.009996635839343071,0.016273491084575653,0.00889616273343563,0.0,0.00840766727924347,0.014755104668438435,0.010997461155056953,0.012124063447117805,0.01246615406125784,0.008642097935080528,0.004300682805478573,0.010119296610355377,0.011314941570162773,0.019244002178311348,0.014368765987455845,0.009373556822538376,0.007049390580505133,0.00950863491743803,0.0011059870012104511,0.009883280843496323,0.008631424978375435,0.009451405145227909,0.006612760946154594,0.01258755847811699,0.020680252462625504,0.030712075531482697,0.010238781571388245,0.01926785334944725,0.0641118511557579,0.011516962200403214,0.010860931128263474,0.012891054153442383,0.008124230429530144,0.00794986728578806,0.013703932985663414,0.008812475949525833,0.0077764978632330894,0.009909511543810368,0.01339723076671362,0.012946405448019505,0.0091858496889472,0.012380796484649181,0.011858105659484863,0.009303323924541473,0.009082349948585033,0.014074668288230896,0.006726665887981653,0.01098681427538395,0.011467644944787025,0.00890854001045227,0.010438859462738037,0.008950360119342804,0.006908764131367207,0.008635046891868114,0.00839682761579752,0.01373736560344696,0.00740870600566268,0.01198648102581501,0.007777541875839233,0.010634925216436386,0.010063919238746166,0.013431349769234657,0.014029016718268394,0.061078984290361404
0.005567276384681463,0.009911183267831802,0.005284563638269901,0.00414001289755106,0.006258279085159302,0.009313611313700676,0.013603623025119305,0.008026136085391045,0.00840766727924347,0.0,0.013648755848407745,0.008550817146897316,0.009987120516598225,0.007908884435892105,0.005528902169317007,0.0137824397534132,0.008769968524575233,0.011631421744823456,0.01314406469464302,0.012242311611771584,0.005146138370037079,0.006348933093249798,0.009961089119315147,0.007392586208879948,0.006941895931959152,0.006404658313840628,0.007338573224842548,0.013801319524645805,0.008125804364681244,0.01247381791472435,0.01965363509953022,0.007961160503327847,0.020742544904351234,0.05803646147251129,0.008440434001386166,0.010244551114737988,0.007022351957857609,0.01070914976298809,0.008711924776434898,0.011582588776946068,0.005113421939313412,0.0046534352004528046,0.00653646606951952,0.010798787698149681,0.008790871128439903,0.005834866780787706,0.0034087111707776785,0.003380914218723774,0.006443367805331945,0.0059892963618040085,0.006264653522521257,0.006610240787267685,0.0042734649032354355,0.008422769606113434,0.004647752735763788,0.007828732952475548,0.005806364119052887,0.0039579677395522594,0.0057516335509717464,0.004606650210916996,0.011304371990263462,0.01242518424987793,0.00465307105332613,0.007995733991265297,0.005675738677382469,0.008333439007401466,0.008175984025001526,0.00853426568210125,0.05390363186597824
0.0073314327746629715,0.015271473675966263,0.00984913483262062,0.009901998564600945,0.00698806019499898,0.007168615236878395,0.006287197582423687,0.008520446717739105,0.014755104668438435,0.013648755848407745,0.0,0.008748704567551613,0.004602564498782158,0.006578702945262194,0.007005359977483749,0.017006978392601013,0.010149423032999039,0.005368990357965231,0.023459212854504585,0.0041931672021746635,0.008061202242970467,0.011240493506193161,0.0034957928583025932,0.01302901841700077,0.007452159188687801,0.010062282904982567,0.007921692915260792,0.018208758905529976,0.005375884473323822,0.025278853252530098,0.034228742122650146,0.01013481430709362,0.018741561099886894,0.058935098350048065,0.014532146975398064,0.011154212057590485,0.013422069139778614,0.010521505028009415,0.011816993355751038,0.003849105443805456,0.00805378146469593,0.007912405766546726,0.006369170267134905,0.006937569007277489,0.007170494645833969,0.007695603184401989,0.01496659591794014,0.01342845894396305,0.006321900524199009,0.006868166849017143,0.011274817399680614,0.008988169021904469,0.01152234710752964,0.006048324052244425,0.013614140450954437,0.006968296132981777,0.011762385256588459,0.009341508150100708,0.008680186234414577,0.008195856586098671,0.0035860505886375904,0.013269523158669472,0.012827539816498756,0.011874474585056305,0.013179304078221321,0.006001696921885014,0.006187755614519119,0.006661547347903252,0.054091066122055054
0.005418740212917328,0.015157303772866726,0.007925945334136486,0.009022330865263939,0.006708614528179169,0.006458016578108072,0.006002071779221296,0.0077234674245119095,0.010997461155056953,0.008550817146897316,0.008748704567551613,0.0,0.006854499690234661,0.006168327294290066,0.005855037830770016,0.016725942492485046,0.007508018519729376,0.006627310998737812,0.016811830922961235,0.007720915600657463,0.005421523004770279,0.009856412187218666,0.0071671102195978165,0.010141456499695778,0.00340222823433578,0.004801181145012379,0.0037015541456639767,0.019763197749853134,0.006188184954226017,0.018406491726636887,0.026734014973044395,0.007884825579822063,0.019618550315499306,0.060097575187683105,0.008628111332654953,0.006789635866880417,0.010016463696956635,0.012051287107169628,0.010588256642222404,0.007287069223821163,0.006641518324613571,0.006305024027824402,0.005938929505646229,0.005429209675639868,0.0070727854035794735,0.005833095870912075,0.00933284591883421,0.008879532106220722,0.005301063880324364,0.0055397311225533485,0.00860165897756815,0.0075901225209236145,0.010095756500959396,0.006773610599339008,0.00890706293284893,0.006308951880782843,0.00967046432197094,0.007007257547229528,0.006726314313709736,0.006842496804893017,0.006882068235427141,0.013303911313414574,0.006815575063228607,0.010847171768546104,0.010904130525887012,0.008417336270213127,0.0053177145309746265,0.0048475610092282295,0.053005412220954895
0.004169791471213102,0.013915757648646832,0.008840173482894897,0.008553480729460716,0.0038544354028999805,0.00522574782371521,0.006475580390542746,0.008408344350755215,0.012124063447117805,0.009987120516598225,0.004602564498782158,0.006854499690234661,0.0,0.003048701211810112,0.004336041398346424,0.01610540971159935,0.008082271553575993,0.0030958950519561768,0.02004673331975937,0.0010562506504356861,0.0055587030947208405,0.008905954658985138,0.0057560838758945465,0.010744534432888031,0.005118079483509064,0.007691263221204281,0.006458858028054237,0.018159078434109688,0.004561023321002722,0.021592648699879646,0.030350107699632645,0.007154280319809914,0.02129695564508438,0.06083628907799721,0.012616954743862152,0.011550866067409515,0.011011670343577862,0.01106428075581789,0.011119414120912552,0.00539026316255331,0.003851780202239752,0.0054283952340483665,0.0034110629931092262,0.004246315453201532,0.0036011431366205215,0.005085269920527935,0.011610614135861397,0.010496224276721478,0.0034049195237457752,0.0059607503935694695,0.010338470339775085,0.007439696229994297,0.009605350904166698,0.0009924184996634722,0.008180883713066578,0.0035066723357886076,0.009349865838885307,0.005761440843343735,0.006575264967978001,0.005110051482915878,0.0012930366210639477,0.013628681190311909,0.010812371037900448,0.011228526011109352,0.010581174865365028,0.005619549658149481,0.003966813907027245,0.0046122195199131966,0.05669570341706276
0.004284350201487541,0.01464422419667244,0.006776975467801094,0.008795559406280518,0.00180254434235394,0.007719861809164286,0.0066325003281235695,0.009270969778299332,0.01246615406125784,0.007908884435892105,0.006578702945262194,0.006168327294290066,0.003048701211810112,0.0,0.004158726893365383,0.017344273626804352,0.005976520013064146,0.006479036994278431,0.01896943897008896,0.004327747505158186,0.0027310438454151154,0.009712180122733116,0.0059461770579218864,0.011088566854596138,0.003851593006402254,0.00679588969796896,0.004058516584336758,0.01916513219475746,0.00339506845921278,0.019469676539301872,0.027683695778250694,0.0074289957992732525,0.020778870210051537,0.05829836428165436,0.010974585078656673,0.010114219971001148,0.009288569912314415,0.011541122570633888,0.010512314736843109,0.007062928751111031,0.003327729646116495,0.00532024260610342,0.0015974126290529966,0.005033090244978666,0.00037032217369414866,0.0047366684302687645,0.009063882753252983,0.008477382361888885,0.0020113384816795588,0.0046228403225541115,0.008087854832410812,0.008348215371370316,0.008382238447666168,0.0014805770479142666,0.005690203979611397,0.005528345704078674,0.009122753515839577,0.004440540447831154,0.004730407614260912,0.003068676684051752,0.004238944035023451,0.014549555256962776,0.008871964178979397,0.01198643259704113,0.01084720529615879,0.005876621231436729,0.002373941708356142,0.003022037912160158,0.053349919617176056
0.002474302425980568,0.010618448257446289,0.005071749445050955,0.004718272481113672,0.003730351570993662,0.005345277022570372,0.00801701657474041,0.004846625495702028,0.008642097935080528,0.005528902169317007,0.007005359977483749,0.005855037830770016,0.004336041398346424,0.004158726893365383,0.0,0.01274707168340683,0.007375382352620363,0.0063829245045781136,0.01672166772186756,0.005314553622156382,0.0036318236961960793,0.006017397157847881,0.004636368714272976,0.007293282076716423,0.0039410050958395,0.005353991873562336,0.0043884688057005405,0.013855651021003723,0.004245687276124954,0.017924021929502487,0.026845034211874008,0.006463922560214996,0.017959672957658768,0.058204539120197296,0.008699256926774979,0.008004117757081985,0.007975667715072632,0.008857186883687973,0.008086653426289558,0.005258450284600258,0.0037902931217104197,0.0010988202411681414,0.00381391029804945,0.006381347309798002,0.005062977783381939,0.0006488253129646182,0.007715269923210144,0.006581467110663652,0.002977921860292554,0.003935071639716625,0.006600496359169483,0.004856492392718792,0.005628509912639856,0.003982501104474068,0.006233382038772106,0.004698473960161209,0.0064420136623084545,0.004141675774008036,0.004659424535930157,0.004205692559480667,0.004961010999977589,0.010205119848251343,0.007306484505534172,0.007189957424998283,0.008223028853535652,0.006997201591730118,0.0049018822610378265,0.005219927057623863,0.05355370417237282
0.013198209926486015,0.005318320356309414,0.013764993287622929,0.0105317123234272,0.01346805039793253,0.01391170546412468,0.020319344475865364,0.012020127847790718,0.004300682805478573,0.0137824397534132,0.017006978392601013,0.016725942492485046,0.01610540971159935,0.017344273626804352,0.01274707168340683,0.0,0.012369652278721333,0.015093598514795303,0.023682579398155212,0.018278898671269417,0.014636851847171783,0.00986720435321331,0.010854708962142467,0.004733755253255367,0.015207024291157722,0.013166453689336777,0.014537271112203598,0.003614541608840227,0.016429197043180466,0.025053564459085464,0.0352494977414608,0.014014748856425285,0.019570279866456985,0.06490625441074371,0.014829304069280624,0.011905928142368793,0.01756414771080017,0.009167885407805443,0.010077245533466339,0.016714585945010185,0.014000117778778076,0.011936797760426998,0.0143790477886796,0.0185666736215353,0.017947418615221977,0.013384669087827206,0.01695212349295616,0.016245057806372643,0.013805768452584743,0.013220863416790962,0.01764635369181633,0.010272099636495113,0.014194566756486893,0.016237784177064896,0.014987871050834656,0.015299348160624504,0.012293248437345028,0.011986963450908661,0.013282837346196175,0.012722575105726719,0.01748783141374588,0.0046718488447368145,0.01660430245101452,0.010075191035866737,0.013989182189106941,0.013854571618139744,0.018229501321911812,0.01884685456752777,0.06303021311759949
0.0068886540830135345,0.012283342890441418,0.009022042155265808,0.01018829457461834,0.005427942145615816,0.01107632927596569,0.010649587959051132,0.011380602605640888,0.010119296610355377,0.008769968524575233,0.010149423032999039,0.007508018519729376,0.008082271553575993,0.005976520013064146,0.007375382352620363,0.012369652278721333,0.0,0.009766732342541218,0.017949137836694717,0.009829092770814896,0.005785403307527304,0.010617180727422237,0.006625060923397541,0.009556280449032784,0.006128111854195595,0.007802274078130722,0.006254858337342739,0.0152940908446908,0.0076117259450256824,0.01860145851969719,0.02796259894967079,0.008278855122625828,0.020253460854291916,0.05732220783829689,0.007999585941433907,0.008122353814542294,0.011615149676799774,0.011704141274094582,0.010553307831287384,0.010841116309165955,0.006789844483137131,0.007421443238854408,0.006065726280212402,0.009629642590880394,0.006254173815250397,0.007939806208014488,0.009616253897547722,0.00978640653192997,0.0055263470858335495,0.008440433070063591,0.011062771081924438,0.009963510558009148,0.0106216911226511,0.007092606276273727,0.008395031094551086,0.009894251823425293,0.009129844605922699,0.0064576128497719765,0.007235732860863209,0.006064617540687323,0.009988327510654926,0.0123429661616683,0.010656958445906639,0.011883946135640144,0.01081433892250061,0.007199387066066265,0.007316988427191973,0.007378730457276106,0.053429365158081055
0.006455130409449339,0.014092217199504375,0.008693801239132881,0.00850935373455286,0.006190041080117226,0.005674820858985186,0.004346820991486311,0.008603816851973534,0.011314941570162773,0.011631421744823456,0.005368990357965231,0.006627310998737812,0.0030958950519561768,0.006479036994278431,0.0063829245045781136,0.015093598514795303,0.009766732342541218,0.0,0.021422211080789566,0.0031699591781944036,0.007864683866500854,0.010418854653835297,0.006195979192852974,0.010534761473536491,0.005142242182046175,0.007659251801669598,0.005824684165418148,0.017403967678546906,0.005378989037126303,0.023546136915683746,0.03287094458937645,0.008271114900708199,0.018060877919197083,0.0620381236076355,0.01320742443203926,0.009869065135717392,0.011813770979642868,0.010641375556588173,0.010976262390613556,0.004952667281031609,0.0063818879425525665,0.006352284923195839,0.005680639296770096,0.003256934229284525,0.006766248028725386,0.006706933490931988,0.013076987117528915,0.011938938871026039,0.005686403252184391,0.006676148623228073,0.010300122201442719,0.008082956075668335,0.010665526613593102,0.0046944692730903625,0.012108920142054558,0.005943164229393005,0.010156521573662758,0.007541432045400143,0.00756703270599246,0.007046686485409737,0.002584876026958227,0.012427285313606262,0.01160332653671503,0.010161062702536583,0.012241382151842117,0.007852600887417793,0.00563469436019659,0.006030467338860035,0.056168682873249054
0.017545783892273903,0.018416717648506165,0.020980380475521088,0.016605261713266373,0.01935141161084175,0.0208290982991457,0.02377709001302719,0.016967717558145523,0.019244002178311348,0.01314406469464302,0.023459212854504585,0.016811830922961235,0.02004673331975937,0.01896943897008896,0.01672166772186756,0.023682579398155212,0.017949137836694717,0.021422211080789566,0.0,0.02284066192805767,0.018563004210591316,0.012415776029229164,0.02051619067788124,0.016998291015625,0.017240658402442932,0.013776140287518501,0.01964486762881279,0.02458668313920498,0.019027631729841232,0.0028348942287266254,0.011362805962562561,0.02048111893236637,0.03444995731115341,0.05980464443564415,0.019704338163137436,0.021351754665374756,0.019712217152118683,0.016007402911782265,0.01416940800845623,0.02098896913230419,0.015892785042524338,0.017732329666614532,0.01936027780175209,0.02040281519293785,0.01885993592441082,0.017155829817056656,0.015928655862808228,0.014790341258049011,0.018814045935869217,0.01769217848777771,0.02083118073642254,0.014815902337431908,0.014564357697963715,0.01852523349225521,0.014999902807176113,0.01629123091697693,0.01519857905805111,0.016932986676692963,0.020588289946317673,0.017312658950686455,0.022034965455532074,0.020169727504253387,0.01615896448493004,0.016644667834043503,0.015064172446727753,0.016332589089870453,0.019392389804124832,0.02016190066933632,0.05524737387895584
0.005109555087983608,0.01622813753783703,0.009865283966064453,0.010094841942191124,0.005737080238759518,0.00594831258058548,0.00541277788579464,0.009054746478796005,0.014368765987455845,0.012242311611771584,0.0041931672021746635,0.007720915600657463,0.0010562506504356861,0.004327747505158186,0.005314553622156382,0.018278898671269417,0.009829092770814896,0.0031699591781944036,0.02284066192805767,0.0,0.007183768320828676,0.01147281564772129,0.0061257509514689445,0.013044712133705616,0.006011778488755226,0.00957430712878704,0.007376955822110176,0.019993988797068596,0.004872201941907406,0.024650413542985916,0.033170104026794434,0.009497829712927341,0.020557183772325516,0.061340272426605225,0.01455163024365902,0.012070013210177422,0.0128433583304286,0.01267867349088192,0.012760041281580925,0.004930845461785793,0.005983580835163593,0.006656632758677006,0.005058168433606625,0.004052959848195314,0.004848499316722155,0.005969679914414883,0.013940025120973587,0.012652024626731873,0.0047988127917051315,0.007532818242907524,0.011135464534163475,0.009290579706430435,0.011476622894406319,0.0024074192624539137,0.011466837488114834,0.005201919935643673,0.01141462940722704,0.008160129189491272,0.008341841399669647,0.007360436022281647,0.001080158050172031,0.014879170805215836,0.012531628832221031,0.01240987703204155,0.01346266083419323,0.007447187323123217,0.004438056610524654,0.004996026400476694,0.056472502648830414
0.004083821550011635,0.013132864609360695,0.002569176722317934,0.0063715735450387,0.0014666423667222261,0.007019194774329662,0.008471417240798473,0.007764886599034071,0.009373556822538376,0.005146138370037079,0.008061202242970467,0.005421523004770279,0.0055587030947208405,0.0027310438454151154,0.0036318236961960793,0.014636851847171783,0.005785403307527304,0.007864683866500854,0.018563004210591316,0.007183768320828676,0.0,0.00849594920873642,0.005755546502768993,0.008464961312711239,0.003994986414909363,0.005918040405958891,0.0026617716066539288,0.01632656902074814,0.004533147439360619,0.01864178664982319,0.02657989412546158,0.005750490352511406,0.017966242507100105,0.05895527824759483,0.008251731283962727,0.007688852027058601,0.006576545536518097,0.010116294957697392,0.008633110672235489,0.007305110804736614,0.003783636260777712,0.003504624590277672,0.001332246814854443,0.007506362162530422,0.003529179375618696,0.004182272590696812,0.0071025718934834,0.007126329466700554,0.0009587720851413906,0.002651618327945471,0.006202377378940582,0.006333456374704838,0.006986177060753107,0.004330313298851252,0.005221364554017782,0.006545559503138065,0.008219716139137745,0.002621503546833992,0.0010994693730026484,0.0017230877419933677,0.006038312334567308,0.012452850118279457,0.0057007791474461555,0.0102511215955019,0.008654109202325344,0.006750114727765322,0.004228075500577688,0.004304190631955862,0.05358845740556717
0.00739710871130228,0.0069006988778710365,0.008834721520543098,0.0047126892022788525,0.008187707513570786,0.007906835526227951,0.014033186249434948,0.004597456660121679,0.007049390580505133,0.006348933093249798,0.011240493506193161,0.009856412187218666,0.008905954658985138,0.009712180122733116,0.006017397157847881,0.00986720435321331,0.010617180727422237,0.010418854653835297,0.012415776029229164,0.01147281564772129,0.00849594920873642,0.0,0.008259670808911324,0.004960322752594948,0.007392617873847485,0.0052394261583685875,0.008755004033446312,0.011275580152869225,0.008665510453283787,0.014692784287035465,0.024831462651491165,0.009298024699091911,0.024056153371930122,0.056732553988695145,0.011610003188252449,0.011148527264595032,0.010330520570278168,0.004865206778049469,0.004626345355063677,0.008457232266664505,0.006241872441023588,0.005997973494231701,0.008478177711367607,0.012001276016235352,0.010578025132417679,0.0062821172177791595,0.007857103832066059,0.006350582465529442,0.0073800599202513695,0.0065101999789476395,0.009660813957452774,0.002969462890177965,0.005565897561609745,0.008795772679150105,0.006776157300919294,0.00569008057937026,0.007454161532223225,0.006979175843298435,0.008618080988526344,0.007020650431513786,0.01013332698494196,0.008060798048973083,0.008102629333734512,0.00477537140250206,0.005468128249049187,0.008797252550721169,0.009979719296097755,0.010674996301531792,0.05350799486041069
0.005540812853723764,0.010148175060749054,0.006989716552197933,0.006776522845029831,0.00524312537163496,0.007200101390480995,0.007451379671692848,0.006218675523996353,0.00950863491743803,0.009961089119315147,0.0034957928583025932,0.0071671102195978165,0.0057560838758945465,0.0059461770579218864,0.004636368714272976,0.010854708962142467,0.006625060923397541,0.006195979192852974,0.02051619067788124,0.0061257509514689445,0.005755546502768993,0.008259670808911324,0.0,0.008265266194939613,0.006078497506678104,0.0076971896924078465,0.005743443965911865,0.012498671188950539,0.005054950714111328,0.02197004109621048,0.031750813126564026,0.008324354887008667,0.015580276027321815,0.057571571320295334,0.01132039912045002,0.0074175624176859856,0.011320425197482109,0.00716517586261034,0.008016437292098999,0.0035512810572981834,0.006311636418104172,0.005173075012862682,0.005322149023413658,0.0073617566376924515,0.006590856704860926,0.005280987359583378,0.011974460445344448,0.010679958388209343,0.004810526967048645,0.004824389237910509,0.009487273171544075,0.006264298222959042,0.008516401052474976,0.006215606350451708,0.01021190732717514,0.007158009335398674,0.008561665192246437,0.006340495776385069,0.006288515869528055,0.0060455407947301865,0.005609081592410803,0.00869939848780632,0.010226982645690441,0.00857400894165039,0.011366589926183224,0.00573358591645956,0.006397000048309565,0.00673452764749527,0.05299227684736252
0.007427887059748173,0.004621987231075764,0.008502671495079994,0.005838368088006973,0.008245384320616722,0.009372562170028687,0.01504252478480339,0.007141160313040018,0.0011059870012104511,0.007392586208879948,0.01302901841700077,0.010141456499695778,0.010744534432888031,0.011088566854596138,0.007293282076716423,0.004733755253255367,0.009556280449032784,0.010534761473536491,0.016998291015625,0.013044712133705616,0.008464961312711239,0.004960322752594948,0.008265266194939613,0.0,0.00868677906692028,0.0073553333058953285,0.008441179990768433,0.006593843922019005,0.010841797105967999,0.01889120787382126,0.029038365930318832,0.009522203356027603,0.02004416286945343,0.06220507621765137,0.011125080287456512,0.010169798508286476,0.011088112369179726,0.005315413698554039,0.004981926642358303,0.011315638199448586,0.007647511083632708,0.006645140238106251,0.008871768601238728,0.012510053813457489,0.011643500998616219,0.00766785116866231,0.010410669259727001,0.00950163695961237,0.008094078861176968,0.007468892261385918,0.012201843783259392,0.004986952058970928,0.008404621854424477,0.010149737820029259,0.007661405019462109,0.009098084643483162,0.007437245454639196,0.006168072111904621,0.0079529182985425,0.007487826980650425,0.012215930968523026,0.006429142784327269,0.010271161794662476,0.005767447408288717,0.009177176281809807,0.009056249633431435,0.012032389640808105,0.012748206034302711,0.05863679572939873
0.0041158548556268215,0.012545796111226082,0.0068776560947299,0.007424334995448589,0.004517069086432457,0.0057827746495604515,0.005640134215354919,0.006806402932852507,0.009883280843496323,0.006941895931959152,0.007452159188687801,0.00340222823433578,0.005118079483509064,0.003851593006402254,0.0039410050958395,0.015207024291157722,0.006128111854195595,0.005142242182046175,0.017240658402442932,0.006011778488755226,0.003994986414909363,0.007392617873847485,0.006078497506678104,0.00868677906692028,0.0,0.0033055064268410206,0.0021014539524912834,0.017467284575104713,0.004422763362526894,0.019099127501249313,0.027878349646925926,0.007331974804401398,0.02054029330611229,0.059627264738082886,0.009244242683053017,0.007954839617013931,0.008959829807281494,0.009972070343792439,0.008637999184429646,0.006025481969118118,0.004180078394711018,0.00421899976208806,0.004395118448883295,0.004228728823363781,0.004439560696482658,0.0038045719265937805,0.007330672349780798,0.006610088050365448,0.003402754431590438,0.004824360832571983,0.007617173716425896,0.006748764775693417,0.008123394101858139,0.004583646543323994,0.007057505194097757,0.005358444061130285,0.008169610053300858,0.005173619836568832,0.005604923237115145,0.004555413033813238,0.005749342031776905,0.012544030323624611,0.007892537862062454,0.008725280873477459,0.009389398619532585,0.006971702910959721,0.0037642731331288815,0.0038855746388435364,0.05356280505657196
0.006118251010775566,0.010588503442704678,0.008135617710649967,0.006325993686914444,0.006140081211924553,0.006808655336499214,0.007987279444932938,0.005684794392436743,0.008631424978375435,0.006404658313840628,0.010062282904982567,0.004801181145012379,0.007691263221204281,0.00679588969796896,0.005353991873562336,0.013166453689336777,0.007802274078130722,0.007659251801669598,0.013776140287518501,0.00957430712878704,0.005918040405958891,0.0052394261583685875,0.0076971896924078465,0.0073553333058953285,0.0033055064268410206,0.0,0.004664626903831959,0.01587432622909546,0.005568810738623142,0.016090255230665207,0.025659695267677307,0.009098554961383343,0.019422486424446106,0.05690347030758858,0.00828418880701065,0.007621031254529953,0.008072776719927788,0.008217346854507923,0.006581807509064674,0.00827067531645298,0.005108780227601528,0.005224870517849922,0.006172229535877705,0.007577300537377596,0.007461722940206528,0.005260717589408159,0.007243956904858351,0.006537923123687506,0.005460228770971298,0.005555348936468363,0.0072472840547561646,0.004981032572686672,0.006794674322009087,0.007117984350770712,0.006680233404040337,0.005662319250404835,0.008057691156864166,0.005577688571065664,0.007091278210282326,0.005308571737259626,0.008351584896445274,0.009762907400727272,0.0078004514798521996,0.006548512727022171,0.0073857298120856285,0.008839634247124195,0.005508486181497574,0.00567907327786088,0.051132556051015854
0.0051565393805503845,0.013108920305967331,0.00403987243771553,0.006990584544837475,0.003707870142534375,0.0068422057665884495,0.005695320200175047,0.007290294859558344,0.009451405145227909,0.007338573224842548,0.007921692915260792,0.0037015541456639767,0.006458858028054237,0.004058516584336758,0.0043884688057005405,0.014537271112203598,0.006254858337342739,0.005824684165418148,0.01964486762881279,0.007376955822110176,0.0026617716066539288,0.008755004033446312,0.005743443965911865,0.008441179990768433,0.0021014539524912834,0.004664626903831959,0.0,0.016730889678001404,0.004607331473380327,0.021018877625465393,0.02989356219768524,0.00653655594214797,0.01735493540763855,0.058824971318244934,0.007728422060608864,0.005579558201134205,0.007390839979052544,0.010289927944540977,0.008702067658305168,0.006224559620022774,0.005577870178967714,0.004115322604775429,0.0036014423239976168,0.005474151112139225,0.00485732639208436,0.004556677769869566,0.008074727840721607,0.007694290019571781,0.002458718605339527,0.003965292125940323,0.006499783135950565,0.007063922472298145,0.0076976073905825615,0.005712160840630531,0.007841980084776878,0.007222150452435017,0.008472779765725136,0.005158011801540852,0.003292732872068882,0.004368985071778297,0.00648606289178133,0.012364155612885952,0.006967751309275627,0.00958994496613741,0.010000016540288925,0.008073888719081879,0.004432438872754574,0.004339131526648998,0.051608242094516754
