0,1,2,3,4,5,6,7,8,9,10,11,12,13,14,15,16,17,18,19,20,21,22,23,24,25,26,27,28,29,30,31,32,33,34,35,36,37,38,39,40,41,42,43,44,45,46,47,48,49,50,51,52,53,54,55,56,57,58,59,60,61,62,63,64,65,66,67,68
0.0,8.514034,6.49973,6.0716844,5.023592,5.475283,7.096221,5.6828527,6.976945,5.967378,6.81777,5.828425,5.13324,5.183168,3.8882098,8.991638,6.5033784,6.3522468,10.783527,5.576822,5.13581,6.9215508,5.801622,6.858782,4.974331,6.200452,5.6510134,9.302456,5.5310016,11.024338,13.4530945,6.3590965,10.675617,20.492306,7.674047,7.7454386,7.716561,8.14803,8.020608,6.4563994,5.01308,4.3478622,5.1021447,6.1525016,5.7008758,4.092351,7.550561,7.2571106,4.838313,5.8853226,7.130116,5.787063,7.2214813,4.787267,6.1188073,5.1267185,7.144262,5.0291977,5.8493567,5.3091598,5.738851,8.408634,7.5670857,7.362633,7.5620146,6.077311,5.45346,5.534394,19.829819
8.514034,0.0,8.85904,6.841203,9.01405,9.113695,10.978126,7.5425034,6.088237,7.8195925,9.993066,9.724729,9.522269,9.714811,8.322453,5.535666,8.896944,9.658645,10.94532,10.15259,9.223753,6.7564845,8.167161,5.390886,8.880398,8.131247,9.21629,5.377327,9.684613,11.360674,13.782543,9.328306,11.518828,20.63149,9.574392,9.418587,9.696912,6.5368557,6.782715,9.643756,8.449667,8.329654,9.24116,10.12492,9.879762,8.523595,9.096876,8.645142,8.951507,8.844528,9.739984,7.155675,7.5463634,9.3623085,8.38602,8.741853,8.000512,8.289266,9.133811,8.654243,10.047186,6.3308864,8.994539,6.0762815,8.04132,8.542047,10.115717,10.3558445,20.584272
6.49973,8.85904,0.0,5.388037,5.158132,6.992999,7.4832635,6.805072,7.7478595,5.8055844,7.850221,6.8944044,7.481697,6.530257,5.6909456,9.213706,7.403786,7.397013,11.803181,7.840255,4.0037913,7.6711955,6.5098743,7.3367324,6.539721,7.196712,4.9730706,9.544772,6.191501,11.629086,13.536701,6.446834,9.508837,20.820032,7.301821,6.456435,6.453569,7.9105816,7.4399147,6.691187,6.6551466,4.939301,4.859675,7.813511,7.0421615,5.795558,6.855285,6.8837824,4.516302,4.8908253,5.1729474,6.4659443,5.883772,7.359071,7.350621,7.501489,7.488969,5.488987,2.998186,5.1151495,7.0371695,8.5183115,5.27862,7.241974,7.4771094,8.004215,6.654665,6.5590234,19.949896
6.0716844,6.841203,5.388037,0.0,6.185208,6.3934126,8.293237,5.4904656,6.823122,4.9862313,7.9495687,7.4484305,7.349739,7.4679418,5.453343,8.011842,7.921881,7.369132,10.35505,7.9278417,6.3830056,5.5168257,6.5001755,6.0574164,6.7637386,6.208568,6.6429424,8.129991,6.5224037,10.427438,12.799138,6.476283,10.506851,20.249613,7.815859,7.5077705,6.556895,6.6296635,6.397443,6.8105426,5.9797163,4.742932,6.321433,7.689971,7.912297,5.468372,6.292236,5.7515945,6.189846,5.750869,5.8950977,5.123607,4.148583,7.331045,6.5483494,6.310171,6.2016654,5.0070767,5.990915,5.7019725,7.3375263,7.485337,6.367479,5.5164857,5.8631344,7.3903317,7.1523085,7.359493,19.733046
5.023592,9.01405,5.158132,6.185208,0.0,6.45458,6.602176,7.295078,7.5493045,6.322615,6.6034408,6.409034,4.8689456,3.2931404,4.831641,9.193596,5.8250494,6.261174,11.313638,5.90487,3.0316696,7.2980156,5.652579,7.254906,5.2613688,6.2389026,4.7671266,9.92999,4.791357,11.191121,13.45593,5.7386928,10.672474,20.67809,7.462971,7.397485,6.7698107,7.901337,7.6191754,6.6659994,4.136699,4.760271,2.1341617,6.1756806,3.8616214,5.194322,7.08888,7.0309024,2.7385476,4.2534575,6.278717,6.3824806,6.649559,4.10978,5.7184305,5.9972024,7.076455,3.6928582,3.69157,2.7723994,5.284644,8.772645,6.9334264,7.969482,7.5238037,5.9900107,4.5417395,4.7949567,20.063765
5.475283,9.113695,6.992999,6.3934126,6.45458,0.0,6.9057574,6.069323,7.9221025,7.587293,6.7982635,6.3687606,5.750383,7.007845,5.729175,9.2427435,8.264218,6.0661964,11.575714,6.0784154,6.7113256,7.051294,6.672507,7.7216134,6.023148,6.5781927,6.6782,9.815848,6.4779983,11.868215,13.887151,6.36457,11.092557,21.043062,8.672547,8.068668,7.850466,8.342875,8.340818,5.9766526,5.9118295,5.32853,6.058611,6.509013,7.48092,5.674641,8.23583,7.923115,5.9864426,6.4066615,7.4734,5.9954996,7.8011374,6.492019,7.5054526,4.1937275,7.9500213,6.211677,6.3100247,6.1826797,5.353797,8.544167,8.077035,7.4212074,7.721754,7.1422954,6.435836,6.42139,20.46118
7.096221,10.978126,7.4832635,8.293237,6.602176,6.9057574,0.0,8.095421,9.907501,9.155831,6.2477055,5.959221,6.1353483,6.265895,6.986896,11.047526,7.7333684,4.9997616,12.404015,5.6986346,7.11815,9.288383,6.584342,9.625509,5.7943826,7.030665,5.7707505,11.646696,4.5354548,12.708851,14.713997,8.078564,10.285702,21.180094,8.685694,7.074854,8.600776,9.355235,9.172361,6.0099025,7.2357225,7.0068736,6.2096906,4.7728024,6.4918838,6.960337,8.989366,8.870309,6.2775836,6.7952676,6.724935,8.33639,8.670771,6.683339,9.664824,7.400424,8.832878,7.782761,7.2932863,7.0228696,5.276312,10.010789,8.482631,8.984212,9.88995,8.215765,4.2847257,4.0767283,20.062471
5.6828527,7.5425034,6.805072,5.4904656,7.295078,6.069323,8.095421,0.0,7.3469567,7.079471,7.426036,6.8961897,7.21565,7.5691066,5.471058,8.440957,8.315657,7.39606,10.454254,7.432418,7.0055814,5.410399,6.2131114,6.6006207,6.3974867,5.9777575,6.827835,8.623404,6.689942,11.046688,13.493139,7.736846,10.642611,19.94173,8.272189,7.4512396,7.809847,6.286599,6.48366,5.6349587,6.797446,5.5685244,6.9856257,7.9187503,7.9967346,5.297487,8.089982,7.4219875,6.5626,6.3960853,7.222261,3.3808243,6.5049596,7.4174266,7.5007205,5.960805,7.468613,6.8632936,7.097261,7.0096855,7.00105,6.476642,7.3788824,5.709995,7.3986726,7.755891,7.268163,7.3032737,19.232023
6.976945,6.088237,7.7478595,6.823122,7.5493045,7.9221025,9.907501,7.3469567,0.0,7.176038,9.672844,8.177163,8.703368,8.746106,7.2625732,5.137835,7.925536,8.42206,11.113163,9.373342,7.651279,6.7488937,7.722157,2.6717496,7.710452,7.329298,7.653686,6.3978033,8.798064,11.375502,13.766444,7.943369,10.976765,21.025944,8.544742,8.418911,9.078982,7.0877843,7.055121,9.253765,7.3740797,6.951448,7.8768277,8.976486,8.886687,7.4767013,8.733384,8.567863,7.5861998,7.5523996,9.206952,6.4107013,8.150454,8.468234,7.4157867,8.091692,7.358397,6.521987,7.368083,7.209636,9.207376,6.81597,8.579965,6.840655,8.299694,8.003702,9.049543,9.246178,20.770676
5.967378,7.8195925,5.8055844,4.9862313,6.322615,7.587293,9.155831,7.079471,7.176038,0.0,9.263384,7.3064103,7.9546785,7.1036425,5.906214,9.107043,7.4236608,8.624292,9.268689,8.725602,5.7498875,6.363845,7.8356404,6.7654743,6.5769067,6.2939386,6.78118,9.194862,7.132176,8.871575,11.038918,6.973463,11.415531,20.237017,7.286216,8.212169,6.632864,8.113291,7.357488,8.512228,5.7145233,5.41356,6.452566,8.180107,7.511353,6.0260305,4.6045713,4.6023507,6.3854547,6.1773934,6.075599,6.3434386,5.111665,7.360617,5.3855996,6.8994913,6.011389,5.0286303,6.0670567,5.423745,8.398136,8.790465,5.4273252,6.95012,5.9024844,7.1884203,7.157666,7.29007,19.715406
6.81777,9.993066,7.850221,7.9495687,6.6034408,6.7982635,6.2477055,7.426036,9.672844,9.263384,0.0,7.4200573,5.376932,6.386875,6.6424623,10.333615,7.9089084,5.9109054,12.44271,5.136591,7.106105,8.491002,4.6133795,9.150761,6.771443,7.979684,7.0083303,10.701491,5.825482,12.766677,14.764772,7.874702,11.003182,20.660173,9.532588,8.475198,9.182527,8.218364,8.789801,5.0037494,7.0721145,7.0524673,6.316392,6.5591345,6.6619997,6.969335,9.703134,9.254394,6.2581396,6.5985274,8.369847,7.572684,8.510361,6.1435213,9.278222,6.6508923,8.609362,7.6637244,7.3669076,7.1457677,4.7796707,9.246621,8.962631,8.6822195,9.058595,6.034095,6.1980944,6.4312034,20.023394
5.828425,9.724729,6.8944044,7.4484305,6.409034,6.3687606,5.959221,6.8961897,8.177163,7.3064103,7.4200573,0.0,6.489654,6.1935925,5.980914,9.989507,6.6774874,6.357592,10.409031,6.871939,5.8136473,7.857284,6.464944,7.9044585,4.5839105,5.4656453,4.806998,10.92143,6.1430016,10.80053,12.966665,6.8754377,10.94133,20.698795,7.2181797,6.477831,7.936017,8.4916525,8.054799,6.667845,6.3684516,6.186319,6.0067306,5.7777314,6.595345,5.9859204,7.660027,7.545426,5.631992,5.8081636,7.2186894,6.757339,7.8228374,6.489655,7.502866,6.1862097,7.681688,6.5591726,6.3614826,6.4273334,6.4660096,9.0263815,6.451405,8.134367,8.282656,7.1527686,5.737876,5.437981,19.690247
5.13324,9.522269,7.481697,7.349739,4.8689456,5.750383,6.1353483,7.21565,8.703368,7.9546785,5.376932,6.489654,0.0,4.3575387,5.2101336,9.926024,7.0807743,4.3788667,11.528943,2.4835403,5.9383397,7.543642,5.8361697,8.251889,5.55408,6.9225926,6.308086,10.628912,5.3115478,11.789204,13.9079075,6.6799383,11.575935,20.956749,8.797727,8.589069,8.313819,8.341563,8.421417,5.780243,4.882689,5.793904,4.65721,5.030153,4.7265077,5.572805,8.565141,8.215358,4.6708026,6.100135,7.9113913,6.7428846,7.78593,2.4667609,7.229188,4.716453,7.676584,6.0061765,6.4677286,5.61244,2.7810984,9.19282,8.274924,8.438298,8.163627,5.869874,4.9305973,5.2827325,20.390753
5.183168,9.714811,6.530257,7.4679418,3.2931404,7.007845,6.265895,7.5691066,8.746106,7.1036425,6.386875,6.1935925,4.3575387,0.0,5.17674,10.284246,6.03399,6.3985353,11.176482,5.184811,4.1161375,7.8157244,5.9521585,8.31888,4.8432317,6.4880567,4.9746375,10.935538,4.5168266,11.1826515,13.339341,6.820753,11.337897,20.563852,8.1839075,8.010329,7.6164184,8.462391,8.147868,6.633639,4.4994006,5.8202133,3.1447794,5.607089,1.531813,5.467627,7.6484895,7.454806,3.5596979,5.3132157,6.9753146,7.0830045,7.2909284,3.0614843,6.100429,5.8014884,7.680189,5.3451877,5.4265523,4.293262,5.1209617,9.503291,7.4459066,8.692265,8.3024,5.9282207,3.7749267,4.218498,19.847115
3.8882098,8.322453,5.6909456,5.453343,4.831641,5.729175,6.986896,5.471058,7.2625732,5.906214,6.6424623,5.980914,5.2101336,5.17674,0.0,8.819268,6.7240105,6.316433,10.503255,5.7204766,4.7969456,6.228856,5.3177686,6.739475,4.891483,5.7559347,5.236568,9.2651005,5.157072,10.714314,13.067435,6.1467957,10.604807,20.456398,7.36139,7.244938,7.1370463,7.4503613,7.2448096,5.7434344,4.8600416,2.5503461,4.8987927,6.2582636,5.7089067,1.986354,7.02362,6.5868597,4.327532,4.9606924,6.3599496,5.415244,5.9999356,5.066577,6.216996,5.2754955,6.2996125,5.0223794,5.391765,5.0725455,5.5382476,7.9984035,6.8624177,6.7614465,7.1833324,6.549136,5.5245,5.6666102,19.80071
8.991638,5.535666,9.213706,8.011842,9.193596,9.2427435,11.047526,8.440957,5.137835,9.107043,10.333615,9.989507,9.926024,10.284246,8.819268,0.0,8.691382,9.677715,12.27014,10.489774,9.569466,7.8530307,8.31125,5.413854,9.535444,8.912053,9.458682,4.617285,10.079982,12.483299,14.67574,9.248565,10.934438,21.021574,9.519375,8.692967,10.5169115,7.613191,8.029498,10.194395,9.254679,8.610529,9.479758,10.561039,10.445833,9.001047,10.117819,9.915187,9.249449,9.144848,10.277263,7.866103,9.214942,9.980837,9.538119,9.64521,8.605772,8.648204,9.172881,8.929001,10.335379,5.247847,10.012565,7.6764464,9.28557,9.327317,10.517531,10.692526,21.01693
6.5033784,8.896944,7.403786,7.921881,5.8250494,8.264218,7.7333684,8.315657,7.925536,7.4236608,7.9089084,6.6774874,7.0807743,6.03399,6.7240105,8.691382,0.0,7.789668,10.945366,7.694056,6.0075965,8.259055,6.420916,7.7589784,5.9265175,6.8110404,6.073381,9.747185,6.7111006,11.018895,13.377966,7.1884203,11.072382,20.414457,6.852192,6.9697285,8.455288,8.60738,8.216257,8.209267,6.516339,6.7368164,6.1032095,7.5744143,6.170469,6.9131413,7.7446675,7.8469963,5.7952743,7.255119,7.996353,7.8185587,8.091565,6.677263,7.4527407,7.8190937,7.637537,6.4390264,6.686189,6.116059,7.7788253,8.691002,8.051368,8.568406,8.362151,6.7395444,6.5195312,6.488311,19.84691
6.3522468,9.658645,7.397013,7.369132,6.261174,6.0661964,4.9997616,7.39606,8.42206,8.624292,5.9109054,6.357592,4.3788667,6.3985353,6.316433,9.677715,7.789668,0.0,11.975289,4.4069066,7.0940046,8.224855,6.1502786,8.194205,5.6503224,7.0187798,5.967539,10.412661,5.834762,12.39729,14.521983,7.1291122,10.675619,21.125694,9.019799,7.8808146,8.6374,8.22763,8.443495,5.558744,6.3263,6.28223,5.9987845,4.4462085,6.5372124,6.4169946,9.109893,8.760926,5.9869165,6.5009675,7.9429774,7.1502504,8.242374,5.4380474,8.798683,6.183857,7.9043193,6.9162645,6.8998528,6.6492357,4.002557,8.924664,8.544771,8.087808,8.876962,7.125407,5.9702682,6.1261563,20.29713
10.783527,10.94532,11.803181,10.35505,11.313638,11.575714,12.404015,10.454254,11.113163,9.268689,12.44271,10.409031,11.528943,11.176482,10.503255,12.27014,10.945366,11.975289,0.0,12.221906,11.098705,8.772677,11.622806,10.396957,10.49268,9.246682,11.305329,12.627302,11.11458,4.224176,8.224675,11.523369,15.07909,20.135155,11.163308,11.9135895,11.265762,10.130423,9.498537,11.738291,10.215864,10.753309,11.350871,11.455698,11.144117,10.548974,10.087603,9.744154,11.146326,10.80499,11.496496,9.749454,9.646859,11.111007,9.802805,10.190824,9.880778,10.558547,11.687154,10.672902,12.032278,11.5075,10.254929,10.261555,9.760227,10.357864,11.2147,11.426194,19.524841
5.576822,10.15259,7.840255,7.9278417,5.90487,6.0784154,5.6986346,7.432418,9.373342,8.725602,5.136591,6.871939,2.4835403,5.184811,5.7204766,10.489774,7.694056,4.4069066,12.221906,0.0,6.691207,8.433972,5.98685,8.993179,6.013036,7.6671677,6.7158747,11.040926,5.530575,12.538153,14.512661,7.5587635,11.333564,21.107798,9.406434,8.749812,8.943985,8.8468485,8.954121,5.5294456,6.0059023,6.3587456,5.6030025,4.958491,5.479899,6.0203896,9.314941,8.937769,5.445202,6.832659,8.2369,7.4681244,8.464399,3.7879548,8.454482,5.6452994,8.38541,7.075827,7.185199,6.679371,2.6187532,9.516302,8.859276,8.790521,9.079846,6.6986656,5.258568,5.5365496,20.450249
5.13581,9.223753,4.0037913,6.3830056,3.0316696,6.7113256,7.11815,7.0055814,7.651279,5.7498875,7.106105,5.8136473,5.9383397,4.1161375,4.7969456,9.569466,6.0075965,7.0940046,11.098705,6.691207,0.0,7.4584455,5.9072957,7.3381023,4.9961834,6.1311426,4.0657196,10.167816,5.2704105,10.946948,13.050061,5.9546285,10.5484,20.622272,7.137611,7.057547,6.492558,7.97327,7.4543715,6.7516108,4.892687,4.7215405,2.8966787,6.8067546,4.6832743,5.1226044,6.8201113,6.8704166,2.4444406,4.0300407,6.106405,6.2642293,6.616143,5.2688413,5.805348,6.348824,7.2522035,4.0923066,2.653928,3.3171754,6.120466,8.891875,5.967696,8.076374,7.4771194,6.407569,5.115281,5.1432867,19.834152
6.9215508,6.7564845,7.6711955,5.5168257,7.2980156,7.051294,9.288383,5.410399,6.7488937,6.363845,8.491002,7.857284,7.543642,7.8157244,6.228856,7.8530307,8.259055,8.224855,8.772677,8.433972,7.4584455,0.0,7.2562823,5.6664248,6.729394,5.6716375,7.5278316,8.400978,7.3674245,9.38359,12.115195,7.7179327,12.472819,19.812319,8.732157,8.718851,8.211605,5.524679,5.4343753,7.3078704,6.267254,6.247267,7.441532,8.54655,8.141905,6.3027124,7.0132565,6.3123345,6.948772,6.5336227,7.725435,4.3634405,5.9051456,7.51027,6.4801173,5.9350615,6.8138103,6.6815424,7.577533,6.710747,7.9737487,7.191932,7.310183,5.470503,6.0057774,7.407615,7.852788,8.1503525,19.493162
5.801622,8.167161,6.5098743,6.5001755,5.652579,6.672507,6.584342,6.2131114,7.722157,7.8356404,4.6133795,6.464944,5.8361697,5.9521585,5.3177686,8.31125,6.420916,6.1502786,11.622806,5.98685,5.9072957,7.2562823,0.0,7.2386146,5.9361253,6.8270936,5.7931557,8.862344,5.544881,11.904993,14.216091,7.099281,9.909152,20.376104,8.346244,6.933912,8.414038,6.7217097,7.2091346,4.65444,6.1673875,5.676272,5.665753,6.5803375,6.261565,5.685665,8.638531,8.205678,5.3111844,5.441224,7.5363574,6.201194,7.206237,6.0857263,7.983253,6.551056,7.267028,6.2690954,6.1695023,6.0801487,5.726287,7.521712,7.86742,7.353031,8.419786,5.8779216,6.1482096,6.297736,19.743708
6.858782,5.390886,7.3367324,6.0574164,7.254906,7.7216134,9.625509,6.6006207,2.6717496,6.7654743,9.150761,7.9044585,8.251889,8.31888,6.739475,5.413854,7.7589784,8.194205,10.396957,8.993179,7.3381023,5.6664248,7.2386146,0.0,7.303642,6.767433,7.310096,6.404408,8.229963,10.819757,13.3542385,7.704107,11.313978,20.743313,8.500173,8.280662,8.493267,5.724203,5.5990086,8.426945,6.9023004,6.498675,7.545352,8.757334,8.500206,6.8850513,8.077685,7.7259536,7.162475,6.9067893,8.633561,5.4941816,7.1635923,8.012065,6.873646,7.564328,6.7052903,6.208179,7.1602087,6.8915443,8.756245,6.388479,8.009095,5.897239,7.6884947,7.5671906,8.648277,8.909624,20.39785
4.974331,8.880398,6.539721,6.7637386,5.2613688,6.023148,5.7943826,6.3974867,7.710452,6.5769067,6.771443,4.5839105,5.55408,4.8432317,4.891483,9.535444,5.9265175,5.6503224,10.49268,6.013036,4.9961834,6.729394,5.9361253,7.303642,0.0,4.5627794,3.6312292,10.305639,5.132528,10.905282,13.158192,6.622421,11.281687,20.45275,7.5724993,7.103384,7.4645844,7.7289076,7.3118443,6.033815,4.9811845,5.0523715,5.1749854,5.0546303,5.224065,4.7774224,6.7949944,6.5042477,4.5343666,5.466156,6.7610297,6.271064,7.1374493,5.290431,6.645147,5.5876904,7.0518684,5.653593,5.872348,5.209465,5.887922,8.777897,7.0163116,7.3226137,7.678731,6.3462563,4.7734156,4.8200297,19.606693
6.200452,8.131247,7.196712,6.208568,6.2389026,6.5781927,7.030665,5.9777575,7.329298,6.2939386,7.979684,5.4656453,6.9225926,6.4880567,5.7559347,8.912053,6.8110404,7.0187798,9.246682,7.6671677,6.1311426,5.6716375,6.8270936,6.767433,4.5627794,0.0,5.4492984,9.778322,5.857965,9.81734,12.352438,7.363035,11.092476,19.852085,7.256583,7.0868583,7.1615934,7.016129,6.3274665,7.1830726,5.576516,5.683093,6.25468,6.785118,6.7966266,5.6846943,6.6768956,6.3813133,5.8093057,5.9651937,6.6417313,5.50734,6.4257016,6.6668715,6.360402,5.814116,6.95503,5.8664384,6.716555,5.719136,7.193528,7.853858,7.038304,6.361394,6.739205,7.24549,5.8411603,5.95423,19.079155
5.6510134,9.21629,4.9730706,6.6429424,4.7671266,6.6782,5.7707505,6.827835,7.653686,6.78118,7.0083303,4.806998,6.308086,4.9746375,5.236568,9.458682,6.073381,5.967539,11.305329,6.7158747,4.0657196,7.5278316,5.7931557,7.310096,3.6312292,5.4492984,0.0,10.199109,5.2663617,11.533367,13.7215185,6.2761726,10.365905,20.555037,6.9916453,5.9681697,6.905327,7.9472404,7.4603195,6.1686826,5.8506503,5.097159,4.657674,5.7543507,5.4380636,5.3321395,7.1989136,7.0856586,3.8125532,4.9373827,6.2724915,6.6201386,6.972965,5.9579206,7.090664,6.632368,7.2228684,5.670983,4.457338,5.137741,6.280814,8.837874,6.600782,7.813434,8.019657,6.9510074,5.2239556,5.165875,19.48288
9.302456,5.377327,9.544772,8.129991,9.92999,9.815848,11.646696,8.623404,6.3978033,9.194862,10.701491,10.92143,10.628912,10.935538,9.2651005,4.617285,9.747185,10.412661,12.627302,11.040926,10.167816,8.400978,8.862344,6.404408,10.305639,9.778322,10.199109,0.0,10.528447,12.754252,14.792863,9.614334,10.956022,21.28322,10.084088,9.623858,10.886981,8.127407,8.652997,10.507246,10.031737,9.021248,10.17246,11.215801,11.095365,9.471039,10.377695,10.178267,9.938978,9.83831,10.545781,8.343335,9.453607,10.599359,10.134674,10.180844,8.548429,9.35091,9.797807,9.679679,10.908674,6.067736,10.351145,7.7040806,9.379358,9.691462,11.045723,11.229735,21.27878
5.5310016,9.684613,6.191501,6.5224037,4.791357,6.4779983,4.5354548,6.689942,8.798064,7.132176,5.825482,6.1430016,5.3115478,4.5168266,5.157072,10.079982,6.7111006,5.834762,11.11458,5.530575,5.2704105,7.3674245,5.544881,8.229963,5.132528,5.857965,5.2663617,10.528447,0.0,11.220396,13.487773,6.9208946,10.459374,20.216888,7.8732505,6.999332,7.3523993,7.840726,7.5267987,5.468589,5.490193,5.1881075,4.614831,5.6671963,4.947377,5.1420937,7.3747067,7.1519194,4.7039886,5.1489186,5.240209,6.654967,6.83214,5.3405795,7.469786,6.2468686,7.2527437,5.729271,5.9219995,4.965559,5.0348377,8.973906,7.308197,7.743187,8.180102,6.8384366,2.5423687,3.0247242,19.316566
11.024338,11.360674,11.629086,10.427438,11.191121,11.868215,12.708851,11.046688,11.375502,8.871575,12.766677,10.80053,11.789204,11.1826515,10.714314,12.483299,11.018895,12.39729,4.224176,12.538153,10.946948,9.38359,11.904993,10.819757,10.905282,9.81734,11.533367,12.754252,11.220396,0.0,5.515341,11.420822,15.1894455,20.817497,11.176181,12.192045,11.306322,10.9367695,10.343914,12.244138,10.327465,10.76505,11.257829,11.832868,11.155655,10.765471,9.727843,9.660092,11.124854,10.812717,11.309284,10.298197,9.64011,11.2930355,9.508472,10.577023,9.764672,10.311886,11.477468,10.498867,12.277655,12.019229,10.035821,10.768662,9.814151,10.52662,11.186268,11.389931,20.338827
13.4530945,13.782543,13.536701,12.799138,13.45593,13.887151,14.713997,13.493139,13.766444,11.038918,14.764772,12.966665,13.9079075,13.339341,13.067435,14.67574,13.377966,14.521983,8.224675,14.512661,13.050061,12.115195,14.216091,13.3542385,13.158192,12.352438,13.7215185,14.792863,13.487773,5.515341,0.0,13.538338,16.818245,21.597944,13.366369,14.239041,13.423676,13.332356,12.76761,14.381133,12.657717,13.008161,13.4006195,13.853858,13.311222,13.113132,11.585021,11.680868,13.272055,12.946497,13.163067,12.875543,12.032182,13.500585,11.799481,12.822082,11.837173,12.61193,13.502383,12.692659,14.3066225,14.213153,11.838373,13.298998,12.038304,12.725988,13.270577,13.4476595,21.29004
6.3590965,9.328306,6.446834,6.476283,5.7386928,6.36457,8.078564,7.736846,7.943369,6.973463,7.874702,6.8754377,6.6799383,6.820753,6.1467957,9.248565,7.1884203,7.1291122,11.523369,7.5587635,5.9546285,7.7179327,7.099281,7.704107,6.622421,7.363035,6.2761726,9.614334,6.9208946,11.420822,13.538338,0.0,11.565963,20.97048,7.6060357,7.965737,7.6443777,8.81759,8.65164,7.5368924,6.3207912,5.6098213,5.8122,7.3782735,7.395185,6.4307504,7.3826075,7.260891,5.645865,6.314129,7.571039,7.0643487,7.5758677,6.776395,6.836996,6.4671583,6.68713,5.661122,5.5489874,5.6579,7.060001,9.3538065,7.482136,8.522858,6.184193,7.0779805,6.864911,6.8953204,20.438742
10.675617,11.518828,9.508837,10.506851,10.672474,11.092557,10.285702,10.642611,10.976765,11.415531,11.003182,10.94133,11.575935,11.337897,10.604807,10.934438,11.072382,10.675619,15.07909,11.333564,10.5484,12.472819,9.909152,11.313978,11.281687,11.092476,10.365905,10.956022,10.459374,15.1894455,16.818245,11.565963,0.0,21.719378,10.773557,8.955046,11.642712,11.595586,11.666065,10.909528,11.6958685,10.398228,10.663018,11.371528,11.440989,10.739497,12.500113,12.542759,10.672644,10.464784,10.362352,11.050651,11.272742,11.685311,12.582587,11.817602,11.76257,11.125913,10.222151,10.957588,11.028499,10.100707,11.143756,11.150936,12.587566,12.048893,10.8600445,10.734508,20.677553
20.492306,20.63149,20.820032,20.249613,20.67809,21.043062,21.180094,19.94173,21.025944,20.237017,20.660173,20.698795,20.956749,20.563852,20.456398,21.021574,20.414457,21.125694,20.135155,21.107798,20.622272,19.812319,20.376104,20.743313,20.45275,19.852085,20.555037,21.28322,20.216888,20.817497,21.597944,20.97048,21.719378,0.0,20.564743,20.18706,21.082947,19.997543,19.957794,20.561686,20.684492,20.528482,20.91208,21.030172,20.614176,20.49456,20.549603,20.326149,20.740955,20.501112,20.603018,20.161514,20.141346,20.83118,20.703768,20.409847,20.09583,20.553743,20.956244,20.547739,21.171099,20.321413,20.588505,20.34958,20.137241,20.167143,20.503122,20.600418,8.698396
7.674047,9.574392,7.301821,7.815859,7.462971,8.672547,8.685694,8.272189,8.544742,7.286216,9.532588,7.2181797,8.797727,8.1839075,7.36139,9.519375,6.852192,9.019799,11.163308,9.406434,7.137611,8.732157,8.346244,8.500173,7.5724993,7.256583,6.9916453,10.084088,7.8732505,11.176181,13.366369,7.6060357,10.773557,20.564743,0.0,5.8010993,8.042654,10.098885,9.463162,9.336437,8.150189,6.9103017,7.538218,9.051298,8.556034,7.474895,7.572078,7.852144,7.3225846,7.846026,7.2892623,8.145043,8.272727,8.61535,8.374041,8.72852,8.309015,7.5885487,7.27335,7.3306274,9.058827,9.304492,7.2322493,8.851545,8.163325,8.853895,7.8545775,7.5944185,19.74723
7.7454386,9.418587,6.456435,7.5077705,7.397485,8.068668,7.074854,7.4512396,8.418911,8.212169,8.475198,6.477831,8.589069,8.010329,7.244938,8.692967,6.9697285,7.8808146,11.9135895,8.749812,7.057547,8.718851,6.933912,8.280662,7.103384,7.0868583,5.9681697,9.623858,6.999332,12.192045,14.239041,7.965737,8.955046,20.18706,5.8010993,0.0,8.267822,8.869595,8.556196,7.7385416,8.229601,6.800764,7.232731,8.300415,8.418171,7.2955136,8.446065,8.468875,6.9416723,6.9162307,6.9783745,7.671172,8.0972,8.7925825,9.394446,8.681346,8.380525,7.811026,6.8440957,7.327581,8.293183,7.745251,7.335655,8.129976,9.236053,9.0937605,7.468756,7.2048254,19.19461
7.716561,9.696912,6.453569,6.556895,6.7698107,7.850466,8.600776,7.809847,9.078982,6.632864,9.182527,7.936017,8.313819,7.6164184,7.1370463,10.5169115,8.455288,8.6374,11.265762,8.943985,6.492558,8.211605,8.414038,8.493267,7.4645844,7.1615934,6.905327,10.886981,7.3523993,11.306322,13.423676,7.6443777,11.642712,21.082947,8.042654,8.267822,0.0,8.959934,8.281717,8.404822,7.010238,6.459014,6.503373,8.468528,8.100505,7.0451126,7.095605,7.1770163,6.909574,6.896207,6.6820955,7.386088,6.736925,8.068126,7.3789997,7.712604,8.304639,6.6644373,6.4386196,6.3063087,8.202811,10.044592,7.2483087,8.296831,7.6866837,8.73853,7.5194144,7.5401382,20.079378
8.14803,6.5368557,7.9105816,6.6296635,7.901337,8.342875,9.355235,6.286599,7.0877843,8.113291,8.218364,8.4916525,8.341563,8.462391,7.4503613,7.613191,8.60738,8.22763,10.130423,8.8468485,7.97327,5.524679,6.7217097,5.724203,7.7289076,7.016129,7.9472404,8.127407,7.840726,10.9367695,13.332356,8.81759,11.595586,19.997543,10.098885,8.869595,8.959934,0.0,2.6802654,7.0471272,7.308625,7.705042,7.941712,8.964449,8.625677,7.5932703,8.825215,8.120649,7.5830956,6.7379518,8.805669,5.5343595,7.08672,8.378625,8.252325,7.785239,7.619634,7.581385,8.0561075,7.4206953,8.463931,6.4522257,8.2616625,6.1556334,8.463686,7.9396515,8.6531315,8.942286,19.611233
8.020608,6.782715,7.4399147,6.397443,7.6191754,8.340818,9.172361,6.48366,7.055121,7.357488,8.789801,8.054799,8.421417,8.147868,7.2448096,8.029498,8.216257,8.443495,9.498537,8.954121,7.4543715,5.4343753,7.2091346,5.5990086,7.3118443,6.3274665,7.4603195,8.652997,7.5267987,10.343914,12.76761,8.65164,11.666065,19.957794,9.463162,8.556196,8.281717,2.6802654,0.0,7.373633,7.0131173,7.3511267,7.660898,8.78327,8.322519,7.3003497,7.938865,7.3455753,7.2250566,6.668733,8.157343,5.683691,6.566806,8.24851,7.621367,7.8111515,7.508025,7.111647,7.64994,7.014811,8.568774,7.0766835,7.687329,6.140535,8.043337,8.196451,8.248952,8.516903,19.392494
6.4563994,9.643756,6.691187,6.8105426,6.6659994,5.9766526,6.0099025,5.6349587,9.253765,8.512228,5.0037494,6.667845,5.780243,6.633639,5.7434344,10.194395,8.209267,5.558744,11.738291,5.5294456,6.7516108,7.3078704,4.65444,8.426945,6.033815,7.1830726,6.1686826,10.507246,5.468589,12.244138,14.381133,7.5368924,10.909528,20.561686,9.336437,7.7385416,8.404822,7.0471272,7.373633,0.0,6.706118,5.93381,6.160837,6.4906077,7.0199323,5.7072797,8.8570385,8.247336,5.830374,5.700797,7.2324524,6.041316,7.419105,6.5641084,8.874723,6.2107587,8.058441,7.253493,6.750117,6.8839955,4.8599887,8.70297,7.743696,7.3284125,8.632433,7.3457747,6.2411838,6.2757936,19.644922
5.01308,8.449667,6.6551466,5.9797163,4.136699,5.9118295,7.2357225,6.797446,7.3740797,5.7145233,7.0721145,6.3684516,4.882689,4.4994006,4.8600416,9.254679,6.516339,6.3263,10.215864,6.0059023,4.892687,6.267254,6.1673875,6.9023004,4.9811845,5.576516,5.8506503,10.031737,5.490193,10.327465,12.657717,6.3207912,11.6958685,20.684492,8.150189,8.229601,7.010238,7.308625,7.0131173,6.706118,0.0,5.0409307,4.2287493,5.5705557,4.7679205,5.1230865,6.4578605,6.027094,4.5385656,4.8178887,7.083633,5.8790536,6.1959896,4.4341545,4.9482646,4.714351,6.5394187,3.8987553,5.485641,3.5735166,5.6945906,8.806958,7.0312777,7.4986134,7.2673993,5.6632733,5.150737,5.5342197,20.240553
4.3478622,8.329654,4.939301,4.742932,4.760271,5.32853,7.0068736,5.5685244,6.951448,5.41356,7.0524673,6.186319,5.793904,5.8202133,2.5503461,8.610529,6.7368164,6.28223,10.753309,6.3587456,4.7215405,6.247267,5.676272,6.498675,5.0523715,5.683093,5.097159,9.021248,5.1881075,10.76505,13.008161,5.6098213,10.398228,20.528482,6.9103017,6.800764,6.459014,7.705042,7.3511267,5.93381,5.0409307,0.0,4.81321,6.483115,6.3447504,2.550801,6.392532,6.155389,4.3797765,4.9782724,5.6849113,5.3777866,5.788307,5.833494,6.182474,5.679375,6.072294,4.2999387,4.70705,4.6330547,5.8809266,8.073653,6.6593165,6.398611,6.6880617,6.769817,5.6794543,5.759968,19.798738
5.1021447,9.24116,4.859675,6.321433,2.1341617,6.058611,6.2096906,6.9856257,7.8768277,6.452566,6.316392,6.0067306,4.65721,3.1447794,4.8987927,9.479758,6.1032095,5.9987845,11.350871,5.6030025,2.8966787,7.441532,5.665753,7.545352,5.1749854,6.25468,4.657674,10.17246,4.614831,11.257829,13.4006195,5.8122,10.663018,20.91208,7.538218,7.232731,6.503373,7.941712,7.660898,6.160837,4.2287493,4.81321,0.0,6.042551,3.8533669,5.1529727,7.11714,7.0722604,2.566066,4.2413006,6.014604,6.1610646,6.6480217,4.229442,5.8553405,5.7236843,7.346449,4.0235987,3.3411646,2.732925,4.8050227,8.811181,6.565774,7.9387774,7.5490975,6.1936393,4.340045,4.477045,20.21599
6.1525016,10.12492,7.813511,7.689971,6.1756806,6.509013,4.7728024,7.9187503,8.976486,8.180107,6.5591345,5.7777314,5.030153,5.607089,6.2582636,10.561039,7.5744143,4.4462085,11.455698,4.958491,6.8067546,8.54655,6.5803375,8.757334,5.0546303,6.785118,5.7543507,11.215801,5.6671963,11.832868,13.853858,7.3782735,11.371528,21.030172,9.051298,8.300415,8.468528,8.964449,8.78327,6.4906077,5.5705557,6.483115,6.042551,0.0,5.679675,6.4070463,8.374159,8.018071,6.0043106,6.6192403,7.8998523,7.796583,8.235405,5.283473,8.281418,6.1224217,8.014465,6.7449045,7.15081,6.5304966,5.046892,9.894263,8.496879,8.847915,9.21197,6.5926323,4.991779,5.3353844,20.186378
5.7008758,9.879762,7.0421615,7.912297,3.8616214,7.48092,6.4918838,7.9967346,8.886687,7.511353,6.6619997,6.595345,4.7265077,1.531813,5.7089067,10.445833,6.170469,6.5372124,11.144117,5.479899,4.6832743,8.141905,6.261565,8.500206,5.224065,6.7966266,5.4380636,11.095365,4.947377,11.155655,13.311222,7.395185,11.440989,20.614176,8.556034,8.418171,8.100505,8.625677,8.322519,7.0199323,4.7679205,6.3447504,3.8533669,5.679675,0.0,6.008971,8.0152855,7.8344345,4.205437,5.6731324,7.5160995,7.4666505,7.6364336,3.3460283,6.4331546,6.201493,7.845545,5.719299,5.9040728,4.764566,5.5393896,9.703499,7.780159,8.977925,8.733267,6.0034666,4.1441855,4.6573935,19.969091
4.092351,8.523595,5.795558,5.468372,5.194322,5.674641,6.960337,5.297487,7.4767013,6.0260305,6.969335,5.9859204,5.572805,5.467627,1.986354,9.001047,6.9131413,6.4169946,10.548974,6.0203896,5.1226044,6.3027124,5.685665,6.8850513,4.7774224,5.6846943,5.3321395,9.471039,5.1420937,10.765471,13.113132,6.4307504,10.739497,20.49456,7.474895,7.2955136,7.0451126,7.5932703,7.3003497,5.7072797,5.1230865,2.550801,5.1529727,6.4070463,6.008971,0.0,6.8541574,6.4071097,4.6414165,5.2491264,6.0163717,5.434047,6.0687685,5.487192,6.387052,5.508507,6.5011115,5.2398076,5.6929,5.2852993,5.8109455,8.154658,6.7775173,6.5214596,7.2648196,6.9922967,5.531083,5.6145782,19.683928
7.550561,9.096876,6.855285,6.292236,7.08888,8.23583,8.989366,8.089982,8.733384,4.6045713,9.703134,7.660027,8.565141,7.6484895,7.02362,10.117819,7.7446675,9.109893,10.087603,9.314941,6.8201113,7.0132565,8.638531,8.077685,6.7949944,6.6768956,7.1989136,10.377695,7.3747067,9.727843,11.585021,7.3826075,12.500113,20.549603,7.572078,8.446065,7.095605,8.825215,7.938865,8.8570385,6.4578605,6.392532,7.11714,8.374159,8.0152855,6.8541574,0.0,1.8352445,7.0292096,7.1344285,5.4913664,7.624807,5.856351,8.111635,6.3247285,7.732674,6.6201158,6.3997736,7.1424813,6.309786,8.9022255,9.779089,5.9670787,7.5194025,6.6066937,8.532177,7.142445,7.1376133,20.043196
7.2571106,8.645142,6.8837824,5.7515945,7.0309024,7.923115,8.870309,7.4219875,8.567863,4.6023507,9.254394,7.545426,8.215358,7.454806,6.5868597,9.915187,7.8469963,8.760926,9.744154,8.937769,6.8704166,6.3123345,8.205678,7.7259536,6.5042477,6.3813133,7.0856586,10.178267,7.1519194,9.660092,11.680868,7.260891,12.542759,20.326149,7.852144,8.468875,7.1770163,8.120649,7.3455753,8.247336,6.027094,6.155389,7.0722604,8.018071,7.8344345,6.4071097,1.8352445,0.0,6.904799,6.8360906,5.6184297,7.0708294,5.2269545,7.824299,6.135024,7.2096815,6.339802,6.336933,7.225035,6.303062,8.557753,9.408275,5.9575305,6.9442387,6.3932114,8.181628,7.075394,7.146873,19.839455
4.838313,8.951507,4.516302,6.189846,2.7385476,5.9864426,6.2775836,6.5626,7.5861998,6.3854547,6.2581396,5.631992,4.6708026,3.5596979,4.327532,9.249449,5.7952743,5.9869165,11.146326,5.445202,2.4444406,6.948772,5.3111844,7.162475,4.5343666,5.8093057,3.8125532,9.938978,4.7039886,11.124854,13.272055,5.645865,10.672644,20.740955,7.3225846,6.9416723,6.909574,7.5830956,7.2250566,5.830374,4.5385656,4.3797765,2.566066,6.0043106,4.205437,4.6414165,7.0292096,6.904799,0.0,4.1922674,6.1467547,5.9444656,6.4038424,4.3064756,5.842097,5.5940866,7.027203,4.2720575,3.2537427,3.606943,4.8453197,8.563582,6.358249,7.5945654,7.3801174,6.1485224,4.4866753,4.5900874,20.011538
5.8853226,8.844528,4.8908253,5.750869,4.2534575,6.4066615,6.7952676,6.3960853,7.5523996,6.1773934,6.5985274,5.8081636,6.100135,5.3132157,4.9606924,9.144848,7.255119,6.5009675,10.80499,6.832659,4.0300407,6.5336227,5.441224,6.9067893,5.466156,5.9651937,4.9373827,9.83831,5.1489186,10.812717,12.946497,6.314129,10.464784,20.501112,7.846026,6.9162307,6.896207,6.7379518,6.668733,5.700797,4.8178887,4.9782724,4.2413006,6.6192403,5.6731324,5.2491264,7.1344285,6.8360906,4.1922674,0.0,6.1493797,5.290796,6.034704,5.956226,6.792002,6.019373,6.65428,4.584087,4.2049565,3.915902,5.948458,8.172764,5.5515122,7.3144217,7.762271,6.4763355,5.490582,5.727037,19.84015
7.130116,9.739984,5.1729474,5.8950977,6.278717,7.4734,6.724935,7.222261,9.206952,6.075599,8.369847,7.2186894,7.9113913,6.9753146,6.3599496,10.277263,7.996353,7.9429774,11.496496,8.2369,6.106405,7.725435,7.5363574,8.633561,6.7610297,6.6417313,6.2724915,10.545781,5.240209,11.309284,13.163067,7.571039,10.362352,20.603018,7.2892623,6.9783745,6.6820955,8.805669,8.157343,7.2324524,7.083633,5.6849113,6.014604,7.8998523,7.5160995,6.0163717,5.4913664,5.6184297,6.1467547,6.1493797,0.0,7.2342663,6.009652,7.8645597,7.8726935,7.7521734,7.6435466,6.673531,6.1840863,6.0053625,7.5082474,9.260374,5.7451835,7.3011947,7.4657965,8.917619,5.6069207,5.4361134,19.683779
5.787063,7.155675,6.4659443,5.123607,6.3824806,5.9954996,8.33639,3.3808243,6.4107013,6.3434386,7.572684,6.757339,6.7428846,7.0830045,5.415244,7.866103,7.8185587,7.1502504,9.749454,7.4681244,6.2642293,4.3634405,6.201194,5.4941816,6.271064,5.50734,6.6201386,8.343335,6.654967,10.298197,12.875543,7.0643487,11.050651,20.161514,8.145043,7.671172,7.386088,5.5343595,5.683691,6.041316,5.8790536,5.3777866,6.1610646,7.796583,7.4666505,5.434047,7.624807,7.0708294,5.9444656,5.290796,7.2342663,0.0,6.160327,6.7958922,6.588502,5.2863417,6.8265476,5.8504367,6.208068,5.8860297,6.740206,6.1303816,6.8818784,5.757567,6.678995,6.888922,7.143801,7.3423557,19.684359
7.2214813,7.5463634,5.883772,4.148583,6.649559,7.8011374,8.670771,6.5049596,8.150454,5.111665,8.510361,7.8228374,7.78593,7.2909284,5.9999356,9.214942,8.091565,8.242374,9.646859,8.464399,6.616143,5.9051456,7.206237,7.1635923,7.1374493,6.4257016,6.972965,9.453607,6.83214,9.64011,12.032182,7.5758677,11.272742,20.141346,8.272727,8.0972,6.736925,7.08672,6.566806,7.419105,6.1959896,5.788307,6.6480217,8.235405,7.6364336,6.0687685,5.856351,5.2269545,6.4038424,6.034704,6.009652,6.160327,0.0,7.5741477,6.3944006,6.9344316,6.419489,5.7928457,6.5897074,6.196436,7.9290752,8.489047,5.7521005,6.0261374,6.389831,7.9395413,7.3094573,7.52631,19.598936
4.787267,9.3623085,7.359071,7.331045,4.10978,6.492019,6.683339,7.4174266,8.468234,7.360617,6.1435213,6.489655,2.4667609,3.0614843,5.066577,9.980837,6.677263,5.4380474,11.111007,3.7879548,5.2688413,7.51027,6.0857263,8.012065,5.290431,6.6668715,5.9579206,10.599359,5.3405795,11.2930355,13.500585,6.776395,11.685311,20.83118,8.61535,8.7925825,8.068126,8.378625,8.24851,6.5641084,4.4341545,5.833494,4.229442,5.283473,3.3460283,5.487192,8.111635,7.824299,4.3064756,5.956226,7.8645597,6.7958922,7.5741477,0.0,6.271385,4.9301305,7.5756197,5.490035,6.210983,5.1388245,4.0921082,9.301798,8.076641,8.589289,8.04494,5.496009,4.6709747,5.135228,20.271544
6.1188073,8.38602,7.350621,6.5483494,5.7184305,7.5054526,9.664824,7.5007205,7.4157867,5.3855996,9.278222,7.502866,7.229188,6.100429,6.216996,9.538119,7.4527407,8.798683,9.802805,8.454482,5.805348,6.4801173,7.983253,6.873646,6.645147,6.360402,7.090664,10.134674,7.469786,9.508472,11.799481,6.836996,12.582587,20.703768,8.374041,9.394446,7.3789997,8.252325,7.621367,8.874723,4.9482646,6.182474,5.8553405,8.281418,6.4331546,6.387052,6.3247285,6.135024,5.842097,6.792002,7.8726935,6.588502,6.3944006,6.271385,0.0,5.964859,7.135663,4.687854,6.3850036,5.433623,8.090848,9.397376,7.302691,7.967863,6.4709225,7.018344,7.0777006,7.341365,20.226376
5.1267185,8.741853,7.501489,6.310171,5.9972024,4.1937275,7.400424,5.960805,8.091692,6.8994913,6.6508923,6.1862097,4.716453,5.8014884,5.2754955,9.64521,7.8190937,6.183857,10.190824,5.6452994,6.348824,5.9350615,6.551056,7.564328,5.5876904,5.814116,6.632368,10.180844,6.2468686,10.577023,12.822082,6.4671583,11.817602,20.409847,8.72852,8.681346,7.712604,7.785239,7.8111515,6.2107587,4.714351,5.679375,5.7236843,6.1224217,6.201493,5.508507,7.732674,7.2096815,5.5940866,6.019373,7.7521734,5.2863417,6.9344316,4.9301305,5.964859,0.0,7.056625,5.870081,6.619905,5.8498244,5.133758,8.589237,7.589887,7.4935317,6.8278866,5.8427677,5.935263,6.2268443,19.981123
7.144262,8.000512,7.488969,6.2016654,7.076455,7.9500213,8.832878,7.468613,7.358397,6.011389,8.609362,7.681688,7.676584,7.680189,6.2996125,8.605772,7.637537,7.9043193,9.880778,8.38541,7.2522035,6.8138103,7.267028,6.7052903,7.0518684,6.95503,7.2228684,8.548429,7.2527437,9.764672,11.837173,6.68713,11.76257,20.09583,8.309015,8.380525,8.304639,7.619634,7.508025,8.058441,6.5394187,6.072294,7.346449,8.014465,7.845545,6.5011115,6.6201158,6.339802,7.027203,6.65428,7.6435466,6.8265476,6.419489,7.5756197,7.135663,7.056625,0.0,6.255242,7.4621077,6.561025,8.181824,8.389174,7.2470717,7.421499,6.9477262,7.156096,7.522291,7.7829576,19.873224
5.0291977,8.289266,5.488987,5.0070767,3.6928582,6.211677,7.782761,6.8632936,6.521987,5.0286303,7.6637244,6.5591726,6.0061765,5.3451877,5.0223794,8.648204,6.4390264,6.9162645,10.558547,7.075827,4.0923066,6.6815424,6.2690954,6.208179,5.653593,5.8664384,5.670983,9.35091,5.729271,10.311886,12.61193,5.661122,11.125913,20.553743,7.5885487,7.811026,6.6644373,7.581385,7.111647,7.253493,3.8987553,4.2999387,4.0235987,6.7449045,5.719299,5.2398076,6.3997736,6.336933,4.2720575,4.584087,6.673531,5.8504367,5.7928457,5.490035,4.687854,5.870081,6.255242,0.0,4.217223,2.9378297,6.498761,8.509507,6.7489715,7.487832,6.8315406,5.993109,5.679452,5.9903293,20.00803
5.8493567,9.133811,2.998186,5.990915,3.69157,6.3100247,7.2932863,7.097261,7.368083,6.0670567,7.3669076,6.3614826,6.4677286,5.4265523,5.391765,9.172881,6.686189,6.8998528,11.687154,7.185199,2.653928,7.577533,6.1695023,7.1602087,5.872348,6.716555,4.457338,9.797807,5.9219995,11.477468,13.502383,5.5489874,10.222151,20.956244,7.27335,6.8440957,6.4386196,8.0561075,7.64994,6.750117,5.485641,4.70705,3.3411646,7.15081,5.9040728,5.6929,7.1424813,7.225035,3.2537427,4.2049565,6.1840863,6.208068,6.5897074,6.210983,6.3850036,6.619905,7.4621077,4.217223,0.0,3.6194158,6.280703,8.759883,6.0187535,7.8814716,7.4845037,6.8875933,5.969221,5.954445,20.217522
5.3091598,8.654243,5.1151495,5.7019725,2.7723994,6.1826797,7.0228696,7.0096855,7.209636,5.423745,7.1457677,6.4273334,5.61244,4.293262,5.0725455,8.929001,6.116059,6.6492357,10.672902,6.679371,3.3171754,6.710747,6.0801487,6.8915443,5.209465,5.719136,5.137741,9.679679,4.965559,10.498867,12.692659,5.6579,10.957588,20.547739,7.3306274,7.327581,6.3063087,7.4206953,7.014811,6.8839955,3.5735166,4.6330547,2.732925,6.5304966,4.764566,5.2852993,6.309786,6.303062,3.606943,3.915902,6.0053625,5.8860297,6.196436,5.1388245,5.433623,5.8498244,6.561025,2.9378297,3.6194158,0.0,6.0102644,8.511951,6.4347486,7.5905156,7.087518,6.095163,4.844832,5.1014867,19.99412
5.738851,10.047186,7.0371695,7.3375263,5.284644,5.353797,5.276312,7.00105,9.207376,8.398136,4.7796707,6.4660096,2.7810984,5.1209617,5.5382476,10.335379,7.7788253,4.002557,12.032278,2.6187532,6.120466,7.9737487,5.726287,8.756245,5.887922,7.193528,6.280814,10.908674,5.0348377,12.277655,14.3066225,7.060001,11.028499,21.171099,9.058827,8.293183,8.202811,8.463931,8.568774,4.8599887,5.6945906,5.8809266,4.8050227,5.046892,5.5393896,5.8109455,8.9022255,8.557753,4.8453197,5.948458,7.5082474,6.740206,7.9290752,4.0921082,8.090848,5.133758,8.181824,6.498761,6.280703,6.0102644,0.0,9.262839,8.2467165,8.409678,8.597715,6.639195,4.935971,5.13833,20.447626
