0,1,2,3,4,5,6,7,8,9,10,11,12,13,14,15,16,17,18,19,20,21,22,23,24,25,26,27,28,29,30,31,32,33,34,35,36,37,38,39,40,41,42,43,44,45,46,47,48,49,50,51,52,53,54,55,56,57,58
1.0,0.88963056,0.8887506,0.9016826,0.847333,0.87041616,0.91675484,0.91534734,0.8847976,0.89156395,0.88794816,0.87631047,0.8837414,0.8963171,0.58755225,0.8801791,0.9018177,0.9485909,0.8201075,0.8839865,0.7667513,0.8749782,0.851007,0.88962394,0.65969884,0.72067237,0.89918613,0.8801105,0.5284989,0.8159396,0.84976315,0.82081753,0.88619834,0.8296111,0.9038162,0.86561257,0.8956598,0.8762621,0.9144574,0.9009844,0.889643,0.7750582,0.8228212,0.87270665,0.87535,0.8143321,0.8774766,0.8709091,0.88656926,0.91271925,0.890944,0.9150974,0.8766293,0.8839309,0.6432082,0.90179026,0.8550867,0.879086,0.93424916
0.88963056,0.9999995,0.87637794,0.89689445,0.8668519,0.86759824,0.88111687,0.8817159,0.8845129,0.8761715,0.8646779,0.9435972,0.8422068,0.9747894,0.554281,0.86833185,0.87433386,0.92435277,0.71990466,0.89284426,0.79981124,0.86520535,0.866929,0.93266296,0.5885267,0.7099711,0.9494796,0.86363363,0.48541805,0.85325193,0.8586012,0.8873184,0.9446169,0.8904444,0.94138503,0.8582232,0.9483987,0.86572886,0.8863305,0.8725182,0.8815015,0.71245974,0.92883384,0.84396905,0.8320772,0.84974474,0.83349013,0.8535601,0.8954075,0.8683989,0.986194,0.87232953,0.8355315,0.92552805,0.5868209,0.93637955,0.8783414,0.90110743,0.90736127
0.8887506,0.87637794,1.0000005,0.98387134,0.85175645,0.8667307,0.85580015,0.96586037,0.8265191,0.8880123,0.8066349,0.8698622,0.8159949,0.866122,0.5495038,0.9069091,0.97912216,0.9081174,0.7517868,0.8683057,0.7135529,0.86163586,0.7972311,0.8564229,0.5722793,0.8683307,0.8526553,0.8383338,0.518918,0.77580935,0.7793922,0.77278775,0.8503785,0.821605,0.85875386,0.9060276,0.8560832,0.870219,0.9430009,0.8943587,0.8194622,0.7046155,0.83707213,0.87344104,0.8427991,0.776214,0.8852863,0.89880943,0.8297207,0.96297497,0.88016766,0.8279279,0.86632097,0.8398429,0.5470739,0.85068196,0.79053503,0.80529046,0.871015
0.9016826,0.89689445,0.98387134,0.99999994,0.8551688,0.8729418,0.86596733,0.974375,0.84520715,0.9035242,0.8208947,0.88880813,0.8310199,0.8876337,0.55322623,0.9152069,0.9875766,0.92917216,0.7524735,0.8810626,0.72624475,0.8654935,0.81877893,0.87941086,0.5786511,0.83727306,0.87317693,0.8511813,0.5133314,0.7903841,0.7967478,0.80324435,0.87406576,0.8358674,0.8827809,0.9059632,0.8787502,0.8774241,0.95741737,0.907779,0.83062047,0.7132518,0.8585167,0.8828117,0.8519201,0.79202217,0.89232695,0.8930689,0.8563123,0.9700228,0.9009353,0.8524134,0.8734915,0.8698254,0.5628886,0.8752754,0.81188506,0.8350369,0.8879789
0.847333,0.8668519,0.85175645,0.8551688,1.0000001,0.9123843,0.87075603,0.8706684,0.84027654,0.88176686,0.857204,0.8602321,0.8379957,0.8475395,0.5744289,0.87418574,0.8510349,0.84806067,0.7334477,0.8762948,0.84608555,0.8674419,0.8655216,0.83515096,0.5774186,0.76050025,0.89339274,0.87194806,0.57485515,0.91864234,0.86406606,0.8072872,0.8346157,0.89054406,0.8911232,0.8920336,0.8802465,0.8727727,0.8753862,0.8797173,0.84981525,0.7195552,0.7841667,0.868992,0.8687826,0.88933164,0.8682896,0.87539726,0.8354532,0.8653108,0.8677094,0.79951006,0.8680055,0.86810106,0.5596522,0.84542644,0.82954246,0.8409345,0.8427916
0.87041616,0.86759824,0.8667307,0.8729418,0.9123843,0.9999999,0.90249497,0.9056127,0.8904145,0.93087614,0.87978286,0.8965406,0.90117747,0.86372024,0.54614794,0.9283631,0.87229353,0.8719946,0.75449514,0.9289249,0.79735947,0.9172051,0.8846094,0.8770873,0.58868504,0.74223274,0.8749379,0.9099624,0.5562736,0.8668159,0.87222683,0.8031112,0.86006904,0.9262077,0.87351424,0.93198854,0.86768055,0.9313588,0.9150733,0.9205779,0.88233995,0.75611615,0.7901791,0.9339353,0.9142309,0.85384303,0.9174284,0.9099778,0.84419924,0.88796127,0.8685092,0.85821736,0.9272175,0.8507154,0.5702694,0.85862106,0.8476519,0.8553636,0.89630854
0.91675484,0.88111687,0.85580015,0.86596733,0.87075603,0.90249497,1.0000002,0.88175344,0.90393275,0.9245968,0.90614355,0.89760613,0.9216764,0.8822497,0.6176562,0.91589814,0.8613012,0.9188616,0.78214306,0.9335352,0.8007969,0.92815864,0.8840156,0.8931999,0.63783854,0.70073044,0.88842005,0.93969685,0.5657338,0.8498181,0.87811124,0.8222983,0.8794702,0.8621557,0.8926953,0.8829279,0.8883101,0.9173916,0.8989826,0.93362355,0.92676926,0.78572726,0.80270755,0.9174257,0.9221591,0.8571676,0.9106158,0.9044292,0.8833564,0.87961984,0.88489807,0.9238662,0.9206024,0.8624206,0.6168755,0.90948576,0.86593366,0.8794012,0.91971856
0.91534734,0.8817159,0.96586037,0.974375,0.8706684,0.9056127,0.88175344,0.99999976,0.8561437,0.9377745,0.8451145,0.8796753,0.864414,0.88788265,0.5706589,0.9316,0.98581564,0.9138388,0.7909403,0.9024675,0.7418501,0.8941977,0.8360582,0.88032037,0.60921633,0.81991446,0.87716454,0.88025534,0.5406093,0.8041414,0.8220534,0.7916615,0.859933,0.84273905,0.8835684,0.91210616,0.87154317,0.90610844,0.9750198,0.93235,0.8525877,0.7595858,0.81350785,0.9238423,0.88901377,0.8018255,0.92300034,0.9081528,0.8626355,0.9725492,0.8783899,0.8573283,0.91269815,0.8678292,0.58843285,0.866933,0.8390434,0.8398111,0.8831612
0.8847976,0.8845129,0.8265191,0.84520715,0.84027654,0.8904145,0.90393275,0.8561437,1.0,0.895031,0.9100943,0.92004573,0.8831785,0.8908212,0.5722343,0.88535917,0.8328488,0.88865614,0.7550185,0.9341556,0.8094615,0.9164047,0.88004017,0.9149764,0.62989783,0.65837425,0.87792313,0.89836735,0.527338,0.84517175,0.8796223,0.85290754,0.9067863,0.8962796,0.8878362,0.8573937,0.88966125,0.90241206,0.8628445,0.88786983,0.9230412,0.7652227,0.8269897,0.88814384,0.88116074,0.84840006,0.87628263,0.86079884,0.87622845,0.8448787,0.8861743,0.9076209,0.8811406,0.8884578,0.6143354,0.91324806,0.8535395,0.8970936,0.91855276
0.89156395,0.8761715,0.8880123,0.9035242,0.88176686,0.93087614,0.9245968,0.9377745,0.895031,0.9999999,0.8799181,0.8845694,0.899584,0.880769,0.5845127,0.9700172,0.91380244,0.89172065,0.790514,0.9608569,0.7944268,0.94887424,0.8803819,0.8980952,0.6334646,0.752225,0.89346206,0.94584185,0.59543663,0.848554,0.8702862,0.81479704,0.88694644,0.8720981,0.8977984,0.9196517,0.88607,0.961738,0.95362395,0.9707161,0.90382975,0.798266,0.7994542,0.97929794,0.960093,0.8479664,0.9584825,0.93392473,0.90114975,0.91690814,0.87631583,0.8879424,0.9618425,0.8663631,0.6151709,0.8915812,0.875345,0.8604683,0.89318514
0.88794816,0.8646779,0.8066349,0.8208947,0.857204,0.87978286,0.90614355,0.8451145,0.9100943,0.8799181,1.0,0.86737585,0.90543544,0.8742641,0.58354414,0.86192703,0.811953,0.8693099,0.8055648,0.8947438,0.8054613,0.8777493,0.91924006,0.8698497,0.68448627,0.63623863,0.88189673,0.9164814,0.5685941,0.8415726,0.8929181,0.81464887,0.8512155,0.8601685,0.8863621,0.8416195,0.8632473,0.8825457,0.8617213,0.90681076,0.96074474,0.8012811,0.77095866,0.87306535,0.8936157,0.8306627,0.8876947,0.8374009,0.8529549,0.8564539,0.8633047,0.8828959,0.89851224,0.86255485,0.6648703,0.90308577,0.8503015,0.87696844,0.88593763
0.87631047,0.9435972,0.8698622,0.88880813,0.8602321,0.8965406,0.89760613,0.8796753,0.92004573,0.8845694,0.86737585,0.99999964,0.8555609,0.9386904,0.54683864,0.8986138,0.8631929,0.9105389,0.7104615,0.91667,0.8095117,0.8942306,0.85893077,0.95287883,0.5765501,0.7039344,0.8947196,0.8711277,0.49988738,0.8712452,0.84885687,0.88963735,0.9240898,0.89553845,0.89614016,0.8749707,0.9226438,0.88370055,0.8746858,0.87728673,0.8850081,0.69863385,0.89683366,0.87796134,0.84536064,0.8798183,0.8621081,0.8861842,0.88340795,0.8588612,0.9384004,0.8794715,0.86535627,0.8872613,0.5757343,0.9254724,0.8511918,0.89209306,0.92150855
0.8837414,0.8422068,0.8159949,0.8310199,0.8379957,0.90117747,0.9216764,0.864414,0.8831785,0.899584,0.90543544,0.8555609,1.0,0.84727806,0.56112015,0.880424,0.8334533,0.85921794,0.74144346,0.9122641,0.77941364,0.89248204,0.90044343,0.8539117,0.60748994,0.64615655,0.85057676,0.9361136,0.5371531,0.813465,0.90813625,0.7838359,0.84175014,0.8486539,0.85861486,0.8365978,0.8440254,0.8879561,0.8884721,0.9001558,0.90156114,0.77760017,0.7474487,0.8954059,0.9013015,0.8080996,0.8833032,0.84870636,0.844656,0.8514838,0.8419479,0.8870963,0.89496094,0.8451641,0.5893165,0.87084377,0.84995776,0.856787,0.8897085
0.8963171,0.9747894,0.866122,0.8876337,0.8475395,0.86372024,0.8822497,0.88788265,0.8908212,0.880769,0.8742641,0.9386904,0.84727806,1.0000001,0.57967424,0.86888134,0.874974,0.91869825,0.75004613,0.8913879,0.80676454,0.87442416,0.8627183,0.9445607,0.6211153,0.69627696,0.9454868,0.8638074,0.48069793,0.8446319,0.8593612,0.89145875,0.93946594,0.8591664,0.9449304,0.8552527,0.9407731,0.87110883,0.89211607,0.88324606,0.882948,0.7437937,0.8953177,0.8541078,0.84109926,0.84352857,0.8503393,0.84669375,0.912091,0.86942244,0.9620996,0.88599783,0.8504019,0.93359524,0.6291154,0.9353428,0.9054445,0.9106866,0.89965975
0.58755225,0.554281,0.5495038,0.55322623,0.5744289,0.54614794,0.6176562,0.5706589,0.5722343,0.5845127,0.58354414,0.54683864,0.56112015,0.57967424,0.9999999,0.56930244,0.556248,0.59211457,0.55354846,0.58174336,0.6446632,0.58694285,0.53763574,0.59801406,0.5449687,0.42435735,0.6186177,0.579687,0.638316,0.6252407,0.60318947,0.59814376,0.5827353,0.4902879,0.6121898,0.544886,0.6118576,0.58448845,0.56742144,0.5891675,0.57999456,0.5505492,0.5037397,0.58361435,0.5957738,0.6250791,0.5790297,0.5691726,0.6345649,0.5509667,0.5408186,0.61420095,0.58014023,0.5842617,0.55659103,0.5881847,0.64270157,0.61494315,0.5743428
0.8801791,0.86833185,0.9069091,0.9152069,0.87418574,0.9283631,0.91589814,0.9316,0.88535917,0.9700172,0.86192703,0.8986138,0.880424,0.86888134,0.56930244,1.0,0.9163352,0.88945603,0.76418376,0.9536348,0.77485716,0.94072104,0.8467291,0.89146435,0.59957826,0.7783092,0.8626259,0.92582244,0.59107953,0.8293312,0.8358122,0.7884561,0.86736894,0.86618793,0.8703097,0.9333422,0.8617618,0.95698196,0.94458693,0.9541236,0.8917149,0.75780505,0.8004786,0.98187906,0.94315535,0.83013284,0.96768814,0.9582386,0.87720776,0.9184042,0.8708896,0.8709179,0.9644941,0.84265196,0.5754993,0.87665164,0.8381998,0.8261648,0.89997476
0.9018177,0.87433386,0.97912216,0.9875766,0.8510349,0.87229353,0.8613012,0.98581564,0.8328488,0.91380244,0.811953,0.8631929,0.8334533,0.874974,0.556248,0.9163352,0.9999996,0.9101589,0.77192646,0.8773417,0.71933246,0.8679681,0.80725914,0.8656341,0.58388084,0.8499279,0.8646574,0.85287607,0.51850027,0.7810647,0.79277456,0.7833166,0.8548099,0.8168416,0.8755443,0.902105,0.86312056,0.88020337,0.96661305,0.9132878,0.82087314,0.7330345,0.82210004,0.89559853,0.8619181,0.78282934,0.9024762,0.89636767,0.85403556,0.9726185,0.87401074,0.8429623,0.8830503,0.8609158,0.56382364,0.855469,0.8152223,0.8235355,0.8736131
0.9485909,0.92435277,0.9081174,0.92917216,0.84806067,0.8719946,0.9188616,0.9138388,0.88865614,0.89172065,0.8693099,0.9105389,0.85921794,0.91869825,0.59211457,0.88945603,0.9101589,0.9999999,0.7852651,0.88666105,0.7757089,0.87000644,0.84855986,0.9154692,0.6275476,0.7365292,0.9149058,0.8734945,0.51283544,0.82663476,0.84112036,0.8621848,0.92133296,0.8568359,0.92119724,0.88226086,0.9216568,0.8792926,0.9172666,0.8947191,0.8771244,0.7442578,0.8859985,0.8661609,0.85461223,0.8333433,0.86349857,0.87463355,0.89827776,0.9115003,0.9267403,0.9310614,0.8615707,0.9037252,0.61944354,0.9163524,0.85964066,0.9015943,0.9481951
0.8201075,0.71990466,0.7517868,0.7524735,0.7334477,0.75449514,0.78214306,0.7909403,0.7550185,0.790514,0.8055648,0.7104615,0.74144346,0.75004613,0.55354846,0.76418376,0.77192646,0.7852651,1.0,0.7509254,0.67511046,0.7566592,0.75851494,0.7442348,0.7586454,0.63779473,0.7718944,0.76607937,0.53913796,0.7059558,0.7398296,0.6817309,0.72907317,0.69816256,0.775271,0.75349855,0.7463075,0.7789782,0.78996885,0.8196136,0.77569544,0.90345836,0.63589305,0.77996945,0.8030646,0.696381,0.80872166,0.7495323,0.77752113,0.8060558,0.7174683,0.79190624,0.8094951,0.7465792,0.7333622,0.7542231,0.76867825,0.7395285,0.7622328
0.8839865,0.89284426,0.8683057,0.8810626,0.8762948,0.9289249,0.9335352,0.9024675,0.9341556,0.9608569,0.8947438,0.91667,0.9122641,0.8913879,0.58174336,0.9536348,0.8773417,0.88666105,0.7509254,1.0,0.81470346,0.9835612,0.8952112,0.9199629,0.6150416,0.7173167,0.8933847,0.9526611,0.5762652,0.8665912,0.89008725,0.84927034,0.90406454,0.90215564,0.8929171,0.8914978,0.8941523,0.96488345,0.9160687,0.94386953,0.91505545,0.7721382,0.82262987,0.95671296,0.9386307,0.8608907,0.9333222,0.9226213,0.8918442,0.88545406,0.89267474,0.8882357,0.9429132,0.8694428,0.59487164,0.90743756,0.8736101,0.88401484,0.9077548
0.7667513,0.79981124,0.7135529,0.72624475,0.84608555,0.79735947,0.8007969,0.7418501,0.8094615,0.7944268,0.8054613,0.8095117,0.77941364,0.80676454,0.6446632,0.77485716,0.71933246,0.7757089,0.67511046,0.81470346,1.0000001,0.8114574,0.81899714,0.831658,0.6162016,0.58678365,0.8483561,0.8014318,0.5157161,0.92957747,0.8657583,0.8444731,0.82163763,0.79141337,0.8434207,0.73804903,0.8530729,0.7928741,0.7548387,0.7875323,0.7939562,0.68037087,0.7342627,0.7904134,0.80272055,0.9268461,0.7623105,0.7705112,0.85655576,0.73098016,0.78215766,0.781317,0.78319514,0.82945806,0.6398706,0.8150387,0.84195536,0.8552252,0.78096575
0.8749782,0.86520535,0.86163586,0.8654935,0.8674419,0.9172051,0.92815864,0.8941977,0.9164047,0.94887424,0.8777493,0.8942306,0.89248204,0.87442416,0.58694285,0.94072104,0.8679681,0.87000644,0.7566592,0.9835612,0.8114574,1.0000002,0.86857724,0.90045214,0.61394894,0.72874916,0.8797728,0.94131523,0.57067156,0.86101633,0.8762166,0.8299307,0.8785504,0.87834376,0.87981296,0.8880379,0.880885,0.96378887,0.90336025,0.93973374,0.8958552,0.7711017,0.7914283,0.95096356,0.938274,0.8569377,0.9301479,0.92638147,0.8790046,0.87943506,0.8629453,0.87051094,0.9415413,0.8556174,0.5955275,0.88662034,0.863238,0.8688424,0.8817711
0.851007,0.866929,0.7972311,0.81877893,0.8655216,0.8846094,0.8840156,0.8360582,0.88004017,0.8803819,0.91924006,0.85893077,0.90044343,0.8627183,0.53763574,0.8467291,0.80725914,0.84855986,0.75851494,0.8952112,0.81899714,0.86857724,1.0,0.8643837,0.62429625,0.632376,0.8756973,0.91114205,0.5391766,0.85915244,0.9078182,0.8344341,0.863147,0.8863838,0.87657326,0.8235001,0.86159384,0.8777119,0.8564678,0.9018996,0.891765,0.77900094,0.797148,0.8590791,0.88317126,0.8510093,0.85765296,0.8169879,0.8478685,0.84850174,0.8647704,0.86290467,0.8830698,0.85921836,0.60853213,0.8753134,0.8369837,0.8784225,0.87620074
0.88962394,0.93266296,0.8564229,0.87941086,0.83515096,0.8770873,0.8931999,0.88032037,0.9149764,0.8980952,0.8698497,0.95287883,0.8539117,0.9445607,0.59801406,0.89146435,0.8656341,0.9154692,0.7442348,0.9199629,0.831658,0.90045214,0.8643837,1.0000001,0.6391282,0.6704893,0.91506183,0.87347054,0.5086863,0.8754196,0.86783934,0.9379523,0.9583775,0.8584822,0.9192163,0.85282785,0.9376619,0.8955736,0.8816501,0.8910643,0.8818073,0.7400393,0.9013013,0.8814637,0.8550279,0.8809277,0.8626658,0.86391765,0.9390733,0.85485435,0.91812074,0.9092442,0.8688252,0.9100584,0.6609519,0.9401536,0.9013197,0.93588936,0.91756356
0.65969884,0.5885267,0.5722793,0.5786511,0.5774186,0.58868504,0.63783854,0.60921633,0.62989783,0.6334646,0.68448627,0.5765501,0.60748994,0.6211153,0.5449687,0.59957826,0.58388084,0.6275476,0.7586454,0.6150416,0.6162016,0.61394894,0.62429625,0.6391282,1.0,0.4571985,0.64247113,0.62709135,0.47508287,0.61478883,0.6397682,0.636362,0.626074,0.5517293,0.6522747,0.5764335,0.6412354,0.6383378,0.6117624,0.65183204,0.6568004,0.71086216,0.5320357,0.619975,0.65002656,0.606365,0.6441903,0.579923,0.6690906,0.61328614,0.57630146,0.6644393,0.6383332,0.63283104,0.924215,0.65632224,0.6798897,0.6573736,0.6204136
0.72067237,0.7099711,0.8683307,0.83727306,0.76050025,0.74223274,0.70073044,0.81991446,0.65837425,0.752225,0.63623863,0.7039344,0.64615655,0.69627696,0.42435735,0.7783092,0.8499279,0.7365292,0.63779473,0.7173167,0.58678365,0.72874916,0.632376,0.6704893,0.4571985,0.99999976,0.70519173,0.68376756,0.45211706,0.6510431,0.6214584,0.6138627,0.6681236,0.6874109,0.7199239,0.8293855,0.69816077,0.72914404,0.8049031,0.754556,0.6519964,0.5856358,0.68044394,0.7427529,0.70569086,0.64515597,0.77278936,0.825276,0.6621012,0.830529,0.72109544,0.6470623,0.7360742,0.6853143,0.41359806,0.6733184,0.6484824,0.6233897,0.69374496
0.89918613,0.9494796,0.8526553,0.87317693,0.89339274,0.8749379,0.88842005,0.87716454,0.87792313,0.89346206,0.88189673,0.8947196,0.85057676,0.9454868,0.6186177,0.8626259,0.8646574,0.9149058,0.7718944,0.8933847,0.8483561,0.8797728,0.8756973,0.91506183,0.64247113,0.70519173,0.9999999,0.88499844,0.51480913,0.88796484,0.90391797,0.89888436,0.9311009,0.87710655,0.9873483,0.8619692,0.9770011,0.88167226,0.8920979,0.88966864,0.88705957,0.764869,0.874151,0.8556972,0.8655178,0.87908065,0.8464529,0.8566617,0.9346674,0.86515784,0.9423648,0.8924567,0.8497865,0.95688796,0.6517909,0.9178517,0.92957044,0.9239368,0.8922839
0.8801105,0.86363363,0.8383338,0.8511813,0.87194806,0.9099624,0.93969685,0.88025534,0.89836735,0.94584185,0.9164814,0.8711277,0.9361136,0.8638074,0.579687,0.92582244,0.85287607,0.8734945,0.76607937,0.9526611,0.8014318,0.94131523,0.91114205,0.87347054,0.62709135,0.68376756,0.88499844,0.9999999,0.5886758,0.84148955,0.89833903,0.8077708,0.86562175,0.8727712,0.8888475,0.8803755,0.8711244,0.9525472,0.9063442,0.9390508,0.9286091,0.7916851,0.77862465,0.93348336,0.9415443,0.83294535,0.922934,0.8954326,0.87264824,0.87046957,0.865718,0.88854134,0.92912483,0.8600831,0.5977677,0.8930827,0.859606,0.86936724,0.8924522
0.5284989,0.48541805,0.518918,0.5133314,0.57485515,0.5562736,0.5657338,0.5406093,0.527338,0.59543663,0.5685941,0.49988738,0.5371531,0.48069793,0.638316,0.59107953,0.51850027,0.51283544,0.53913796,0.5762652,0.5157161,0.57067156,0.5391766,0.5086863,0.47508287,0.45211706,0.51480913,0.5886758,0.99999994,0.55205786,0.5106882,0.44605058,0.48605606,0.4950744,0.51589227,0.5563848,0.49553445,0.5907784,0.54902935,0.6019711,0.57450986,0.53102934,0.41801763,0.6097739,0.6232365,0.54112166,0.6134035,0.5761219,0.5248299,0.5466593,0.48468393,0.5211962,0.61594164,0.47323427,0.4620613,0.52374756,0.51958245,0.4929397,0.52341217
0.8159396,0.85325193,0.77580935,0.7903841,0.91864234,0.8668159,0.8498181,0.8041414,0.84517175,0.848554,0.8415726,0.8712452,0.813465,0.8446319,0.6252407,0.8293312,0.7810647,0.82663476,0.7059558,0.8665912,0.92957747,0.86101633,0.85915244,0.8754196,0.61478883,0.6510431,0.88796484,0.84148955,0.55205786,0.9999998,0.8782546,0.8897023,0.86354023,0.85924053,0.8762796,0.81489265,0.8998955,0.8470602,0.8095601,0.84145993,0.82939553,0.6960248,0.80065054,0.8372963,0.8433889,0.9695333,0.81523705,0.8258728,0.87528014,0.79327536,0.8428987,0.8115617,0.83355516,0.8586131,0.6329654,0.8613862,0.85289603,0.883247,0.82809854
0.84976315,0.8586012,0.7793922,0.7967478,0.86406606,0.87222683,0.87811124,0.8220534,0.8796223,0.8702862,0.8929181,0.84885687,0.90813625,0.8593612,0.60318947,0.8358122,0.79277456,0.84112036,0.7398296,0.89008725,0.8657583,0.8762166,0.9078182,0.86783934,0.6397682,0.6214584,0.90391797,0.89833903,0.5106882,0.8782546,0.9999999,0.84238446,0.87682724,0.86046296,0.90549594,0.81470615,0.89723337,0.8683643,0.8487161,0.86165357,0.87808573,0.77549267,0.77436924,0.8477312,0.86741203,0.86612004,0.82995564,0.8171626,0.8882268,0.8020849,0.8502052,0.86315304,0.8421343,0.89721596,0.63027847,0.8704468,0.8909915,0.8870684,0.86035657
0.82081753,0.8873184,0.77278775,0.80324435,0.8072872,0.8031112,0.8222983,0.7916615,0.85290754,0.81479704,0.81464887,0.88963735,0.7838359,0.89145875,0.59814376,0.7884561,0.7833166,0.8621848,0.6817309,0.84927034,0.8444731,0.8299307,0.8344341,0.9379523,0.636362,0.6138627,0.89888436,0.8077708,0.44605058,0.8897023,0.84238446,1.0000001,0.9222516,0.81315607,0.8978645,0.77361953,0.92564523,0.8190675,0.7932143,0.8110151,0.81073695,0.6758483,0.8824149,0.78139186,0.7726066,0.89255965,0.76796836,0.77561426,0.9113038,0.77267784,0.8644471,0.85701334,0.7723695,0.88905054,0.67303,0.8976269,0.87849474,0.9453776,0.84659374
0.88619834,0.9446169,0.8503785,0.87406576,0.8346157,0.86006904,0.8794702,0.859933,0.9067863,0.88694644,0.8512155,0.9240898,0.84175014,0.93946594,0.5827353,0.86736894,0.8548099,0.92133296,0.72907317,0.90406454,0.82163763,0.8785504,0.863147,0.9583775,0.626074,0.6681236,0.9311009,0.86562175,0.48605606,0.86354023,0.87682724,0.9222516,0.9999999,0.8732866,0.9305136,0.850191,0.9486637,0.88045776,0.87002325,0.87462956,0.8709053,0.7374896,0.94000596,0.84655166,0.84075654,0.85966146,0.8295009,0.8433383,0.93389773,0.84088725,0.9394392,0.911523,0.83201814,0.9209398,0.64057827,0.9503899,0.8953567,0.92715156,0.9188105
0.8296111,0.8904444,0.821605,0.8358674,0.89054406,0.9262077,0.8621557,0.84273905,0.8962796,0.8720981,0.8601685,0.89553845,0.8486539,0.8591664,0.4902879,0.86618793,0.8168416,0.8568359,0.69816256,0.90215564,0.79141337,0.87834376,0.8863838,0.8584822,0.5517293,0.6874109,0.87710655,0.8727712,0.4950744,0.85924053,0.86046296,0.81315607,0.8732866,1.0,0.86818194,0.8672021,0.8743942,0.8830445,0.8540166,0.8571072,0.86941075,0.70692235,0.83325315,0.8560655,0.84477603,0.8435045,0.8302126,0.845025,0.8134434,0.82884,0.89460814,0.8209093,0.84563756,0.8585056,0.5183152,0.8649585,0.81187475,0.8522337,0.8723204
0.9038162,0.94138503,0.85875386,0.8827809,0.8911232,0.87351424,0.8926953,0.8835684,0.8878362,0.8977984,0.8863621,0.89614016,0.85861486,0.9449304,0.6121898,0.8703097,0.8755443,0.92119724,0.775271,0.8929171,0.8434207,0.87981296,0.87657326,0.9192163,0.6522747,0.7199239,0.9873483,0.8888475,0.51589227,0.8762796,0.90549594,0.8978645,0.9305136,0.86818194,1.0000002,0.87396914,0.96898603,0.88479066,0.90254694,0.8973496,0.88608384,0.7685735,0.86684823,0.8622356,0.87123054,0.87645435,0.8610382,0.8668345,0.9392016,0.8742611,0.93727237,0.9000986,0.85546446,0.9719322,0.6573483,0.91965514,0.9283174,0.9249093,0.8968762
0.86561257,0.8582232,0.9060276,0.9059632,0.8920336,0.93198854,0.8829279,0.91210616,0.8573937,0.9196517,0.8416195,0.8749707,0.8365978,0.8552527,0.544886,0.9333422,0.902105,0.88226086,0.75349855,0.8914978,0.73804903,0.8880379,0.8235001,0.85282785,0.5764335,0.8293855,0.8619692,0.8803755,0.5563848,0.81489265,0.81470615,0.77361953,0.850191,0.8672021,0.87396914,0.99999976,0.8570653,0.9111638,0.9199881,0.9201668,0.8559471,0.7279725,0.8215677,0.9099755,0.8965179,0.80688393,0.9319153,0.9304309,0.83758944,0.9106494,0.87007755,0.84774554,0.9053644,0.8427154,0.5509258,0.85802686,0.81208855,0.807771,0.8807248
0.8956598,0.9483987,0.8560832,0.8787502,0.8802465,0.86768055,0.8883101,0.87154317,0.88966125,0.88607,0.8632473,0.9226438,0.8440254,0.9407731,0.6118576,0.8617618,0.86312056,0.9216568,0.7463075,0.8941523,0.8530729,0.880885,0.86159384,0.9376619,0.6412354,0.69816077,0.9770011,0.8711244,0.49553445,0.8998955,0.89723337,0.92564523,0.9486637,0.8743942,0.96898603,0.8570653,0.99999976,0.8742602,0.8805613,0.8795393,0.87708294,0.74432826,0.90117717,0.848729,0.85013926,0.89504445,0.8363268,0.85712695,0.945977,0.85500383,0.93775284,0.9009339,0.8375864,0.9567468,0.65524274,0.93299544,0.92078656,0.9334639,0.9048488
0.8762621,0.86572886,0.870219,0.8774241,0.8727727,0.9313588,0.9173916,0.90610844,0.90241206,0.961738,0.8825457,0.88370055,0.8879561,0.87110883,0.58448845,0.95698196,0.88020337,0.8792926,0.7789782,0.96488345,0.7928741,0.96378887,0.8777119,0.8955736,0.6383378,0.72914404,0.88167226,0.9525472,0.5907784,0.8470602,0.8683643,0.8190675,0.88045776,0.8830445,0.88479066,0.9111638,0.8742602,0.99999994,0.92246884,0.94946724,0.89990413,0.7763102,0.79163015,0.95852906,0.947795,0.8376235,0.9431591,0.92260265,0.88112676,0.89025426,0.86628944,0.8745214,0.9467071,0.8584846,0.61631083,0.8784742,0.86029357,0.86334014,0.8938105
0.9144574,0.8863305,0.9430009,0.95741737,0.8753862,0.9150733,0.8989826,0.9750198,0.8628445,0.95362395,0.8617213,0.8746858,0.8884721,0.89211607,0.56742144,0.94458693,0.96661305,0.9172666,0.78996885,0.9160687,0.7548387,0.90336025,0.8564678,0.8816501,0.6117624,0.8049031,0.8920979,0.9063442,0.54902935,0.8095601,0.8487161,0.7932143,0.87002325,0.8540166,0.90254694,0.9199881,0.8805613,0.92246884,0.9999998,0.9481868,0.870522,0.7761673,0.8061059,0.93657225,0.9116627,0.8076902,0.93214965,0.9227923,0.87630534,0.95815754,0.8855344,0.8739984,0.9252348,0.88302934,0.5919658,0.87251794,0.8647393,0.85143125,0.8989712
0.9009844,0.8725182,0.8943587,0.907779,0.8797173,0.9205779,0.93362355,0.93235,0.88786983,0.9707161,0.90681076,0.87728673,0.9001558,0.88324606,0.5891675,0.9541236,0.9132878,0.8947191,0.8196136,0.94386953,0.7875323,0.93973374,0.9018996,0.8910643,0.65183204,0.754556,0.88966864,0.9390508,0.6019711,0.84145993,0.86165357,0.8110151,0.87462956,0.8571072,0.8973496,0.9201668,0.8795393,0.94946724,0.9481868,0.9999999,0.9086115,0.81964076,0.7968346,0.9608862,0.961527,0.8368567,0.9707986,0.929547,0.891441,0.94638216,0.8728785,0.8941829,0.9776256,0.8645395,0.6388446,0.8948058,0.87051463,0.86241615,0.8940565
0.889643,0.8815015,0.8194622,0.83062047,0.84981525,0.88233995,0.92676926,0.8525877,0.9230412,0.90382975,0.96074474,0.8850081,0.90156114,0.882948,0.57999456,0.8917149,0.82087314,0.8771244,0.77569544,0.91505545,0.7939562,0.8958552,0.891765,0.8818073,0.6568004,0.6519964,0.88705957,0.9286091,0.57450986,0.82939553,0.87808573,0.81073695,0.8709053,0.86941075,0.88608384,0.8559471,0.87708294,0.89990413,0.870522,0.9086115,0.9999999,0.78944194,0.79741263,0.8935937,0.8959027,0.8254981,0.88533187,0.8654529,0.86863303,0.8492175,0.88501036,0.8939594,0.89994043,0.8523462,0.63703793,0.92136407,0.8526032,0.8705234,0.9006387
0.7750582,0.71245974,0.7046155,0.7132518,0.7195552,0.75611615,0.78572726,0.7595858,0.7652227,0.798266,0.8012811,0.69863385,0.77760017,0.7437937,0.5505492,0.75780505,0.7330345,0.7442578,0.90345836,0.7721382,0.68037087,0.7711017,0.77900094,0.7400393,0.71086216,0.5856358,0.764869,0.7916851,0.53102934,0.6960248,0.77549267,0.6758483,0.7374896,0.70692235,0.7685735,0.7279725,0.74432826,0.7763102,0.7761673,0.81964076,0.78944194,0.99999976,0.6223507,0.7831583,0.8071821,0.67825663,0.79552364,0.7327152,0.7762,0.7644981,0.70819986,0.7863495,0.80625266,0.742694,0.69039726,0.75699997,0.80216557,0.7441525,0.7473685
0.8228212,0.92883384,0.83707213,0.8585167,0.7841667,0.7901791,0.80270755,0.81350785,0.8269897,0.7994542,0.77095866,0.89683366,0.7474487,0.8953177,0.5037397,0.8004786,0.82210004,0.8859985,0.63589305,0.82262987,0.7342627,0.7914283,0.797148,0.9013013,0.5320357,0.68044394,0.874151,0.77862465,0.41801763,0.80065054,0.77436924,0.8824149,0.94000596,0.83325315,0.86684823,0.8215677,0.90117717,0.79163015,0.8061059,0.7968346,0.79741263,0.6223507,0.9999999,0.7559688,0.7417392,0.80034876,0.7555878,0.7908509,0.8486424,0.80453116,0.9306728,0.8403263,0.7453803,0.85560155,0.53829163,0.90529764,0.78869754,0.8524256,0.8760014
0.87270665,0.84396905,0.87344104,0.8828117,0.868992,0.9339353,0.9174257,0.9238423,0.88814384,0.97929794,0.87306535,0.87796134,0.8954059,0.8541078,0.58361435,0.98187906,0.89559853,0.8661609,0.77996945,0.95671296,0.7904134,0.95096356,0.8590791,0.8814637,0.619975,0.7427529,0.8556972,0.93348336,0.6097739,0.8372963,0.8477312,0.78139186,0.84655166,0.8560655,0.8622356,0.9099755,0.848729,0.95852906,0.93657225,0.9608862,0.8935937,0.7831583,0.7559688,1.0,0.9664297,0.83873886,0.97141933,0.9441148,0.8745757,0.90568817,0.8420055,0.868242,0.9831383,0.8335556,0.60018367,0.8592722,0.85048014,0.83211327,0.88184357
0.87535,0.8320772,0.8427991,0.8519201,0.8687826,0.9142309,0.9221591,0.88901377,0.88116074,0.960093,0.8936157,0.84536064,0.9013015,0.84109926,0.5957738,0.94315535,0.8619181,0.85461223,0.8030646,0.9386307,0.80272055,0.938274,0.88317126,0.8550279,0.65002656,0.70569086,0.8655178,0.9415443,0.6232365,0.8433889,0.86741203,0.7726066,0.84075654,0.84477603,0.87123054,0.8965179,0.85013926,0.947795,0.9116627,0.961527,0.8959027,0.8071821,0.7417392,0.9664297,0.9999999,0.83841777,0.9585399,0.910875,0.87174964,0.89289606,0.8362982,0.872878,0.97090566,0.8397299,0.6321608,0.86386883,0.85275465,0.8344984,0.87094325
0.8143321,0.84974474,0.776214,0.79202217,0.88933164,0.85384303,0.8571676,0.8018255,0.84840006,0.8479664,0.8306627,0.8798183,0.8080996,0.84352857,0.6250791,0.83013284,0.78282934,0.8333433,0.696381,0.8608907,0.9268461,0.8569377,0.8510093,0.8809277,0.606365,0.64515597,0.87908065,0.83294535,0.54112166,0.9695333,0.86612004,0.89255965,0.85966146,0.8435045,0.87645435,0.80688393,0.89504445,0.8376235,0.8076902,0.8368567,0.8254981,0.67825663,0.80034876,0.83873886,0.83841777,1.0,0.8128382,0.82891905,0.88136643,0.7910186,0.8351054,0.8210292,0.83062303,0.85908455,0.6274756,0.8557375,0.84500694,0.88425004,0.8376166
0.8774766,0.83349013,0.8852863,0.89232695,0.8682896,0.9174284,0.9106158,0.92300034,0.87628263,0.9584825,0.8876947,0.8621081,0.8833032,0.8503393,0.5790297,0.96768814,0.9024762,0.86349857,0.80872166,0.9333222,0.7623105,0.9301479,0.85765296,0.8626658,0.6441903,0.77278936,0.8464529,0.922934,0.6134035,0.81523705,0.82995564,0.76796836,0.8295009,0.8302126,0.8610382,0.9319153,0.8363268,0.9431591,0.93214965,0.9707986,0.88533187,0.79552364,0.7555878,0.97141933,0.9585399,0.8128382,1.0000002,0.9345043,0.8553334,0.92894876,0.8366123,0.8676105,0.9805063,0.8321862,0.62006176,0.8603662,0.83118105,0.81419015,0.8756388
0.8709091,0.8535601,0.89880943,0.8930689,0.87539726,0.9099778,0.9044292,0.9081528,0.86079884,0.93392473,0.8374009,0.8861842,0.84870636,0.84669375,0.5691726,0.9582386,0.89636767,0.87463355,0.7495323,0.9226213,0.7705112,0.92638147,0.8169879,0.86391765,0.579923,0.825276,0.8566617,0.8954326,0.5761219,0.8258728,0.8171626,0.77561426,0.8433383,0.845025,0.8668345,0.9304309,0.85712695,0.92260265,0.9227923,0.929547,0.8654529,0.7327152,0.7908509,0.9441148,0.910875,0.82891905,0.9345043,1.0000001,0.85434794,0.9009739,0.85644317,0.8501352,0.9314163,0.82915866,0.55287856,0.8540802,0.82478577,0.81280494,0.88346815
0.88656926,0.8954075,0.8297207,0.8563123,0.8354532,0.84419924,0.8833564,0.8626355,0.87622845,0.90114975,0.8529549,0.88340795,0.844656,0.912091,0.6345649,0.87720776,0.85403556,0.89827776,0.77752113,0.8918442,0.85655576,0.8790046,0.8478685,0.9390733,0.6690906,0.6621012,0.9346674,0.87264824,0.5248299,0.87528014,0.8882268,0.9113038,0.93389773,0.8134434,0.9392016,0.83758944,0.945977,0.88112676,0.87630534,0.891441,0.86863303,0.7762,0.8486424,0.8745757,0.87174964,0.88136643,0.8553334,0.85434794,0.99999994,0.84338784,0.8814114,0.9107096,0.8591794,0.9247207,0.69604707,0.9186101,0.92416155,0.92706573,0.88568705
0.91271925,0.8683989,0.96297497,0.9700228,0.8653108,0.88796127,0.87961984,0.9725492,0.8448787,0.91690814,0.8564539,0.8588612,0.8514838,0.86942244,0.5509667,0.9184042,0.9726185,0.9115003,0.8060558,0.88545406,0.73098016,0.87943506,0.84850174,0.85485435,0.61328614,0.830529,0.86515784,0.87046957,0.5466593,0.79327536,0.8020849,0.77267784,0.84088725,0.82884,0.8742611,0.9106494,0.85500383,0.89025426,0.95815754,0.94638216,0.8492175,0.7644981,0.80453116,0.90568817,0.89289606,0.7910186,0.92894876,0.9009739,0.84338784,0.9999999,0.87214434,0.8515256,0.92061293,0.85008764,0.59001684,0.8581679,0.81325865,0.8229377,0.87792563
0.890944,0.986194,0.88016766,0.9009353,0.8677094,0.8685092,0.88489807,0.8783899,0.8861743,0.87631583,0.8633047,0.9384004,0.8419479,0.9620996,0.5408186,0.8708896,0.87401074,0.9267403,0.7174683,0.89267474,0.78215766,0.8629453,0.8647704,0.91812074,0.57630146,0.72109544,0.9423648,0.865718,0.48468393,0.8428987,0.8502052,0.8644471,0.9394392,0.89460814,0.93727237,0.87007755,0.93775284,0.86628944,0.8855344,0.8728785,0.88501036,0.70819986,0.9306728,0.8420055,0.8362982,0.8351054,0.8366123,0.85644317,0.8814114,0.87214434,0.9999999,0.87657046,0.8354412,0.913058,0.5695542,0.9360843,0.8573773,0.8823121,0.91285324
0.9150974,0.87232953,0.8279279,0.8524134,0.79951006,0.85821736,0.9238662,0.8573283,0.9076209,0.8879424,0.8828959,0.8794715,0.8870963,0.88599783,0.61420095,0.8709179,0.8429623,0.9310614,0.79190624,0.8882357,0.781317,0.87051094,0.86290467,0.9092442,0.6644393,0.6470623,0.8924567,0.88854134,0.5211962,0.8115617,0.86315304,0.85701334,0.911523,0.8209093,0.9000986,0.84774554,0.9009339,0.8745214,0.8739984,0.8941829,0.8939594,0.7863495,0.8403263,0.868242,0.872878,0.8210292,0.8676105,0.8501352,0.9107096,0.8515256,0.87657046,1.0000002,0.869048,0.88189447,0.66292113,0.91627264,0.8699075,0.91072637,0.9429916
0.8766293,0.8355315,0.86632097,0.8734915,0.8680055,0.9272175,0.9206024,0.91269815,0.8811406,0.9618425,0.89851224,0.86535627,0.89496094,0.8504019,0.58014023,0.9644941,0.8830503,0.8615707,0.8094951,0.9429132,0.78319514,0.9415413,0.8830698,0.8688252,0.6383332,0.7360742,0.8497865,0.92912483,0.61594164,0.83355516,0.8421343,0.7723695,0.83201814,0.84563756,0.85546446,0.9053644,0.8375864,0.9467071,0.9252348,0.9776256,0.89994043,0.80625266,0.7453803,0.9831383,0.97090566,0.83062303,0.9805063,0.9314163,0.8591794,0.92061293,0.8354412,0.869048,1.0000001,0.8239263,0.6210464,0.8570554,0.84025645,0.82684404,0.8776914
0.8839309,0.92552805,0.8398429,0.8698254,0.86810106,0.8507154,0.8624206,0.8678292,0.8884578,0.8663631,0.86255485,0.8872613,0.8451641,0.93359524,0.5842617,0.84265196,0.8609158,0.9037252,0.7465792,0.8694428,0.82945806,0.8556174,0.85921836,0.9100584,0.63283104,0.6853143,0.95688796,0.8600831,0.47323427,0.8586131,0.89721596,0.88905054,0.9209398,0.8585056,0.9719322,0.8427154,0.9567468,0.8584846,0.88302934,0.8645395,0.8523462,0.742694,0.85560155,0.8335556,0.8397299,0.85908455,0.8321862,0.82915866,0.9247207,0.85008764,0.913058,0.88189447,0.8239263,1.0000004,0.6397571,0.9023524,0.9125064,0.9198786,0.8763429
0.6432082,0.5868209,0.5470739,0.5628886,0.5596522,0.5702694,0.6168755,0.58843285,0.6143354,0.6151709,0.6648703,0.5757343,0.5893165,0.6291154,0.55659103,0.5754993,0.56382364,0.61944354,0.7333622,0.59487164,0.6398706,0.5955275,0.60853213,0.6609519,0.924215,0.41359806,0.6517909,0.5977677,0.4620613,0.6329654,0.63027847,0.67303,0.64057827,0.5183152,0.6573483,0.5509258,0.65524274,0.61631083,0.5919658,0.6388446,0.63703793,0.69039726,0.53829163,0.60018367,0.6321608,0.6274756,0.62006176,0.55287856,0.69604707,0.59001684,0.5695542,0.66292113,0.6210464,0.6397571,1.0,0.6533023,0.704592,0.67849547,0.6023712
0.90179026,0.93637955,0.85068196,0.8752754,0.84542644,0.85862106,0.90948576,0.866933,0.91324806,0.8915812,0.90308577,0.9254724,0.87084377,0.9353428,0.5881847,0.87665164,0.855469,0.9163524,0.7542231,0.90743756,0.8150387,0.88662034,0.8753134,0.9401536,0.65632224,0.6733184,0.9178517,0.8930827,0.52374756,0.8613862,0.8704468,0.8976269,0.9503899,0.8649585,0.91965514,0.85802686,0.93299544,0.8784742,0.87251794,0.8948058,0.92136407,0.75699997,0.90529764,0.8592722,0.86386883,0.8557375,0.8603662,0.8540802,0.9186101,0.8581679,0.9360843,0.91627264,0.8570554,0.9023524,0.6533023,1.0000002,0.877712,0.91658276,0.9156635
0.8550867,0.8783414,0.79053503,0.81188506,0.82954246,0.8476519,0.86593366,0.8390434,0.8535395,0.875345,0.8503015,0.8511918,0.84995776,0.9054445,0.64270157,0.8381998,0.8152223,0.85964066,0.76867825,0.8736101,0.84195536,0.863238,0.8369837,0.9013197,0.6798897,0.6484824,0.92957044,0.859606,0.51958245,0.85289603,0.8909915,0.87849474,0.8953567,0.81187475,0.9283174,0.81208855,0.92078656,0.86029357,0.8647393,0.87051463,0.8526032,0.80216557,0.78869754,0.85048014,0.85275465,0.84500694,0.83118105,0.82478577,0.92416155,0.81325865,0.8573773,0.8699075,0.84025645,0.9125064,0.704592,0.877712,1.0,0.9090172,0.8470992
0.879086,0.90110743,0.80529046,0.8350369,0.8409345,0.8553636,0.8794012,0.8398111,0.8970936,0.8604683,0.87696844,0.89209306,0.856787,0.9106866,0.61494315,0.8261648,0.8235355,0.9015943,0.7395285,0.88401484,0.8552252,0.8688424,0.8784225,0.93588936,0.6573736,0.6233897,0.9239368,0.86936724,0.4929397,0.883247,0.8870684,0.9453776,0.92715156,0.8522337,0.9249093,0.807771,0.9334639,0.86334014,0.85143125,0.86241615,0.8705234,0.7441525,0.8524256,0.83211327,0.8344984,0.88425004,0.81419015,0.81280494,0.92706573,0.8229377,0.8823121,0.91072637,0.82684404,0.9198786,0.67849547,0.91658276,0.9090172,1.0000002,0.8975493
0.93424916,0.90736127,0.871015,0.8879789,0.8427916,0.89630854,0.91971856,0.8831612,0.91855276,0.89318514,0.88593763,0.92150855,0.8897085,0.89965975,0.5743428,0.89997476,0.8736131,0.9481951,0.7622328,0.9077548,0.78096575,0.8817711,0.87620074,0.91756356,0.6204136,0.69374496,0.8922839,0.8924522,0.52341217,0.82809854,0.86035657,0.84659374,0.9188105,0.8723204,0.8968762,0.8807248,0.9048488,0.8938105,0.8989712,0.8940565,0.9006387,0.7473685,0.8760014,0.88184357,0.87094325,0.8376166,0.8756388,0.88346815,0.88568705,0.87792563,0.91285324,0.9429916,0.8776914,0.8763429,0.6023712,0.9156635,0.8470992,0.8975493,0.9999999
