0,1,2,3,4,5,6,7,8,9,10,11,12,13,14,15,16,17,18,19,20,21,22,23,24,25,26,27,28,29,30,31,32,33,34,35,36,37,38,39,40,41,42,43,44,45,46,47,48,49,50,51,52,53,54,55,56,57,58
0.0,8.742271,8.788837,8.2707205,10.026659,9.219371,7.492517,7.5660887,8.845729,8.431686,8.570343,9.256924,8.932804,8.485384,17.758533,8.907958,8.259266,5.9403334,10.93925,8.805501,12.636444,9.1473675,9.941488,8.750871,15.206011,14.201026,8.23048,8.938776,18.8012,11.038664,10.067122,11.235992,8.874867,10.658172,8.075848,9.436696,8.442256,9.0168,7.589779,8.067723,8.530894,12.323265,11.321962,9.137714,9.006236,11.178416,8.960865,9.281732,8.784728,7.666279,8.676706,7.6180563,8.971495,8.985171,15.767995,8.1331005,9.949515,9.129583,6.702073
8.742271,0.0,9.337582,8.534257,9.475689,9.431093,9.042618,9.030744,8.940269,9.117841,9.525797,6.3015356,10.496757,4.2170067,18.578564,9.441666,9.416156,7.2674913,13.7792,8.555639,11.809876,9.596247,9.5005045,6.889177,16.86996,14.575256,5.9003043,9.63388,19.779,9.967157,9.861786,8.979321,6.2413406,8.6437645,6.3698416,9.798655,5.9929347,9.502214,8.8372755,9.256832,8.944423,14.060981,7.2426853,10.2274065,10.562649,10.155188,10.55541,9.98804,8.514638,9.506529,3.1130524,9.42506,10.46811,7.2534037,17.109985,6.620344,9.198409,8.325811,8.027307
8.788837,9.337582,0.0,3.3793414,10.008818,9.477386,9.970248,4.873879,10.968949,8.693778,11.379953,9.583001,11.348696,9.728475,18.694496,7.9663935,3.8423924,8.019384,12.991177,9.493628,14.143336,9.736011,11.729476,10.07118,17.220413,9.843225,10.0623045,10.500147,19.14655,12.3216095,12.329122,12.760952,10.270561,11.031752,9.891689,8.005997,10.016259,9.3595915,6.2787466,8.453915,11.034329,14.269163,10.939292,9.238902,10.242663,12.404434,8.79912,8.324583,10.875351,5.070661,9.181306,10.95477,9.469559,10.648756,17.934454,10.139869,12.082996,11.696189,9.483014
8.2707205,8.534257,3.3793414,0.0,9.90448,9.267513,9.622116,4.2351747,10.370925,8.091434,10.968261,8.864864,10.884358,8.919456,18.629137,7.61691,2.9663234,7.047656,12.984764,9.033711,13.837477,9.609185,11.1027355,9.236833,17.105255,10.944279,9.346737,10.086278,19.26931,11.927564,11.845227,11.883674,9.429898,10.593607,9.020861,8.017832,9.20218,9.109942,5.4408374,7.918905,10.701619,14.070884,10.202673,8.905898,9.957845,11.96953,8.53993,8.564571,9.999642,4.575675,8.354665,10.154365,9.227789,9.607592,17.631752,9.278526,11.460328,10.774312,8.8456135
10.026659,9.475689,10.008818,9.90448,0.0,7.422172,9.182489,9.202584,10.251317,8.60976,9.462505,9.709538,10.389005,10.148944,17.806261,8.951205,10.035306,10.060874,13.073187,8.93129,10.11301,9.254125,9.268383,10.54434,16.657835,12.992697,8.321962,9.069729,17.624008,7.2025857,9.419429,11.498994,10.546996,8.390827,8.4618435,8.297654,8.914578,8.952593,9.008331,8.696566,9.747655,13.526145,12.338655,9.074975,9.027894,8.4892025,9.091551,8.955713,10.4148445,9.364196,9.427751,11.523032,9.071404,9.457462,17.235668,10.032031,10.625463,10.3213415,10.205902
9.219371,9.431093,9.477386,9.267513,7.422172,0.0,7.9612355,7.8500004,8.480206,6.5600915,8.651997,8.355802,8.116297,9.582537,18.333076,6.7351937,9.28277,9.220826,12.507445,6.756964,11.565665,7.2989464,8.560067,9.102559,16.38488,13.442168,8.988163,7.5860505,17.955202,9.186519,9.1101,11.596621,9.68921,6.8740854,9.095594,6.567673,9.3466015,6.553702,7.425102,7.0424623,8.599781,12.578505,12.145856,6.4222794,7.2727065,9.726194,7.17353,7.5937366,10.110249,8.521608,9.380758,9.676393,6.7123685,10.0341625,16.97892,9.569932,10.024165,9.824696,8.2838
7.492517,9.042618,9.970248,9.622116,9.182489,7.9612355,0.0,8.905501,8.046227,7.001599,7.804997,8.396752,7.308118,9.012462,17.057133,7.4294133,9.780811,7.436408,11.983887,6.635746,11.633344,6.9039655,8.731935,8.580833,15.623956,14.6487255,8.620936,6.312471,17.992624,9.926707,9.030155,11.153717,9.102572,9.544384,8.495983,8.766715,8.70199,7.3364663,8.212148,6.577983,6.9191985,11.978187,11.90811,7.3300705,7.095677,9.763535,7.620094,7.9507546,8.873778,8.964458,8.883517,7.188506,7.1719627,9.74855,16.277744,7.7746215,9.533817,9.086109,7.378961
7.5660887,9.030744,4.873879,4.2351747,9.202584,7.8500004,8.905501,0.0,9.859978,6.38213,10.0309725,9.111021,9.624152,8.805155,18.07918,6.715669,3.1627328,7.6721754,11.758679,8.051008,13.261254,8.391554,10.396772,9.092625,16.253696,11.399686,9.059557,8.907091,18.522429,11.353436,10.927433,12.087561,9.82318,10.2108755,8.862741,7.6125617,9.344706,7.834583,4.090744,6.655527,9.821749,12.707035,11.592701,7.057242,8.472886,11.51819,7.0925574,7.807895,9.643235,4.2881193,9.142048,9.851288,7.53364,9.567022,16.893951,9.4411545,10.460355,10.483174,8.912479
8.845729,8.940269,10.968949,10.370925,10.251317,8.480206,8.046227,9.859978,0.0,8.293771,7.682123,7.4435596,8.952088,8.704975,18.077215,8.710928,10.769345,8.738087,12.759424,6.6349516,11.418132,7.4793534,8.919949,7.6806035,15.853412,15.69358,9.053585,8.2287245,18.81986,10.122962,9.008891,10.181436,8.031354,8.316084,8.718445,9.716899,8.679203,8.011358,9.6065855,8.577613,7.1300497,12.586146,11.186927,8.56659,8.792868,10.098233,9.000667,9.634749,9.173875,10.215976,8.862081,7.9442525,8.804194,8.806568,16.388779,7.6418257,9.99978,8.420867,7.457179
8.431686,9.117841,8.693778,8.091434,8.60976,6.5600915,7.001599,6.38213,8.293771,0.0,8.634077,8.811844,8.17478,8.9656925,17.542894,4.357395,7.650772,8.482015,11.538798,5.0202327,11.635441,5.738802,8.704161,8.296251,15.448946,13.171886,8.2897625,5.883044,17.143208,9.782535,9.168804,11.2423315,8.715841,9.03271,8.174794,7.1291428,8.671242,4.886472,5.498866,4.270251,7.7643676,11.42917,11.871097,3.5900774,4.954212,9.907584,5.079064,6.502974,8.060485,7.3381906,9.0942955,8.604382,4.8527393,9.493779,16.052433,8.376781,9.066538,9.643081,8.399448
8.570343,9.525797,11.379953,10.968261,9.462505,8.651997,7.804997,10.0309725,7.682123,8.634077,0.0,9.435418,7.9369984,9.203311,17.563955,9.336246,11.226732,9.308268,11.118088,8.20858,11.321844,8.8537855,7.1550746,9.355961,14.337897,15.910105,8.726547,7.2994924,17.691885,10.00617,8.33598,11.247426,9.979045,9.444379,8.616699,10.00562,9.492035,8.56128,9.453191,7.6180086,4.9626527,11.344698,12.668128,8.889878,8.086313,10.454865,8.354285,10.187029,9.8142805,9.630433,9.554689,8.794336,7.913735,9.626438,14.988213,7.9231663,9.9279,9.062913,8.676986
9.256924,6.3015356,9.583001,8.864864,9.709538,8.355802,8.396752,9.111021,7.4435596,8.811844,9.435418,0.0,10.0456915,6.5776963,18.73576,8.298542,9.827249,7.905277,14.013144,7.5539308,11.523499,8.508413,9.783252,5.7645016,17.118366,14.729211,8.501603,9.370159,19.504805,9.344121,10.198379,8.888582,7.308992,8.444816,8.475689,9.209566,7.338094,8.855332,9.28052,9.08807,8.816097,14.398866,8.708957,9.062883,10.147074,9.08803,9.62055,8.814447,8.991948,9.847194,6.5768237,9.160476,9.490258,8.926599,17.342548,7.165059,10.175501,8.699371,7.391811
8.932804,10.496757,11.348696,10.884358,10.389005,8.116297,7.308118,9.624152,8.952088,8.17478,7.9369984,10.0456915,0.0,10.339545,18.379091,8.953446,10.799078,9.873087,13.181029,7.7053103,12.346653,8.532033,8.182219,10.108786,16.409716,16.039623,10.072128,6.5745177,18.701942,11.174869,7.915162,12.389074,10.509654,10.101583,9.840249,10.462542,10.370851,8.640342,8.712337,8.157789,8.114142,12.314894,13.552435,8.346593,8.088536,11.422801,8.806058,10.102829,10.330583,10.051502,10.49059,8.826289,8.346314,10.419421,16.992886,9.375736,10.172207,9.97972,8.721145
8.485384,4.2170067,9.728475,8.919456,10.148944,9.582537,9.012462,8.805155,8.704975,8.9656925,9.203311,6.5776963,10.339545,0.0,18.063032,9.437145,9.403002,7.543948,13.036725,8.626712,11.617399,9.277563,9.663558,6.258258,16.208286,14.929919,6.1382937,9.642342,19.889133,10.269315,9.848966,8.821938,6.5329947,9.807866,6.1848097,9.915346,6.429124,9.328094,8.622903,8.880088,8.905511,13.290649,8.77757,9.909821,10.297145,10.3769455,10.030065,10.23338,7.817962,9.483085,5.164152,8.918176,10.007832,6.8569875,16.229368,6.6849465,8.120902,7.9221244,8.365154
17.758533,18.578564,18.694496,18.629137,17.806261,18.333076,17.057133,18.07918,18.077215,17.542894,17.563955,18.73576,18.379091,18.063032,0.0,17.948954,18.557806,17.722681,18.310812,17.763485,16.54348,17.66559,18.603327,17.663092,18.639961,21.446497,17.012491,17.785412,17.280699,16.774336,17.374924,17.760305,17.978016,19.561434,17.212872,18.448772,17.266232,17.572573,18.115211,17.464432,17.690716,18.480755,19.909275,17.577755,17.253092,16.882345,17.661377,18.013773,16.736504,18.451128,18.834114,17.218712,17.597391,17.976076,18.582396,17.683615,16.575624,17.253485,18.071615
8.907958,9.441666,7.9663935,7.61691,8.951205,6.7351937,7.4294133,6.715669,8.710928,4.357395,9.336246,8.298542,8.953446,9.437145,17.948954,0.0,7.559856,8.608822,12.333205,5.485218,12.25097,6.207789,9.924142,8.589876,16.262117,12.532492,9.468981,6.9231906,17.328531,10.462666,10.376832,12.067104,9.473206,9.302807,9.253501,6.539256,9.595188,5.2252045,6.0282464,5.3918047,8.303461,12.606255,11.893232,3.3931854,5.9740534,10.540299,4.5240765,5.2011256,9.02347,7.310705,9.333236,9.277074,4.7333703,10.340634,16.969482,8.986772,10.378144,10.811089,8.168851
8.259266,9.416156,3.8423924,2.9663234,10.035306,9.28277,9.780811,3.1627328,10.769345,7.650772,11.226732,9.827249,10.799078,9.403002,18.557806,7.559856,0.0,7.931414,12.457586,9.166067,14.002537,9.5138035,11.439811,9.744487,16.988508,10.506982,9.647328,10.02159,19.157705,12.179694,11.952355,12.463958,10.119148,11.179804,9.288149,8.171542,9.770395,8.999843,4.819714,7.67636,10.994025,13.568862,11.430723,8.406984,9.614067,12.2225275,8.127981,8.425704,10.071836,4.371061,9.415918,10.467555,8.871512,9.92523,17.602789,9.97859,11.351174,11.136818,9.388953
5.9403334,7.2674913,8.019384,7.047656,10.060874,9.220826,7.436408,7.6721754,8.738087,8.482015,9.308268,7.905277,9.873087,7.543948,17.722681,8.608822,7.931414,0.0,12.012222,8.751503,12.44765,9.377007,10.078067,7.689178,15.982069,13.845509,7.603623,9.23246,19.180788,10.772408,10.403763,9.894404,7.4093823,9.823457,7.346335,8.886528,7.3488803,8.962412,7.5043545,8.371877,9.053958,13.202788,9.126251,9.426139,9.781003,10.643695,9.513212,9.19716,8.358488,7.760765,7.141383,6.895773,9.558875,8.21591,16.355106,7.5464625,9.836719,8.271218,5.976209
10.93925,13.7792,12.991177,12.984764,13.073187,12.507445,11.983887,11.758679,12.759424,11.538798,11.118088,14.013144,13.181029,13.036725,18.310812,12.333205,12.457586,12.012222,0.0,12.747049,14.753756,12.610689,12.498222,13.1814575,12.667303,16.011015,12.236978,12.332471,18.424328,13.779125,13.099171,14.818537,13.549252,14.016126,12.209772,12.617203,13.023686,11.879343,11.756869,10.72312,11.991526,7.9865785,16.045013,11.840635,11.13784,14.132494,11.031781,12.772588,12.171037,11.297521,13.817564,11.801483,10.974809,13.138327,13.498759,12.719597,12.437817,13.259296,12.609237
8.805501,8.555639,9.493628,9.033711,8.93129,6.756964,6.635746,8.051008,6.6349516,5.0202327,8.20858,7.5539308,7.7053103,8.626712,17.763485,5.485218,9.166067,8.751503,12.747049,0.0,11.170403,3.2854474,8.25382,7.410292,16.030598,14.185791,8.385414,5.5612907,17.708189,9.3048315,8.5344925,10.241141,8.095814,7.9990735,8.449181,8.3924465,8.436508,4.7612233,7.449736,6.008175,7.402377,12.292367,11.26191,5.2800035,6.259609,9.588523,6.541566,7.116062,8.507957,8.702244,8.54713,8.671807,6.0448484,9.462367,16.662323,7.8244867,9.217537,8.876691,7.87747
12.636444,11.809876,14.143336,13.837477,10.11301,11.565665,11.633344,13.261254,11.418132,11.635441,11.321844,11.523499,12.346653,11.617399,16.54348,12.25097,14.002537,12.44765,14.753756,11.170403,0.0,11.276187,11.001395,10.83953,16.20755,17.311834,10.133356,11.546292,19.108904,6.875903,9.553529,10.501174,11.145229,11.838684,10.342564,13.218886,10.053763,11.7016115,12.895486,11.841611,11.691072,14.744321,13.887142,11.760489,11.357507,7.0482,12.510932,12.420684,9.915127,13.507712,12.302153,12.269264,11.919457,10.923277,15.895477,11.203416,10.427689,10.022875,12.275568
9.1473675,9.596247,9.736011,9.609185,9.254125,7.2989464,6.9039655,8.391554,7.4793534,5.738802,8.8537855,8.508413,8.532033,9.277563,17.66559,6.207789,9.5138035,9.377007,12.610689,3.2854474,11.276187,0.0,9.251717,8.261957,16.066668,13.907619,8.91196,6.197682,17.834799,9.506113,9.064014,10.879682,9.108553,8.927406,8.95749,8.533292,8.954713,4.841226,8.000044,6.232147,8.203381,12.330506,12.20604,5.6248646,6.2864122,9.731793,6.7027597,6.9472413,9.004631,8.935171,9.659881,9.339234,6.124758,9.954321,16.661854,8.666461,9.594498,9.443399,8.921642
9.941488,9.5005045,11.729476,11.1027355,9.268383,8.560067,8.731935,10.396772,8.919949,8.704161,7.1550746,9.783252,8.182219,9.663558,18.603327,9.924142,11.439811,10.078067,12.498222,8.25382,11.001395,9.251717,0.0,9.600704,15.773844,16.105707,9.019102,7.587232,18.397589,9.5185175,7.7884655,10.698872,9.630965,8.583891,9.038265,10.656203,9.611588,8.820066,9.703721,7.893836,8.314419,12.05836,12.000802,9.458313,8.566369,9.884691,9.498468,10.898208,10.051872,9.968812,9.559702,9.569823,8.584288,9.795061,16.31863,9.046437,10.428945,9.060118,9.092421
8.750871,6.889177,10.07118,9.236833,10.54434,9.102559,8.580833,9.092625,7.6806035,8.296251,9.355961,5.7645016,10.108786,6.258258,17.663092,8.589876,9.744487,7.689178,13.1814575,7.410292,10.83953,8.261957,9.600704,0.0,15.812641,15.544691,7.6458235,9.291838,19.34248,9.199642,9.544243,6.670243,5.415271,9.8271,7.4823093,9.99276,6.592652,8.405187,9.025928,8.577907,8.943618,13.382358,8.522543,8.941268,9.838612,9.052308,9.60904,9.640109,6.508367,9.992198,7.58684,7.9548116,9.377283,7.9774537,15.511824,6.4297867,8.292603,6.7096567,7.5799694
15.206011,16.86996,17.220413,17.105255,16.657835,16.38488,15.623956,16.253696,15.853412,15.448946,14.337897,17.118366,16.409716,16.208286,18.639961,16.262117,16.988508,15.982069,12.667303,16.030598,16.20755,16.066668,15.773844,15.812641,0.0,19.768618,15.494091,15.753044,19.827532,15.958588,15.586278,15.992869,16.078672,17.279266,15.353605,16.734766,15.652336,15.380696,16.164097,15.078397,15.012958,13.970006,18.351402,15.749866,15.029086,16.273687,15.228969,16.73317,15.002935,16.131937,17.09463,15.142541,15.305113,15.9688225,7.2777185,15.210477,14.785865,15.363079,16.100477
14.201026,14.575256,9.843225,10.944279,12.992697,13.442168,14.6487255,11.399686,15.69358,13.171886,15.910105,14.729211,16.039623,14.929919,21.446497,12.532492,10.506982,13.845509,16.011015,14.185791,17.311834,13.907619,16.105707,15.544691,19.768618,0.0,14.517582,14.977499,20.7559,15.684388,16.467154,16.93448,15.586082,14.897603,14.20703,11.02406,14.789651,13.78259,11.842114,13.123285,15.619002,17.23139,15.565082,13.428322,14.284274,15.930398,12.62866,11.179954,15.618952,11.045724,14.277075,15.992108,13.560227,15.206837,20.779045,15.292688,15.956388,16.575102,14.897271
8.23048,5.9003043,10.0623045,9.346737,8.321962,8.988163,8.620936,9.059557,9.053585,8.2897625,8.726547,8.501603,10.072128,6.1382937,17.012491,9.468981,9.647328,7.603623,12.236978,8.385414,10.133356,8.91196,9.019102,7.6458235,15.494091,14.517582,0.0,8.695453,18.977758,8.556208,8.002093,8.419181,6.880616,8.99305,2.916812,9.4967785,3.9519575,8.750656,8.470767,8.444617,8.56418,12.52338,9.527764,9.652028,9.273793,8.965812,9.948293,9.715528,6.631281,9.469089,6.2861547,8.527741,9.812871,5.4727697,15.491909,7.3922,6.9014797,7.21023,8.531679
8.938776,9.63388,10.500147,10.086278,9.069729,7.5860505,6.312471,8.907091,8.2287245,5.883044,7.2994924,9.370159,6.5745177,9.642342,17.785412,6.9231906,10.02159,9.23246,12.332471,5.5612907,11.546292,6.197682,7.587232,9.291838,15.753044,14.977499,8.695453,0.0,17.429176,10.124474,8.196067,11.540678,9.561246,9.106244,8.596033,8.796275,9.294527,5.516603,7.857657,6.2453175,6.7735825,11.735202,12.549439,6.5228496,6.094674,10.490981,7.0149484,8.258598,9.218166,9.239647,9.543875,8.648868,6.712951,9.782248,16.578276,8.396538,9.700483,9.406628,8.493185
18.8012,19.779,19.14655,19.26931,17.624008,17.955202,17.992624,18.522429,18.81986,17.143208,17.691885,19.504805,18.701942,19.889133,17.280699,17.328531,19.157705,19.180788,18.424328,17.708189,19.108904,17.834799,18.397589,19.34248,19.827532,20.7559,18.977758,17.429176,0.0,18.130243,19.091242,20.660456,19.763279,19.292013,19.031214,18.044935,19.482136,17.26941,18.320345,17.024942,17.629583,18.700712,21.383488,16.859577,16.50195,18.47638,16.772697,17.700891,18.881996,18.367523,19.77009,18.988651,16.679426,20.044277,20.2812,18.823616,19.016237,19.601732,18.940424
11.038664,9.967157,12.3216095,11.927564,7.2025857,9.186519,9.926707,11.353436,10.122962,9.782535,10.00617,9.344121,11.174869,10.269315,16.774336,10.462666,12.179694,10.772408,13.779125,9.3048315,6.875903,9.506113,9.5185175,9.199642,15.958588,15.684388,8.556208,10.124474,18.130243,0.0,8.941787,8.752023,9.611334,9.546031,9.042475,10.903045,8.174768,9.853307,11.166924,10.022803,10.427966,14.128414,11.891995,10.152426,9.903024,4.476128,10.809443,10.621238,9.097504,11.633829,10.292514,11.205475,10.22716,9.810079,15.790619,9.53024,9.90154,8.874504,10.700343
10.067122,9.861786,12.329122,11.845227,9.419429,9.1101,9.030155,10.927433,9.008891,9.168804,8.33598,10.198379,7.915162,9.848966,17.374924,10.376832,11.952355,10.403763,13.099171,8.5344925,9.553529,9.064014,7.7884655,9.544243,15.586278,16.467154,8.002093,8.196067,19.091242,8.941787,0.0,10.509669,9.203503,9.605523,7.9751787,11.028829,8.34933,9.253377,10.052384,9.478208,8.921162,12.26411,12.72924,9.940862,9.236321,9.455127,10.495426,10.998331,8.688713,11.497415,10.133845,9.637186,10.086778,8.432136,15.994711,9.303771,8.599424,8.794971,9.731995
11.235992,8.979321,12.760952,11.883674,11.498994,11.596621,11.153717,12.087561,10.181436,11.2423315,11.247426,8.888582,12.389074,8.821938,17.760305,12.067104,12.463958,9.894404,14.818537,10.241141,10.501174,10.879682,10.698872,6.670243,15.992869,16.93448,8.419181,11.540678,20.660456,8.752023,10.509669,0.0,7.4592924,11.383325,8.486355,12.485033,7.264196,11.130717,12.020285,11.365216,11.396025,15.057414,9.347306,12.2103815,12.396753,8.681219,12.567351,12.470189,7.9202695,12.600264,9.835982,10.063299,12.41982,8.925273,15.3408,8.477288,9.276893,6.247047,10.420096
8.874867,6.2413406,10.270561,9.429898,10.546996,9.68921,9.102572,9.82318,8.031354,8.715841,9.979045,7.308992,10.509654,6.5329947,17.978016,9.473206,10.119148,7.4093823,13.549252,8.095814,11.145229,9.108553,9.630965,5.415271,16.078672,15.586082,6.880616,9.561246,19.763279,9.611334,9.203503,7.4592924,0.0,9.2894535,6.9318447,10.067719,5.976015,8.969926,9.445684,9.178135,9.328514,13.432675,6.65526,10.140479,10.287374,9.812789,10.676693,10.326543,6.7697515,10.448033,6.5179234,7.8452225,10.574683,7.4719987,15.954989,5.848894,8.5294075,7.1444187,7.513557
10.658172,8.6437645,11.031752,10.593607,8.390827,6.8740854,9.544384,10.2108755,8.316084,9.03271,9.444379,8.444816,10.101583,9.807866,19.561434,9.302807,11.179804,9.823457,14.016126,7.9990735,11.838684,8.927406,8.583891,9.8271,17.279266,14.897603,8.99305,9.106244,19.292013,9.546031,9.605523,11.383325,9.2894535,0.0,9.364017,9.272925,9.179959,8.656319,9.813595,9.558539,9.163412,13.925238,10.91745,9.592336,9.906648,10.159028,10.408792,10.059138,11.158562,10.625577,8.463624,10.961297,9.89596,9.840461,18.146511,9.440268,11.230496,10.005785,9.255475
8.075848,6.3698416,9.891689,9.020861,8.4618435,9.095594,8.495983,8.862741,8.718445,8.174794,8.616699,8.475689,9.840249,6.1848097,17.212872,9.253501,9.288149,7.346335,12.209772,8.449181,10.342564,8.95749,9.038265,7.4823093,15.353605,14.20703,2.916812,8.596033,19.031214,9.042475,7.9751787,8.486355,6.9318447,9.364017,0.0,9.126904,4.5991483,8.689408,8.090679,8.200156,8.653775,12.4851,9.821807,9.489588,9.137299,9.108084,9.524444,9.414697,6.424444,9.189608,6.577331,8.254764,9.688208,4.430892,15.436422,7.347437,6.9907475,7.189662,8.384143
9.436696,9.798655,8.005997,8.017832,8.297654,6.567673,8.766715,7.6125617,9.716899,7.1291428,10.00562,9.209566,10.462542,9.915346,18.448772,6.539256,8.171542,8.886528,12.617203,8.3924465,13.218886,8.533292,10.656203,9.99276,16.734766,11.02406,9.4967785,8.796275,18.044935,10.903045,11.028829,12.485033,10.067719,9.272925,9.126904,0.0,9.760798,7.5115614,7.2432613,7.1151533,9.583201,13.367004,11.262447,7.5544143,8.055708,11.244055,6.566294,6.7151046,10.378064,7.6531987,9.366226,10.076656,7.717166,10.342991,17.461756,9.645586,11.18713,11.371355,8.920083
8.442256,5.9929347,10.016259,9.20218,8.914578,9.3466015,8.70199,9.344706,8.679203,8.671242,9.492035,7.338094,10.370851,6.429124,17.266232,9.595188,9.770395,7.3488803,13.023686,8.436508,10.053763,8.954713,9.611588,6.592652,15.652336,14.789651,3.9519575,9.294527,19.482136,8.174768,8.34933,7.264196,5.976015,9.179959,4.5991483,9.760798,0.0,9.119332,8.992276,8.92191,9.030061,13.171978,8.493431,9.987872,9.8989525,8.428902,10.379722,9.792089,6.0780535,9.906729,6.5708632,8.248767,10.314609,5.5017414,15.536255,6.7383075,7.374127,6.7885838,8.08176
9.0168,9.502214,9.3595915,9.109942,8.952593,6.553702,7.3364663,7.834583,8.011358,4.886472,8.56128,8.855332,8.640342,9.328094,17.572573,5.2252045,8.999843,8.962412,11.879343,4.7612233,11.7016115,4.841226,8.820066,8.405187,15.380696,13.78259,8.750656,5.516603,17.26941,9.853307,9.253377,11.130717,8.969926,8.656319,8.689408,7.5115614,9.119332,0.0,7.101001,5.6234655,7.9399657,12.058611,12.111706,5.093829,5.683518,10.258541,5.9584208,7.048128,8.845439,8.440691,9.464461,9.113817,5.7515616,9.778947,16.062525,8.882247,9.609208,9.558962,8.386944
7.589779,8.8372755,6.2787466,5.4408374,9.008331,7.425102,8.212148,4.090744,9.6065855,5.498866,9.453191,9.28052,8.712337,8.622903,18.115211,6.0282464,4.819714,7.5043545,11.756869,7.449736,12.895486,8.000044,9.703721,9.025928,16.164097,11.842114,8.470767,7.857657,18.320345,11.166924,10.052384,12.020285,9.445684,9.813595,8.090679,7.2432613,8.992276,7.101001,0.0,5.8113,9.181149,12.232891,11.799792,6.4234204,7.5433683,11.320043,6.638725,7.1403623,9.131314,5.2809234,8.85341,9.239038,6.953501,8.985998,16.785671,9.219325,9.569368,10.076252,8.271154
8.067723,9.256832,8.453915,7.918905,8.696566,7.0424623,6.577983,6.655527,8.577613,4.270251,7.6180086,9.08807,8.157789,8.880088,17.464432,5.3918047,7.67636,8.371877,10.72312,6.008175,11.841611,6.232147,7.893836,8.577907,15.078397,13.123285,8.444617,6.2453175,17.024942,10.022803,9.478208,11.365216,9.178135,9.558539,8.200156,7.1151533,8.92191,5.6234655,5.8113,0.0,7.5796704,10.822404,11.956267,4.941883,4.874423,10.274369,4.2663226,6.7207522,8.4506855,5.910379,9.225788,8.37115,3.7243907,9.565088,15.5736,8.260627,9.247736,9.5850935,8.372569
8.530894,8.944423,11.034329,10.701619,9.747655,8.599781,6.9191985,9.821749,7.1300497,7.7643676,4.9626527,8.816097,8.114142,8.905511,17.690716,8.303461,10.994025,9.053958,11.991526,7.402377,11.691072,8.203381,8.314419,8.943618,15.012958,15.619002,8.56418,6.7735825,17.629583,10.427966,8.921162,11.396025,9.328514,9.163412,8.653775,9.583201,9.030061,7.9399657,9.181149,7.5796704,0.0,11.721961,11.960459,8.177778,8.0415125,10.653116,8.482119,9.304933,9.309774,9.905584,8.79537,8.3954115,7.8983054,9.999177,15.653328,7.16249,9.883538,9.319352,8.125579
12.323265,14.060981,14.269163,14.070884,13.526145,12.578505,11.978187,12.707035,12.586146,11.42917,11.344698,14.398866,12.314894,13.290649,18.480755,12.606255,13.568862,13.202788,7.9865785,12.292367,14.744321,12.330506,12.05836,13.382358,13.970006,17.23139,12.52338,11.735202,18.700712,14.128414,12.26411,15.057414,13.432675,13.925238,12.4851,13.367004,13.171978,12.058611,12.232891,10.822404,11.721961,0.0,16.446455,11.861971,11.129387,14.664139,11.511307,13.303214,12.298893,12.54738,14.1440325,12.045275,11.174265,13.330437,14.644443,12.747708,11.587776,13.236019,13.093745
11.321962,7.2426853,10.939292,10.202673,12.338655,12.145856,11.90811,11.592701,11.186927,11.871097,12.668128,8.708957,13.552435,8.77757,19.909275,11.893232,11.430723,9.126251,16.045013,11.26191,13.887142,12.20604,12.000802,8.522543,18.351402,15.565082,9.527764,12.549439,21.383488,11.891995,12.72924,9.347306,6.65526,10.91745,9.821807,11.262447,8.493431,12.111706,11.799792,11.956267,11.960459,16.446455,0.0,13.07814,13.39258,11.970669,13.080991,12.209506,10.475565,11.846904,7.1449933,10.773513,13.316796,10.307083,18.43222,8.291997,12.379794,10.388905,9.502363
9.137714,10.2274065,9.238902,8.905898,9.074975,6.4222794,7.3300705,7.057242,8.56659,3.5900774,8.889878,9.062883,8.346593,9.909821,17.577755,3.3931854,8.406984,9.426139,11.840635,5.2800035,11.760489,5.6248646,9.458313,8.941268,15.749866,13.428322,9.652028,6.5228496,16.859577,10.152426,9.940862,12.2103815,10.140479,9.592336,9.489588,7.5544143,9.987872,5.093829,6.4234204,4.941883,8.177778,11.861971,13.07814,0.0,4.553324,10.214198,4.220223,5.988133,9.077506,7.821618,10.271833,9.330516,3.2336178,10.587464,16.3796,9.547502,9.93096,10.576694,8.836617
9.006236,10.562649,10.242663,9.957845,9.027894,7.2727065,7.095677,8.472886,8.792868,4.954212,8.086313,10.147074,8.088536,10.297145,17.253092,5.9740534,9.614067,9.781003,11.13784,6.259609,11.357507,6.2864122,8.566369,9.838612,15.029086,14.284274,9.273793,6.094674,16.50195,9.903024,9.236321,12.396753,10.287374,9.906648,9.137299,8.055708,9.8989525,5.683518,7.5433683,4.874423,8.0415125,11.129387,13.39258,4.553324,0.0,10.172573,5.0529895,7.521753,9.140971,8.297085,10.410979,9.131229,4.2148085,10.352326,15.630681,9.34643,9.813924,10.458122,9.195505
11.178416,10.155188,12.404434,11.96953,8.4892025,9.726194,9.763535,11.51819,10.098233,9.907584,10.454865,9.08803,11.422801,10.3769455,16.882345,10.540299,12.2225275,10.643695,14.132494,9.588523,7.0482,9.731793,9.884691,9.052308,16.273687,15.930398,8.965812,10.490981,18.47638,4.476128,9.455127,8.681219,9.812789,10.159028,9.108084,11.244055,8.428902,10.258541,11.320043,10.274369,10.653116,14.664139,11.970669,10.214198,10.172573,0.0,10.993302,10.625405,8.941439,11.800199,10.620589,11.008069,10.430198,9.85838,16.03755,9.80589,10.241713,8.895191,10.482553
8.960865,10.55541,8.79912,8.53993,9.091551,7.17353,7.620094,7.0925574,9.000667,5.079064,8.354285,9.62055,8.806058,10.030065,17.661377,4.5240765,8.127981,9.513212,11.031781,6.541566,12.510932,6.7027597,9.498468,9.60904,15.228969,12.62866,9.948293,7.0149484,16.772697,10.809443,10.495426,12.567351,10.676693,10.408792,9.524444,6.566294,10.379722,5.9584208,6.638725,4.2663226,8.482119,11.511307,13.080991,4.220223,5.0529895,10.993302,0.0,6.47668,9.738031,6.791918,10.437825,9.34733,3.4718196,10.624478,15.957711,9.503977,10.541101,11.115008,9.058515
9.281732,9.98804,8.324583,8.564571,8.955713,7.5937366,7.9507546,7.807895,9.634749,6.502974,10.187029,8.814447,10.102829,10.23338,18.013773,5.2011256,8.425704,9.19716,12.772588,7.116062,12.420684,6.9472413,10.898208,9.640109,16.73317,11.179954,9.715528,8.258598,17.700891,10.621238,10.998331,12.470189,10.326543,10.059138,9.414697,6.7151046,9.792089,7.048128,7.1403623,6.7207522,9.304933,13.303214,12.209506,5.988133,7.521753,10.625405,6.47668,0.0,9.864454,8.085766,9.873014,10.031999,6.61271,10.810248,17.49052,9.81632,10.842372,11.260675,8.845819
8.784728,8.514638,10.875351,9.999642,10.4148445,10.110249,8.873778,9.643235,9.173875,8.060485,9.8142805,8.991948,10.330583,7.817962,16.736504,9.02347,10.071836,8.358488,12.171037,8.507957,9.915127,9.004631,10.051872,6.508367,15.002935,15.618952,6.631281,9.218166,18.881996,9.097504,8.688713,7.9202695,6.7697515,11.158562,6.424444,10.378064,6.0780535,8.845439,9.131314,8.4506855,9.309774,12.298893,10.475565,9.077506,9.140971,8.941439,9.738031,9.864454,0.0,10.273976,9.051985,7.8164196,9.585824,7.242792,14.562041,7.4088607,7.2016716,7.095468,8.84131
7.666279,9.506529,5.070661,4.575675,9.364196,8.521608,8.964458,4.2881193,10.215976,7.3381906,9.630433,9.847194,10.051502,9.483085,18.451128,7.310705,4.371061,7.760765,11.297521,8.702244,13.507712,8.935171,9.968812,9.992198,16.131937,11.045724,9.469089,9.239647,18.367523,11.633829,11.497415,12.600264,10.448033,10.625577,9.189608,7.6531987,9.906729,8.440691,5.2809234,5.910379,9.905584,12.54738,11.846904,7.821618,8.297085,11.800199,6.791918,8.085766,10.273976,0.0,9.355451,10.028229,7.162513,10.168156,16.825249,9.724133,11.242398,10.998292,9.090865
8.676706,3.1130524,9.181306,8.354665,9.427751,9.380758,8.883517,9.142048,8.862081,9.0942955,9.554689,6.5768237,10.49059,5.164152,18.834114,9.333236,9.415918,7.141383,13.817564,8.54713,12.302153,9.659881,9.559702,7.58684,17.09463,14.277075,6.2861547,9.543875,19.77009,10.292514,10.133845,9.835982,6.5179234,8.463624,6.577331,9.366226,6.5708632,9.464461,8.85341,9.225788,8.79537,14.1440325,7.1449933,10.271833,10.410979,10.620589,10.437825,9.873014,9.051985,9.355451,0.0,9.253717,10.451072,7.827168,17.440678,6.6230936,9.944524,9.07002,7.774074
7.6180563,9.42506,10.95477,10.154365,11.523032,9.676393,7.188506,9.851288,7.9442525,8.604382,8.794336,9.160476,8.826289,8.918176,17.218712,9.277074,10.467555,6.895773,11.801483,8.671807,12.269264,9.339234,9.569823,7.9548116,15.142541,15.992108,8.527741,8.648868,18.988651,11.205475,9.637186,10.063299,7.8452225,10.961297,8.254764,10.076656,8.248767,9.113817,9.239038,8.37115,8.3954115,12.045275,10.773513,9.330516,9.131229,11.008069,9.34733,10.031999,7.8164196,10.028229,9.253717,0.0,9.276836,9.084978,15.366911,7.534015,9.453079,7.865122,6.257569
8.971495,10.46811,9.469559,9.227789,9.071404,6.7123685,7.1719627,7.53364,8.804194,4.8527393,7.913735,9.490258,8.346314,10.007832,17.597391,4.7333703,8.871512,9.558875,10.974809,6.0448484,11.919457,6.124758,8.584288,9.377283,15.305113,13.560227,9.812871,6.712951,16.679426,10.22716,10.086778,12.41982,10.574683,9.89596,9.688208,7.717166,10.314609,5.7515616,6.953501,3.7243907,7.8983054,11.174265,13.316796,3.2336178,4.2148085,10.430198,3.4718196,6.61271,9.585824,7.162513,10.451072,9.276836,0.0,10.855425,15.8902855,9.589969,10.230975,10.708077,8.965536
8.985171,7.2534037,10.648756,9.607592,9.457462,10.0341625,9.74855,9.567022,8.806568,9.493779,9.626438,8.926599,10.419421,6.8569875,17.976076,10.340634,9.92523,8.21591,13.138327,9.462367,10.923277,9.954321,9.795061,7.9774537,15.9688225,15.206837,5.4727697,9.782248,20.044277,9.810079,8.432136,8.925273,7.4719987,9.840461,4.430892,10.342991,5.5017414,9.778947,8.985998,9.565088,9.999177,13.330437,10.307083,10.587464,10.352326,9.85838,10.624478,10.810248,7.242792,10.168156,7.827168,9.084978,10.855425,0.0,16.007029,8.21442,7.819199,7.5097795,9.29347
15.767995,17.109985,17.934454,17.631752,17.235668,16.97892,16.277744,16.893951,16.388779,16.052433,14.988213,17.342548,16.992886,16.229368,18.582396,16.969482,17.602789,16.355106,13.498759,16.662323,15.895477,16.661854,16.31863,15.511824,7.2777185,20.779045,15.491909,16.578276,20.2812,15.790619,15.994711,15.3408,15.954989,18.146511,15.436422,17.461756,15.536255,16.062525,16.785671,15.5736,15.653328,14.644443,18.43222,16.3796,15.630681,16.03755,15.957711,17.49052,14.562041,16.825249,17.440678,15.366911,15.8902855,16.007029,0.0,15.476642,14.382691,15.064272,16.684837
8.1331005,6.620344,10.139869,9.278526,10.032031,9.569932,7.7746215,9.4411545,7.6418257,8.376781,7.9231663,7.165059,9.375736,6.6849465,17.683615,8.986772,9.97859,7.5464625,12.719597,7.8244867,11.203416,8.666461,9.046437,6.4297867,15.210477,15.292688,7.3922,8.396538,18.823616,9.53024,9.303771,8.477288,5.848894,9.440268,7.347437,9.645586,6.7383075,8.882247,9.219325,8.260627,7.16249,12.747708,8.291997,9.547502,9.34643,9.80589,9.503977,9.81632,7.4088607,9.724133,6.6230936,7.534015,9.589969,8.21442,15.476642,0.0,9.100465,7.5563955,7.558742
9.949515,9.198409,12.082996,11.460328,10.625463,10.024165,9.533817,10.460355,9.99978,9.066538,9.9279,10.175501,10.172207,8.120902,16.575624,10.378144,11.351174,9.836719,12.437817,9.217537,10.427689,9.594498,10.428945,8.292603,14.785865,15.956388,6.9014797,9.700483,19.016237,9.90154,8.599424,9.276893,8.5294075,11.230496,6.9907475,11.18713,7.374127,9.609208,9.569368,9.247736,9.883538,11.587776,12.379794,9.93096,9.813924,10.241713,10.541101,10.842372,7.2016716,11.242398,9.944524,9.453079,10.230975,7.819199,14.382691,9.100465,0.0,7.938115,10.245308
9.129583,8.325811,11.696189,10.774312,10.3213415,9.824696,9.086109,10.483174,8.420867,9.643081,9.062913,8.699371,9.97972,7.9221244,17.253485,10.811089,11.136818,8.271218,13.259296,8.876691,10.022875,9.443399,9.060118,6.7096567,15.363079,16.575102,7.21023,9.406628,19.601732,8.874504,8.794971,6.247047,7.1444187,10.005785,7.189662,11.371355,6.7885838,9.558962,10.076252,9.5850935,9.319352,13.236019,10.388905,10.576694,10.458122,8.895191,11.115008,11.260675,7.095468,10.998292,9.07002,7.865122,10.708077,7.5097795,15.064272,7.5563955,7.938115,0.0,8.42316
6.702073,8.027307,9.483014,8.8456135,10.205902,8.2838,7.378961,8.912479,7.457179,8.399448,8.676986,7.391811,8.721145,8.365154,18.071615,8.168851,9.388953,5.976209,12.609237,7.87747,12.275568,8.921642,9.092421,7.5799694,16.100477,14.897271,8.531679,8.493185,18.940424,10.700343,9.731995,10.420096,7.513557,9.255475,8.384143,8.920083,8.08176,8.386944,8.271154,8.372569,8.125579,13.093745,9.502363,8.836617,9.195505,10.482553,9.058515,8.845819,8.84131,9.090865,7.774074,6.257569,8.965536,9.29347,16.684837,7.558742,10.245308,8.42316,0.0
