0,1,2,3,4,5,6,7,8,9,10,11,12,13,14,15,16,17,18,19,20,21,22,23,24,25,26,27,28,29,30,31,32,33,34,35,36,37,38,39,40,41,42,43,44,45,46,47,48,49,50,51,52,53,54,55,56,57,58,59,60,61,62,63,64,65,66,67,68,69,70,71,72,73,74,75,76,77,78,79,80,81,82,83,84,85,86,87,88,89,90,91,92,93,94,95,96,97,98,99,100,101,102,103,104,105,106,107,108,109,110,111,112,113,114,115,116,117,118,119,120,121,122,123,124,125,126,127,128,129,130,131,132,133,134,135,136,137,138,139,140,141,142,143,144,145,146,147,148,149,150,151,152,153,154,155,156,157,158,159,160,161,162
1.0,0.89919734,0.8416477,0.93729377,0.8314278,0.92985916,0.92245066,0.90464926,0.910038,0.9201709,0.92431813,0.86976564,0.848163,0.953267,0.9624203,0.87150633,0.93345904,0.95527107,0.90315115,0.93030035,0.9256047,0.9185873,0.9184928,0.9040755,0.9102969,0.9046258,0.91864353,0.8961053,0.86806405,0.7080805,0.86447793,0.88387877,0.89734364,0.8721151,0.86115927,0.9124882,0.9279753,0.52430564,0.9429617,0.9231237,0.86394775,0.8893802,0.88872933,0.9164587,0.8833631,0.8783579,0.9235211,0.91673136,0.9154161,0.92377615,0.88774335,0.9279123,0.91747236,0.92754304,0.9029832,0.9086878,0.8886651,0.890303,0.9071857,0.8965229,0.9070895,0.8988429,0.9133684,0.9166112,0.9140588,0.9330808,0.856619,0.88119245,0.91656077,0.8949078,0.89245284,0.8762102,0.4378296,0.92208564,0.9194745,0.9435977,0.89979404,0.9468304,0.93141687,0.9182482,0.8821333,0.94003785,0.90749174,0.891634,0.4378296,0.9236225,0.94168276,0.9337576,0.93118584,0.8703358,0.82565564,0.9263648,0.91920996,0.94533646,0.92585886,0.9216474,0.9216474,0.89809364,0.92797446,0.9280733,0.88724816,0.86650383,0.8624639,0.8482621,0.89681804,0.9206251,0.86408687,0.90863043,0.86647046,0.8970741,0.90648156,0.88073754,0.8824936,0.9011351,0.8952354,0.97363055,0.9395058,0.9029136,0.9529341,0.9486337,0.8721292,0.91643536,0.93774265,0.9415466,0.92703974,0.8560454,0.9856372,0.89929557,0.8387473,0.8664924,0.95965,0.9620992,0.9164657,0.9050149,0.91909564,0.9304881,0.91400015,0.91391015,0.885104,0.8964673,0.9120168,0.9272892,0.88787127,0.88762844,0.9037097,0.9155042,0.920254,0.92193866,0.9317734,0.93739307,0.91014177,0.94201404,0.9108926,0.8800664,0.9360855,0.93283063,0.8877725,0.93275535,0.92413247,0.94665194,0.9247357,0.9211979,0.91700065
0.89919734,1.0,0.8809317,0.8699733,0.78705233,0.9139892,0.9110681,0.9135871,0.9077594,0.9238826,0.9031045,0.91471565,0.9067408,0.9122106,0.9118326,0.89407384,0.93651474,0.9122684,0.9394025,0.9411001,0.9474561,0.9179003,0.92930925,0.9447106,0.9439002,0.949288,0.9105557,0.9074648,0.9215573,0.78807473,0.86336327,0.9307934,0.9370789,0.9021011,0.9437867,0.951936,0.93701077,0.5531233,0.9007703,0.8873162,0.9057176,0.87974304,0.9474455,0.9243516,0.94661176,0.94147456,0.8937977,0.8815847,0.90688574,0.9138057,0.9429248,0.94693244,0.89852875,0.8354394,0.9350351,0.9136691,0.90200263,0.9062539,0.9141302,0.90609837,0.900229,0.9446542,0.93173677,0.92931235,0.91223675,0.9055303,0.9058131,0.9458398,0.91845185,0.9347915,0.934796,0.92995393,0.4648804,0.91729414,0.91370326,0.9149398,0.88600385,0.91790724,0.9423858,0.8778371,0.9814222,0.90716124,0.9478208,0.94384146,0.4648804,0.8945155,0.95118,0.93431044,0.9446608,0.85683745,0.82407457,0.9414036,0.92057824,0.9208863,0.93481123,0.9389237,0.9389237,0.94156677,0.90847754,0.9358473,0.9478166,0.9228009,0.9065042,0.88061595,0.9058142,0.93343824,0.9303689,0.8969398,0.8607494,0.94521,0.94597507,0.9057516,0.93925834,0.93113226,0.99180996,0.9067967,0.94010353,0.9228858,0.907477,0.90902674,0.9171669,0.91908365,0.9102504,0.91120195,0.9248283,0.9260038,0.9010397,0.9322398,0.928074,0.9102391,0.8917664,0.8968098,0.91830343,0.8892529,0.8996568,0.9129815,0.9259697,0.9318898,0.9355087,0.9440156,0.94098556,0.9465449,0.90349174,0.8978676,0.9040203,0.92358506,0.8840593,0.9285197,0.9382608,0.91591173,0.89941967,0.90227306,0.94719094,0.9313083,0.9243959,0.87283033,0.8983916,0.9003823,0.9219005,0.93209404,0.9125259,0.934421,0.8849673
0.8416477,0.8809317,1.0000002,0.8490089,0.80806386,0.8915302,0.8677215,0.87244713,0.8888464,0.8837608,0.8813321,0.89058363,0.97894895,0.8261896,0.8355427,0.94256544,0.86802566,0.846716,0.84069437,0.8553681,0.86992395,0.83613193,0.8442037,0.90919995,0.8625226,0.9140334,0.86003643,0.81411785,0.8072854,0.73861814,0.80216527,0.83203566,0.8333659,0.79259056,0.85037357,0.86000395,0.9224023,0.556852,0.8697,0.82166076,0.82399184,0.8010862,0.91280925,0.9091271,0.89566714,0.84642816,0.82013077,0.8868365,0.9114439,0.8694573,0.8389645,0.89673346,0.83588845,0.8450639,0.8619095,0.8397369,0.8345481,0.84082776,0.85950863,0.8573116,0.822169,0.850758,0.86587733,0.8669046,0.869464,0.83467305,0.96881115,0.8472207,0.8441035,0.84052026,0.83503336,0.83244395,0.4888379,0.8422107,0.8240738,0.83175516,0.8600147,0.86989963,0.87101436,0.84008557,0.8504169,0.8163088,0.91228485,0.8415456,0.4888379,0.90060747,0.88244563,0.8601408,0.87127703,0.8217235,0.84432584,0.90952027,0.8699795,0.8288299,0.88373286,0.8518735,0.8518735,0.8475465,0.8516319,0.87560046,0.84192425,0.8111999,0.80801934,0.8090403,0.79510427,0.8901918,0.874467,0.8239348,0.7818672,0.83565044,0.9091558,0.7967498,0.8315536,0.8303123,0.87381476,0.8464665,0.87393796,0.8094703,0.8382335,0.8260679,0.8577218,0.9151051,0.83042526,0.8732889,0.8533479,0.84224963,0.83305913,0.8322521,0.87776697,0.88839114,0.8316902,0.8279973,0.89779216,0.82301503,0.91028917,0.82273364,0.83506244,0.8647582,0.8378092,0.8609861,0.85858643,0.86591446,0.7949668,0.89389217,0.8317942,0.8508083,0.79496694,0.90110755,0.93028075,0.829342,0.82475466,0.8318079,0.90246403,0.8323798,0.86310744,0.8285989,0.8405752,0.8470688,0.9242673,0.8406005,0.85493904,0.8607777,0.86081386
0.93729377,0.8699733,0.8490089,1.0000002,0.82870215,0.9338376,0.91690004,0.8782897,0.8877491,0.8995293,0.9327273,0.8726192,0.8606779,0.9058299,0.88868344,0.8553537,0.92177784,0.90789366,0.845195,0.8965477,0.8921473,0.86721635,0.8662276,0.8977583,0.86929965,0.9050739,0.8985637,0.8789885,0.8611553,0.73969066,0.8619829,0.8738799,0.8735927,0.8768723,0.85997975,0.8848351,0.910133,0.5413065,0.9349402,0.89930737,0.8629693,0.8989248,0.8658746,0.90823805,0.85720325,0.85470057,0.9137111,0.9368435,0.9211898,0.9125879,0.8488153,0.89527726,0.9098811,0.93442476,0.8825787,0.8572614,0.81880397,0.8155373,0.87237287,0.8556082,0.84361356,0.87817836,0.8646897,0.8660043,0.85696524,0.8834865,0.85798717,0.8671308,0.89489627,0.83033866,0.8528384,0.86984384,0.44942883,0.9074207,0.87561107,0.8880141,0.9154372,0.91771364,0.8987873,0.91970104,0.84825635,0.8797724,0.90499413,0.85874695,0.44942883,0.9265235,0.9078131,0.89781237,0.9034888,0.8846315,0.81297493,0.9215667,0.87923205,0.90539396,0.9168234,0.8946978,0.8946978,0.8737116,0.9055885,0.9055599,0.87212133,0.8414941,0.856598,0.8208276,0.85476494,0.87942195,0.86282694,0.89134264,0.8549104,0.8591387,0.90537167,0.88260347,0.86769414,0.8872044,0.86599225,0.9362293,0.91747296,0.8549615,0.89532673,0.87738097,0.8760024,0.9215162,0.8940685,0.9224782,0.9017768,0.8602004,0.927351,0.856141,0.83892834,0.8697392,0.9148705,0.9139849,0.9137566,0.8593787,0.9136561,0.8951318,0.87894577,0.86268055,0.8849315,0.8802453,0.86233425,0.885009,0.83783233,0.8444291,0.8462875,0.8532233,0.85995626,0.9162148,0.91776264,0.89098406,0.85487187,0.92070764,0.88687384,0.8793007,0.87685823,0.9664109,0.8919438,0.91595435,0.91051257,0.89578485,0.86049515,0.8730626,0.9206536
0.8314278,0.78705233,0.80806386,0.82870215,0.99999976,0.8440975,0.86609685,0.8583146,0.8683905,0.8523961,0.867269,0.7884298,0.79953706,0.8595331,0.79753256,0.884691,0.82799923,0.85472184,0.79867315,0.8305708,0.7951115,0.82664067,0.8198631,0.8011203,0.8019028,0.85338795,0.8580062,0.74402416,0.7306197,0.60052866,0.75661635,0.747524,0.80308837,0.75170976,0.7312329,0.78638804,0.8583591,0.527573,0.8265227,0.76593053,0.72950065,0.78062546,0.7800636,0.8668499,0.79772806,0.7381836,0.77108175,0.84107435,0.87994933,0.8636862,0.74823564,0.8312215,0.8568399,0.852265,0.7759222,0.83626676,0.8090137,0.7992111,0.846913,0.85457647,0.8223499,0.7671762,0.79339004,0.81900525,0.84197265,0.85984933,0.80598295,0.7477633,0.8350711,0.80073786,0.8111459,0.7354722,0.45401707,0.8421923,0.8205183,0.8462126,0.82345337,0.87128854,0.7887437,0.8113884,0.7535634,0.84808946,0.8606474,0.7882887,0.45401707,0.8867856,0.8497962,0.8587961,0.85205483,0.7631576,0.9578297,0.8598752,0.870957,0.83802176,0.8413695,0.8162839,0.8162839,0.75826,0.8709638,0.84363556,0.7663852,0.71449506,0.7406032,0.7196838,0.7716061,0.81053627,0.76492167,0.78203946,0.771443,0.7620957,0.8550193,0.72459555,0.7480309,0.78198504,0.7896423,0.80432546,0.82240623,0.79424167,0.82755256,0.8111976,0.7620547,0.85200536,0.8495499,0.8739979,0.8355513,0.73127717,0.8268945,0.81189156,0.74278724,0.78054255,0.7633772,0.8755406,0.8791997,0.74690264,0.8447973,0.8248345,0.8080415,0.8287261,0.7519009,0.7657597,0.8143968,0.80388105,0.7464011,0.846027,0.8321389,0.81948704,0.84244853,0.85853326,0.8587709,0.8425069,0.8382929,0.839278,0.8048037,0.74871,0.83158183,0.83782405,0.7642796,0.86593753,0.8862324,0.82316303,0.84337574,0.8008497,0.86637646
0.92985916,0.9139892,0.8915302,0.9338376,0.8440975,0.9999998,0.96703494,0.9361954,0.94220114,0.9582483,0.98026896,0.9229924,0.9107461,0.9355083,0.9088844,0.9116547,0.93020546,0.93617547,0.8962225,0.9314345,0.9426486,0.9166255,0.9209173,0.94874704,0.929126,0.94566804,0.95644355,0.873108,0.8714576,0.7580904,0.8529758,0.8949257,0.91678923,0.8783604,0.8921371,0.9193693,0.9394932,0.56985533,0.9240525,0.8931309,0.8800504,0.88946927,0.9249238,0.94026864,0.90725416,0.8907311,0.898426,0.9500562,0.95168555,0.9651253,0.8771334,0.930492,0.95743686,0.9161247,0.9165423,0.89095235,0.86234486,0.86095387,0.90390015,0.9014963,0.8948324,0.9170433,0.9088545,0.90971696,0.90229213,0.9282938,0.90400827,0.89836127,0.91035974,0.87681454,0.9048189,0.890519,0.4804862,0.9239664,0.92227787,0.92303383,0.92007136,0.9366273,0.92995816,0.93698406,0.8897767,0.9111928,0.9475281,0.8983901,0.4804862,0.9427657,0.9447011,0.94273454,0.9455993,0.8880596,0.8467068,0.9458251,0.91990983,0.93135154,0.96702075,0.9405428,0.9405428,0.89625645,0.9297088,0.92227304,0.9018691,0.87031484,0.876619,0.85464156,0.8701602,0.92787373,0.9136655,0.8975483,0.88446534,0.88307256,0.9459171,0.8837571,0.8920772,0.9050312,0.9110243,0.94055945,0.95648074,0.8901413,0.9072236,0.89745724,0.9153733,0.9509475,0.94276893,0.9408083,0.9204196,0.88698494,0.9278288,0.90658396,0.89745986,0.9179863,0.9085976,0.93641365,0.95762336,0.8715067,0.9194902,0.9339007,0.90602124,0.91498584,0.9061073,0.914456,0.91641253,0.935148,0.8635957,0.9160832,0.8966743,0.90660036,0.8979533,0.9430908,0.94682086,0.92121756,0.90618944,0.9265262,0.93517125,0.9004799,0.9219427,0.93446773,0.91024613,0.9378346,0.93435025,0.9328406,0.9076766,0.91621524,0.9418798
0.92245066,0.9110681,0.8677215,0.91690004,0.86609685,0.96703494,1.0000002,0.9698725,0.9795065,0.9868027,0.98927724,0.90583855,0.8843139,0.95648885,0.92307144,0.8966477,0.9448433,0.961357,0.9164332,0.9411446,0.94115615,0.94513,0.94864,0.93725866,0.94062686,0.94211453,0.99013525,0.8778195,0.88306254,0.7148322,0.84685856,0.89609444,0.925648,0.88356614,0.8757902,0.9221142,0.9453691,0.55361146,0.9193117,0.8911498,0.8797677,0.88235056,0.9315458,0.95080996,0.9026759,0.88439876,0.89091873,0.93785524,0.952352,0.9985763,0.87908155,0.92967796,0.98659396,0.90412515,0.9247695,0.9200103,0.89040864,0.88521993,0.9316392,0.9145902,0.93559515,0.9157454,0.9247442,0.92446876,0.9206658,0.9633472,0.88816476,0.8977777,0.9445536,0.89868,0.925568,0.89442825,0.4635434,0.9485365,0.95733607,0.9494828,0.92311555,0.9392078,0.9249222,0.9303962,0.8947465,0.9420794,0.94751805,0.91415,0.4635434,0.94249046,0.95162153,0.9604286,0.96155566,0.86115915,0.86016786,0.9521112,0.9317708,0.9421931,0.9524727,0.95014155,0.95014155,0.9100778,0.9598032,0.9430297,0.91070664,0.87831545,0.887038,0.85056484,0.9002019,0.93250084,0.89499974,0.8973286,0.88178116,0.8881551,0.9449698,0.88992524,0.8974701,0.92217636,0.91586596,0.9364351,0.9398,0.91579175,0.92577624,0.9183588,0.89957356,0.9549719,0.95871174,0.9506701,0.9494022,0.88010734,0.9379887,0.92711926,0.8755825,0.8968861,0.8979174,0.95206785,0.96800995,0.87228733,0.9139744,0.9551622,0.9285071,0.94013107,0.8972425,0.90497667,0.9393262,0.94045526,0.8790268,0.9449438,0.93056417,0.9309645,0.93469936,0.96075916,0.94326067,0.95175374,0.9497551,0.95185596,0.92597044,0.8986448,0.94768703,0.9303875,0.89720047,0.9571922,0.93880516,0.95528173,0.9403689,0.9290266,0.94762325
0.90464926,0.9135871,0.87244713,0.8782897,0.8583146,0.9361954,0.9698725,1.0,0.9807273,0.9749631,0.950772,0.8974703,0.8849435,0.951058,0.9272361,0.9015517,0.93545485,0.9557196,0.92232186,0.9260858,0.9342226,0.94666094,0.95181274,0.92212117,0.9421606,0.9347459,0.9796854,0.8794494,0.87914836,0.704483,0.8524306,0.88458014,0.9227809,0.8771417,0.86494744,0.91931665,0.94025445,0.54307204,0.9039626,0.88310134,0.87199783,0.8669764,0.9339476,0.94470906,0.9051087,0.8766782,0.8814063,0.89292395,0.936988,0.97338706,0.88835335,0.93370175,0.96251607,0.87092835,0.92412484,0.93659705,0.9231117,0.92014277,0.9416659,0.9334183,0.9482441,0.9144027,0.93387455,0.93228114,0.94110763,0.9656193,0.8935806,0.88815033,0.94753265,0.91825247,0.9309267,0.88217926,0.45621705,0.941275,0.97063136,0.95137167,0.90118086,0.9218739,0.9154248,0.906443,0.90020186,0.9432018,0.94097906,0.9169383,0.45621705,0.9333422,0.94414425,0.95207906,0.9465365,0.8340841,0.863877,0.9474104,0.9408948,0.93233883,0.9348984,0.9434849,0.9434849,0.9051913,0.94965005,0.94767666,0.9106506,0.8766669,0.88114583,0.85534436,0.91266435,0.9352513,0.88910115,0.8886839,0.8588264,0.8902198,0.93670106,0.87171376,0.8858012,0.92439395,0.91964173,0.9174965,0.92004883,0.91565865,0.92668486,0.9244449,0.87941337,0.940069,0.9524187,0.94221187,0.949057,0.8728485,0.9240025,0.9309163,0.8741369,0.8860358,0.88034004,0.9386451,0.9492388,0.869944,0.89660424,0.9454577,0.92716813,0.9442867,0.8796445,0.89579475,0.93869025,0.93570817,0.8878477,0.96678,0.94847333,0.9402716,0.94264936,0.9527141,0.9400127,0.9491116,0.9657264,0.94922227,0.9222431,0.88232565,0.9592444,0.8934721,0.8795133,0.9421199,0.9403404,0.9518034,0.9554812,0.9351375,0.9262655
0.910038,0.9077594,0.8888464,0.8877491,0.8683905,0.94220114,0.9795065,0.9807273,1.0000005,0.9852737,0.9613484,0.89224476,0.8911597,0.9471255,0.9262509,0.91969585,0.92760235,0.95384973,0.9184594,0.92131066,0.92501974,0.9399905,0.942394,0.9219669,0.9342208,0.93290937,0.9847507,0.86264217,0.86136615,0.6950499,0.83828455,0.87561786,0.9158497,0.8599291,0.85600114,0.909696,0.9475364,0.5349223,0.90881836,0.8813106,0.85785425,0.8606776,0.9361668,0.9479507,0.9036126,0.86849976,0.87501925,0.9083539,0.94554824,0.9826382,0.8738134,0.9282995,0.95883936,0.8884891,0.9140099,0.9254421,0.912603,0.9096114,0.93470645,0.93034303,0.9400637,0.8982915,0.9345088,0.93071276,0.9427973,0.96292114,0.8984713,0.8784356,0.93659765,0.9125862,0.9238373,0.8746068,0.45272252,0.93467057,0.95396066,0.9460812,0.90808046,0.9226121,0.9138258,0.9130517,0.8886395,0.93626016,0.9389804,0.91073394,0.45272252,0.94152206,0.9434031,0.9540174,0.9484215,0.84656066,0.87234163,0.9505416,0.9363458,0.92264485,0.9359882,0.9342737,0.9342737,0.89631647,0.95155615,0.94065696,0.89418983,0.86316174,0.86785644,0.83113337,0.8916391,0.9377969,0.878524,0.8754661,0.85448706,0.8757151,0.9332887,0.8606744,0.8757657,0.9073864,0.9141019,0.9198724,0.92251563,0.90936536,0.9301465,0.91826946,0.8701606,0.9449946,0.945765,0.94336104,0.94163585,0.8592645,0.9271442,0.92393625,0.86249423,0.8817608,0.88554645,0.9424255,0.9688419,0.8697008,0.9148777,0.93573976,0.9123992,0.9466045,0.870144,0.8856642,0.93658423,0.92842716,0.872908,0.9704958,0.9404681,0.93914646,0.93221503,0.95289844,0.95011544,0.9440478,0.95557046,0.9453056,0.92628455,0.8735348,0.95857453,0.9038296,0.87225,0.9424697,0.94437826,0.94434,0.95482785,0.93205565,0.93050677
0.9201709,0.9238826,0.8837608,0.8995293,0.8523961,0.9582483,0.9868027,0.9749631,0.9852737,0.99999994,0.9686979,0.9091766,0.8973565,0.9501201,0.9395167,0.91619635,0.93907845,0.9623831,0.93162584,0.941448,0.94799924,0.9531759,0.95717514,0.9420757,0.95565796,0.9425341,0.9850114,0.8782269,0.88257366,0.72595197,0.8503281,0.89619195,0.92931134,0.87827027,0.87819535,0.92063844,0.9447278,0.54912496,0.9179357,0.9053799,0.8818974,0.8757758,0.95224476,0.9479425,0.91358626,0.88902265,0.8847345,0.9189162,0.9423405,0.98799765,0.88913184,0.93341684,0.9733225,0.88230526,0.93817914,0.93140674,0.9179426,0.9160471,0.9409497,0.9310396,0.95018375,0.9231466,0.946485,0.94516957,0.94479287,0.96773636,0.9018157,0.90106845,0.9448481,0.92499626,0.9353342,0.8956785,0.46418226,0.94208986,0.96156573,0.9572958,0.9109576,0.93030477,0.9328766,0.921042,0.9081744,0.94564724,0.94779325,0.92344594,0.46418226,0.9353019,0.9523941,0.95954436,0.960756,0.8567353,0.8589584,0.95020235,0.9398112,0.9351446,0.94714737,0.95163184,0.95163184,0.9165313,0.945032,0.94519997,0.9120444,0.8833798,0.8895072,0.8605682,0.9042233,0.9530761,0.90010625,0.8912041,0.86485195,0.8931081,0.9425086,0.8835346,0.89600074,0.9246881,0.93206334,0.9334141,0.93855315,0.9206705,0.9349576,0.9291636,0.89176327,0.9546213,0.95833516,0.9434279,0.948476,0.8822181,0.93503904,0.9344878,0.88480794,0.8993414,0.9005247,0.9411352,0.96327233,0.8764469,0.9101601,0.95501757,0.9295163,0.9586505,0.8918513,0.91383404,0.95290196,0.95092154,0.89181376,0.9654541,0.9490906,0.9496732,0.9383996,0.9574404,0.94979846,0.95515513,0.9607668,0.95092344,0.94389653,0.89548206,0.9667962,0.91077757,0.8896127,0.9449488,0.9375766,0.9592632,0.9590961,0.9452858,0.9296278
0.92431813,0.9031045,0.8813321,0.9327273,0.867269,0.98026896,0.98927724,0.950772,0.9613484,0.9686979,1.0000001,0.91531265,0.89726996,0.94372165,0.90267015,0.90248156,0.9383216,0.945449,0.8961321,0.9339943,0.9338659,0.9218832,0.92556524,0.9415302,0.9222063,0.94328785,0.9733148,0.8661772,0.86944187,0.72092694,0.83973825,0.8881754,0.9118133,0.87221223,0.87659967,0.91641927,0.94287103,0.5580597,0.9192837,0.88174915,0.8728494,0.88057363,0.9189278,0.9504675,0.89877206,0.8791945,0.89141226,0.9571645,0.96034455,0.98582554,0.8677925,0.92770255,0.97554743,0.9223689,0.9063605,0.8959016,0.8602358,0.8554925,0.9105027,0.899958,0.9047437,0.9021565,0.8990028,0.9014665,0.8956435,0.9414755,0.89834845,0.8900638,0.9248255,0.8748319,0.90404606,0.88587654,0.46781573,0.9347521,0.9294392,0.92882633,0.9300531,0.9377712,0.9152689,0.93732226,0.8794555,0.92059577,0.94719946,0.89720833,0.46781573,0.94988024,0.94534814,0.9486569,0.9523863,0.87671125,0.85998213,0.9503496,0.92133754,0.9344496,0.9570471,0.93509686,0.93509686,0.8921251,0.94926655,0.92776847,0.9007808,0.86369884,0.87367547,0.841942,0.8746581,0.92027855,0.89898837,0.89435786,0.8902863,0.87564576,0.9460157,0.8806784,0.89176047,0.90572345,0.90285265,0.9347997,0.9396934,0.8950784,0.9078275,0.8978021,0.9068876,0.9565072,0.9468858,0.9494362,0.9316293,0.87477005,0.92976606,0.9061661,0.88023716,0.9081869,0.8948302,0.94638884,0.96802235,0.86746514,0.9231777,0.9369966,0.9093441,0.91848254,0.89661145,0.8989443,0.9186362,0.92793226,0.8564623,0.9257797,0.90132207,0.90675867,0.9085976,0.9536962,0.94339097,0.9308436,0.9200902,0.93125844,0.92087877,0.8948674,0.9250951,0.936555,0.9047644,0.9523638,0.9388143,0.9356239,0.91411316,0.90555954,0.95483077
0.86976564,0.91471565,0.89058363,0.8726192,0.7884298,0.9229924,0.90583855,0.8974703,0.89224476,0.9091766,0.91531265,1.0000002,0.92262894,0.88099015,0.8625058,0.9100151,0.900723,0.8782263,0.88430476,0.89201146,0.89993656,0.8785224,0.88183904,0.92228353,0.89122885,0.9165684,0.89641356,0.8604885,0.8617809,0.7466479,0.81886446,0.86743534,0.9042145,0.8465711,0.88766277,0.8919705,0.9050699,0.5618442,0.8801565,0.835948,0.8796135,0.8586279,0.913372,0.9141804,0.91334003,0.87094057,0.8698227,0.90037435,0.9130532,0.90402293,0.8712181,0.90750134,0.90000147,0.85268867,0.8900813,0.8675426,0.84671783,0.84682393,0.8853103,0.8894212,0.85730404,0.8907647,0.879985,0.8809754,0.8743911,0.8783752,0.907861,0.90197945,0.8851732,0.8662815,0.89460003,0.871328,0.4689765,0.8830918,0.87098813,0.8751482,0.8738338,0.898331,0.887825,0.8759429,0.8902924,0.8664039,0.9164115,0.8882868,0.4689765,0.8939829,0.9078499,0.90229315,0.9051927,0.85113907,0.8160517,0.91286993,0.89267576,0.8780726,0.9178771,0.8972527,0.8972527,0.8670614,0.88345087,0.8920047,0.88728577,0.84900075,0.85026234,0.85514134,0.8527256,0.8896315,0.9258672,0.86048615,0.84816504,0.8611518,0.9134788,0.84441495,0.8855625,0.8690275,0.9052228,0.87467265,0.9057286,0.8721976,0.86912376,0.8624692,0.9391649,0.9172303,0.88654923,0.8953874,0.8902612,0.8845302,0.871142,0.89117634,0.9192723,0.99845606,0.8498982,0.87277997,0.90911305,0.85582924,0.88370657,0.8726818,0.8743404,0.8861846,0.88523465,0.8879511,0.8873191,0.89531004,0.83884215,0.879701,0.86871684,0.8774906,0.84893715,0.91706324,0.91012895,0.8733449,0.86791474,0.85989225,0.91177094,0.8768811,0.8812784,0.8594269,0.88916713,0.8865744,0.8996711,0.88481647,0.87536776,0.88332224,0.8881263
0.848163,0.9067408,0.97894895,0.8606779,0.79953706,0.9107461,0.8843139,0.8849435,0.8911597,0.8973565,0.89726996,0.92262894,1.0000004,0.8501276,0.84403723,0.9360039,0.89417994,0.855257,0.86675054,0.88179404,0.8894551,0.8574056,0.86463,0.928707,0.8855416,0.93473244,0.8780444,0.8379677,0.8410693,0.7649138,0.82775813,0.8656355,0.868129,0.82596433,0.88232875,0.8854977,0.9204383,0.57995933,0.8822238,0.8348458,0.85885864,0.83748704,0.92747605,0.9268968,0.92086136,0.87449634,0.83780295,0.8866286,0.92897236,0.88491154,0.86490273,0.9119592,0.8645514,0.85193825,0.8865567,0.8557047,0.84335095,0.84817487,0.8739957,0.8729608,0.83941406,0.882003,0.8802203,0.88098586,0.87373793,0.85308826,0.9796536,0.87863046,0.8710026,0.85693204,0.8660059,0.86632305,0.4992193,0.871969,0.8471756,0.8525692,0.880952,0.87945026,0.886173,0.85924035,0.8784554,0.8384994,0.93335724,0.87175727,0.4992193,0.91147196,0.89848363,0.8832338,0.8942032,0.8417356,0.8419988,0.9274549,0.884045,0.8543219,0.9061572,0.8833338,0.8833338,0.8736953,0.87541944,0.8987465,0.8774079,0.8398637,0.84006035,0.8383725,0.8236338,0.9013697,0.9105521,0.8451853,0.8179369,0.85885227,0.9315187,0.8278762,0.8685221,0.8588007,0.89823526,0.8600658,0.8989066,0.8375133,0.8496335,0.8402576,0.896998,0.93011045,0.85417724,0.8897147,0.87540305,0.8723598,0.84410024,0.8617415,0.9127953,0.92085534,0.8373704,0.8415426,0.91012424,0.8334113,0.9132025,0.848402,0.864501,0.8810675,0.87506926,0.89233685,0.8796525,0.8858295,0.8182021,0.89043415,0.8466281,0.86763084,0.8170432,0.9214195,0.93674356,0.85162926,0.8410057,0.8434687,0.91743153,0.86862046,0.86823857,0.8455259,0.8657549,0.87098134,0.92178774,0.85903114,0.8618164,0.878857,0.88516825
0.953267,0.9122106,0.8261896,0.9058299,0.8595331,0.9355083,0.95648885,0.951058,0.9471255,0.9501201,0.94372165,0.88099015,0.8501276,0.9999997,0.94391364,0.8690062,0.95315695,0.97276556,0.9449403,0.95965517,0.93276274,0.96044445,0.95677555,0.91113126,0.93964607,0.9327224,0.96268904,0.8854634,0.88346076,0.6975101,0.8626081,0.89711165,0.9494673,0.8893187,0.86949956,0.9259804,0.93394524,0.53550243,0.93013453,0.894801,0.87996155,0.8899828,0.9020952,0.9483676,0.9108896,0.87691367,0.8931466,0.89679646,0.9451755,0.9573788,0.8908758,0.93952143,0.96041095,0.9093047,0.91981924,0.94851375,0.9238353,0.91821694,0.94458234,0.9362594,0.95168066,0.91868186,0.93379045,0.9419501,0.9362689,0.97840214,0.8607247,0.8956028,0.9613527,0.9284773,0.949081,0.89045596,0.43888444,0.9672477,0.9665129,0.98411715,0.91418815,0.95270234,0.92755216,0.91273534,0.90326065,0.98540974,0.9385407,0.9377446,0.43888444,0.94578767,0.96431094,0.9772775,0.9678837,0.8435423,0.8498547,0.9517851,0.94946635,0.97439086,0.94434637,0.95811117,0.95811117,0.9134635,0.9719182,0.9606786,0.91078204,0.8779454,0.8868774,0.84113,0.92428863,0.92050695,0.87919486,0.8966421,0.87557876,0.89231753,0.9365738,0.88240135,0.89897346,0.9328543,0.92037576,0.94081295,0.94527006,0.9501443,0.95913804,0.95464647,0.8812245,0.93890166,0.97402406,0.96770436,0.96799964,0.8710167,0.9649857,0.95266813,0.8543165,0.87170696,0.9019452,0.9883616,0.9475404,0.8703638,0.9013707,0.96905875,0.94593894,0.95130026,0.8975977,0.9073476,0.95008636,0.9433228,0.89279705,0.9110726,0.9487014,0.9541586,0.9755553,0.9554863,0.93968093,0.98229724,0.9619266,0.9623819,0.92043316,0.8965032,0.9560586,0.92719924,0.876855,0.97303134,0.93333405,0.9731078,0.9562934,0.9430505,0.9500016
0.9624203,0.9118326,0.8355427,0.88868344,0.79753256,0.9088844,0.92307144,0.9272361,0.9262509,0.9395167,0.90267015,0.8625058,0.84403723,0.94391364,0.9999994,0.86882097,0.9217567,0.95813763,0.9322847,0.92820364,0.9420755,0.94708157,0.9503344,0.9015596,0.94040716,0.89550424,0.93040043,0.9080446,0.8823323,0.7050677,0.86439323,0.8941399,0.9099359,0.87663066,0.86619484,0.9223472,0.9162061,0.5133614,0.92617726,0.93496764,0.87664676,0.87326646,0.9197204,0.90428424,0.89130354,0.8888898,0.91366684,0.8704205,0.8893752,0.9287462,0.90697956,0.9238705,0.91600037,0.86843085,0.93262756,0.9369652,0.9328799,0.93689835,0.92856616,0.91144717,0.94971615,0.91735864,0.9567342,0.9524456,0.95067346,0.95328164,0.8550921,0.8968984,0.9291018,0.9307103,0.920339,0.8903197,0.43213838,0.92364633,0.9540986,0.9581342,0.8731288,0.9173339,0.93705094,0.8932675,0.9094434,0.9504707,0.8989371,0.91663337,0.43213838,0.8943328,0.9343573,0.93659014,0.93018186,0.84787226,0.8088813,0.91619474,0.9266622,0.93312514,0.91400176,0.9390416,0.9390416,0.91670334,0.9188553,0.9365225,0.90331876,0.88853574,0.8786464,0.8656113,0.91802204,0.9446766,0.8672035,0.8919175,0.84198874,0.9075959,0.89412653,0.8822974,0.89031756,0.9182801,0.9166057,0.96538585,0.9310733,0.92431355,0.9705669,0.97532904,0.8579447,0.9024849,0.9440441,0.92194235,0.93933463,0.8645612,0.98074317,0.9239147,0.84692127,0.85629606,0.9519912,0.9343503,0.9007253,0.90915704,0.8968172,0.950581,0.9334212,0.9460963,0.8836662,0.9068495,0.94343245,0.9497458,0.9147345,0.92148393,0.9434534,0.953709,0.9402524,0.9164648,0.92502356,0.95133144,0.9459469,0.9492048,0.9276793,0.88534033,0.96265614,0.89599454,0.87412906,0.9148825,0.9086995,0.9656302,0.9545398,0.95898867,0.8819931
0.87150633,0.89407384,0.94256544,0.8553537,0.884691,0.9116547,0.8966477,0.9015517,0.91969585,0.91619635,0.90248156,0.9100151,0.9360039,0.8690062,0.86882097,1.0000001,0.8637932,0.882682,0.86948395,0.8768691,0.88235915,0.87632585,0.8765162,0.9065981,0.8824465,0.91583997,0.8929241,0.81738514,0.80454105,0.71090657,0.81098014,0.8219024,0.85958105,0.7994463,0.835832,0.8656467,0.91589046,0.55174506,0.8754009,0.8387783,0.81873757,0.81842506,0.91380376,0.9092389,0.9024869,0.8388225,0.8297999,0.8863363,0.90768707,0.89933944,0.8434443,0.90341735,0.8677255,0.85285974,0.8619151,0.8883517,0.8803971,0.88354224,0.90114295,0.9153513,0.86273146,0.85666776,0.89147735,0.8985101,0.91537386,0.88408387,0.9343998,0.8418189,0.8590323,0.87538296,0.8673245,0.8205505,0.47785965,0.8538065,0.8563691,0.8741553,0.86300385,0.90011513,0.8811321,0.87023395,0.8544873,0.86144495,0.91756296,0.8559858,0.47785965,0.908172,0.90116215,0.89338386,0.89603245,0.8485996,0.9070536,0.9141208,0.9249072,0.8558802,0.9106749,0.87781537,0.87781537,0.83784115,0.8758738,0.8866123,0.843982,0.7969395,0.8043254,0.81196225,0.8119501,0.913135,0.8719902,0.8374883,0.8151983,0.8392912,0.90989095,0.7900084,0.82717156,0.83696985,0.8884133,0.8631662,0.89849025,0.83846074,0.8728185,0.85980815,0.8525369,0.90334576,0.87601936,0.8910037,0.8667802,0.8271121,0.86603606,0.86499244,0.86811626,0.906201,0.8402443,0.8694936,0.92383224,0.8332412,0.90240014,0.85322046,0.8512457,0.8978477,0.8273556,0.86622775,0.8843815,0.8857554,0.8131534,0.9279351,0.8752738,0.8853445,0.845505,0.89707005,0.9368085,0.8671513,0.86763185,0.8598559,0.91919774,0.82211107,0.89450413,0.83996,0.8496838,0.8649299,0.931004,0.8702483,0.89308906,0.8878582,0.86823153
0.93345904,0.93651474,0.86802566,0.92177784,0.82799923,0.93020546,0.9448433,0.93545485,0.92760235,0.93907845,0.9383216,0.900723,0.89417994,0.95315695,0.9217567,0.8637932,0.99999976,0.9524795,0.9310205,0.95194805,0.9323795,0.9275241,0.932409,0.9267372,0.9338759,0.9483524,0.93987787,0.91387737,0.93399626,0.76156366,0.8896981,0.93916094,0.9407847,0.9288547,0.9211942,0.9475342,0.956478,0.56332934,0.94588745,0.90189016,0.9219371,0.91479945,0.9176419,0.95978785,0.9117279,0.91723114,0.9174652,0.9167161,0.95817006,0.94349945,0.92023873,0.94876087,0.9440899,0.90618515,0.94750875,0.91793776,0.89500475,0.89292884,0.9245204,0.8986672,0.9242718,0.9417674,0.9257337,0.9281837,0.905981,0.93892145,0.89807534,0.93747616,0.97895086,0.91236115,0.93371046,0.9372303,0.46705425,0.9828625,0.93926275,0.9470096,0.9379593,0.9424342,0.9441446,0.9030508,0.9307836,0.942645,0.9511845,0.9412086,0.46705425,0.94681275,0.9632389,0.95453256,0.9594671,0.8585099,0.8368003,0.9660498,0.917323,0.9499356,0.9340325,0.94994307,0.94994307,0.94859266,0.9607638,0.97341937,0.94733167,0.9206362,0.92325026,0.8699957,0.94338286,0.9253236,0.91926324,0.9076526,0.87686914,0.9346818,0.95470357,0.924605,0.9379948,0.95761925,0.9345118,0.93994486,0.94093186,0.93724936,0.930835,0.92849183,0.9226192,0.9674213,0.93968976,0.96463096,0.97577876,0.92496634,0.9361781,0.9337899,0.90223897,0.89637965,0.9131603,0.9458178,0.93569916,0.8889128,0.9307829,0.9414841,0.94660485,0.9296414,0.9425783,0.92749393,0.93636286,0.93604386,0.9111525,0.8914097,0.91459316,0.92669934,0.9255882,0.979588,0.94798666,0.9512069,0.9277017,0.947613,0.9216571,0.941695,0.93941665,0.9311664,0.9073273,0.962552,0.942611,0.95739293,0.92875814,0.9306762,0.9509746
0.95527107,0.9122684,0.846716,0.90789366,0.85472184,0.93617547,0.961357,0.9557196,0.95384973,0.9623831,0.945449,0.8782263,0.855257,0.97276556,0.95813763,0.882682,0.9524795,0.99999976,0.9419247,0.95017064,0.9408075,0.9650619,0.95931286,0.91145575,0.94645894,0.9201182,0.9628928,0.8989159,0.8933178,0.70845276,0.8628205,0.8957205,0.92768323,0.89364743,0.8707271,0.9216493,0.94595826,0.5284003,0.92356586,0.9119717,0.888693,0.88535714,0.91554844,0.9359146,0.8993335,0.87463146,0.8975967,0.91381156,0.92976576,0.96266496,0.8959918,0.9335108,0.95976067,0.8950058,0.9310546,0.95134246,0.9310633,0.9267317,0.9445597,0.9320015,0.9619938,0.9188637,0.94177556,0.94747424,0.94084233,0.9867571,0.868425,0.90007603,0.9580163,0.9367541,0.93785596,0.8941455,0.4399809,0.95035386,0.96739364,0.978241,0.9063051,0.9487169,0.94485265,0.91473126,0.9062644,0.97309625,0.92710495,0.92414653,0.4399809,0.9323554,0.9603542,0.961512,0.95790017,0.84644043,0.846326,0.9388783,0.94663894,0.9562769,0.9380568,0.95110583,0.95110583,0.9182314,0.9542711,0.9520289,0.90822095,0.8882947,0.89607936,0.8648591,0.93000567,0.94261014,0.88317025,0.90113336,0.85993314,0.90233153,0.9247143,0.89343965,0.8911712,0.93584967,0.92027307,0.9488759,0.9362017,0.94447196,0.9589617,0.9529524,0.88072515,0.9438172,0.97854143,0.95399773,0.96054006,0.8761796,0.963183,0.9402524,0.859392,0.87085044,0.92388225,0.97363853,0.9364439,0.8802577,0.9004113,0.9651543,0.9445853,0.9561075,0.8904202,0.9009476,0.9542037,0.9495668,0.914479,0.92896014,0.955808,0.95604956,0.963162,0.9515306,0.9375063,0.976282,0.9673629,0.97481585,0.9275348,0.8944982,0.97653043,0.9223224,0.8813088,0.96120393,0.93201524,0.98272496,0.9681749,0.9449973,0.9298968
0.90315115,0.9394025,0.84069437,0.845195,0.79867315,0.8962225,0.9164332,0.92232186,0.9184594,0.93162584,0.8961321,0.88430476,0.86675054,0.9449403,0.9322847,0.86948395,0.9310205,0.9419247,1.0000002,0.9563871,0.93984306,0.9652815,0.965943,0.91421324,0.95860195,0.9208497,0.92918706,0.886229,0.8957348,0.722519,0.8598878,0.91194904,0.956615,0.8840931,0.898534,0.9345592,0.9194398,0.53064966,0.9045825,0.8874971,0.9015912,0.86839324,0.9295298,0.9311967,0.94301915,0.90546024,0.8689086,0.855802,0.9046492,0.9187243,0.92157733,0.93807894,0.9192705,0.8386459,0.927618,0.9427885,0.93754256,0.93465877,0.93222237,0.92575055,0.9508188,0.921679,0.94655895,0.9531598,0.9357064,0.9513656,0.8775816,0.92362165,0.9447709,0.96545124,0.9723836,0.91134036,0.43876582,0.9384967,0.94863224,0.95968103,0.8746014,0.90931946,0.9262977,0.8585126,0.93976796,0.95671034,0.92588687,0.9776836,0.43876582,0.89693874,0.94307154,0.9491314,0.9482605,0.82248986,0.8193994,0.9297559,0.92693466,0.9399928,0.9129516,0.94331145,0.94331145,0.92946404,0.9317068,0.94746363,0.9282087,0.90857166,0.9025311,0.8667597,0.9210756,0.92631865,0.8986151,0.8693721,0.8438773,0.9077545,0.9224777,0.8792392,0.9175985,0.9287759,0.9508336,0.90654325,0.91924393,0.9675593,0.9461459,0.9472864,0.88625413,0.9185301,0.9428197,0.92325974,0.9474991,0.8808164,0.9205845,0.97016966,0.8861371,0.8765969,0.8840077,0.9243474,0.9147928,0.8718759,0.8828758,0.9503106,0.94605756,0.9730657,0.90439004,0.91855764,0.97386086,0.95640737,0.9068841,0.9051528,0.95426697,0.969659,0.9448726,0.9298191,0.9223583,0.95728385,0.9465885,0.92650306,0.9311876,0.90843964,0.9497738,0.8670228,0.864633,0.9285518,0.9111569,0.9566884,0.9504827,0.9479023,0.8941237
0.93030035,0.9411001,0.8553681,0.8965477,0.8305708,0.9314345,0.9411446,0.9260858,0.92131066,0.941448,0.9339943,0.89201146,0.88179404,0.95965517,0.92820364,0.8768691,0.95194805,0.95017064,0.9563871,1.0,0.9621891,0.96350783,0.97027487,0.9474228,0.974489,0.9464966,0.94047725,0.9074909,0.9088018,0.7518513,0.881951,0.9189124,0.9521587,0.90336174,0.9138899,0.9396019,0.9338712,0.55191797,0.93090975,0.91581595,0.9192035,0.89515543,0.9375411,0.9561287,0.9414848,0.9160635,0.8917864,0.9087771,0.9351679,0.9399416,0.9221081,0.95106626,0.9405277,0.88164276,0.92541486,0.9448111,0.9200059,0.91643727,0.9429437,0.9239273,0.9372532,0.9408035,0.94329834,0.952623,0.928164,0.9473131,0.8979161,0.94020414,0.94780886,0.9481454,0.9531549,0.9238831,0.45556602,0.95218635,0.9431561,0.9613204,0.90359485,0.94959086,0.9509796,0.8931521,0.9355775,0.957868,0.9497229,0.94839156,0.45556602,0.92633533,0.96543336,0.9669727,0.9729457,0.8526944,0.8361311,0.94800013,0.9443472,0.9657365,0.94749486,0.96423686,0.96423686,0.94193214,0.94506085,0.9561695,0.92945766,0.9028033,0.90190136,0.8769952,0.9149945,0.9245165,0.9078338,0.9038463,0.8616839,0.9167959,0.9507314,0.89671904,0.9257181,0.93670285,0.94750786,0.9299431,0.9527384,0.942742,0.9469503,0.95164526,0.9078655,0.94135255,0.9486536,0.945521,0.9530951,0.90676856,0.9399353,0.95576143,0.8915897,0.8848884,0.9099673,0.9478554,0.9331341,0.8775486,0.9053004,0.9633975,0.9527136,0.97023785,0.92876494,0.9567381,0.9783019,0.9716361,0.89843225,0.9007544,0.93812203,0.96249044,0.9427805,0.95174307,0.93918824,0.9647548,0.9350387,0.933284,0.95371336,0.92674434,0.94374907,0.91062903,0.88944906,0.94939053,0.932448,0.9624069,0.94243217,0.9511332,0.9293744
0.9256047,0.9474561,0.86992395,0.8921473,0.7951115,0.9426486,0.94115615,0.9342226,0.92501974,0.94799924,0.9338659,0.89993656,0.8894551,0.93276274,0.9420755,0.88235915,0.9323795,0.9408075,0.93984306,0.9621891,1.0,0.95527303,0.97024107,0.966296,0.97885096,0.9402045,0.94162357,0.91096294,0.90241736,0.7736492,0.87254226,0.9273907,0.92751026,0.897799,0.92281,0.9515205,0.93243223,0.5336076,0.91628516,0.9297377,0.9134251,0.8956435,0.9595369,0.9356843,0.9289479,0.93869853,0.9043441,0.90117395,0.91041267,0.9428013,0.9320954,0.95508254,0.9356586,0.8570706,0.94394964,0.9210726,0.90167415,0.90437186,0.9157306,0.9087118,0.9232204,0.9495976,0.9433081,0.9359118,0.9206716,0.93592286,0.9011011,0.9413147,0.92099106,0.93487895,0.9252819,0.9313716,0.44952208,0.9259722,0.9469969,0.9362537,0.89450085,0.92419654,0.9517417,0.9080256,0.9391383,0.9244206,0.94043994,0.93210137,0.44952208,0.9003712,0.9535974,0.94355017,0.95275533,0.87044126,0.8125092,0.93856215,0.92916137,0.945892,0.9505486,0.95526034,0.95526034,0.945807,0.91949373,0.93719363,0.9434993,0.9225551,0.91466546,0.8959294,0.8976319,0.9437521,0.91625255,0.9176498,0.87503374,0.9295279,0.9386484,0.91146404,0.9315139,0.93496424,0.95345783,0.9473433,0.9487498,0.915266,0.9310781,0.93463194,0.91371965,0.9268948,0.9468001,0.9243971,0.9348407,0.9102062,0.93555564,0.9272082,0.9064168,0.8934114,0.9287754,0.91773844,0.9250605,0.9038625,0.9009876,0.96356094,0.93684304,0.9574714,0.9329884,0.9593624,0.96439964,0.99348485,0.90405554,0.91767573,0.92440844,0.9419801,0.9079291,0.92859346,0.9394045,0.935739,0.9226232,0.9247682,0.9656119,0.9328268,0.942885,0.8969703,0.9147172,0.91842747,0.92394185,0.95274216,0.925011,0.94647896,0.8995969
0.9185873,0.9179003,0.83613193,0.86721635,0.82664067,0.9166255,0.94513,0.94666094,0.9399905,0.9531759,0.9218832,0.8785224,0.8574056,0.96044445,0.94708157,0.87632585,0.9275241,0.9650619,0.9652815,0.96350783,0.95527303,1.0000001,0.99058926,0.91885996,0.97220707,0.91955477,0.9556228,0.8997024,0.8811722,0.70754546,0.85838294,0.89682436,0.93885714,0.8815395,0.87751025,0.9275262,0.9264945,0.5354321,0.90630925,0.89566404,0.90077114,0.8750187,0.930804,0.935256,0.914732,0.88998437,0.8732215,0.8739748,0.90939087,0.9472263,0.9030839,0.94018877,0.9484786,0.8559103,0.9229539,0.95899534,0.9376453,0.9318862,0.94203126,0.938602,0.9695401,0.9180847,0.9449856,0.9490382,0.93891686,0.97817147,0.8701385,0.9108477,0.9474621,0.95398545,0.95465374,0.8985289,0.4414708,0.9383229,0.9692919,0.9681469,0.8818241,0.92854315,0.927207,0.88641065,0.9176514,0.9645361,0.92676055,0.9391321,0.4414708,0.9019946,0.952682,0.96728003,0.9646612,0.83199054,0.8268644,0.92767626,0.94388264,0.9491987,0.92665887,0.95397204,0.95397204,0.9194929,0.9412437,0.94440985,0.91901505,0.8904305,0.89243424,0.8712666,0.92205465,0.927277,0.89691585,0.8935962,0.85742605,0.8986221,0.9230334,0.8734324,0.90397114,0.9285307,0.9318383,0.9228065,0.9197109,0.9470055,0.95610666,0.96510583,0.88923573,0.91806394,0.96923673,0.92854184,0.9519034,0.87443435,0.94425774,0.95533526,0.8775089,0.8703283,0.8937665,0.9428946,0.928694,0.87302506,0.88705266,0.9675207,0.9520958,0.9801239,0.8944384,0.91475123,0.9800823,0.9671898,0.908214,0.92565733,0.97339857,0.9728019,0.96218,0.9334123,0.92167485,0.96616954,0.96793455,0.94660735,0.9356462,0.8992833,0.9625084,0.8871532,0.8742701,0.9366826,0.9235501,0.96701944,0.9612597,0.9469451,0.9035001
0.9184928,0.92930925,0.8442037,0.8662276,0.8198631,0.9209173,0.94864,0.95181274,0.942394,0.95717514,0.92556524,0.88183904,0.86463,0.95677555,0.9503344,0.8765162,0.932409,0.95931286,0.965943,0.97027487,0.97024107,0.99058926,1.0000002,0.93557763,0.9868777,0.92750335,0.9568838,0.9030705,0.8893533,0.7178757,0.8615985,0.9048069,0.9420209,0.88486516,0.88935435,0.93696356,0.9278996,0.52645355,0.9103658,0.9085495,0.9033151,0.8747533,0.9460995,0.93972886,0.9247399,0.9111421,0.8824871,0.87966394,0.91151255,0.9515575,0.9142389,0.9452217,0.94819176,0.85337806,0.92974895,0.95561767,0.93865484,0.9358978,0.94315183,0.9316659,0.9677349,0.9299817,0.9540583,0.9541372,0.94351757,0.96867514,0.87998164,0.9230163,0.94678676,0.9587703,0.9549149,0.9091845,0.4356143,0.94140506,0.9732294,0.9659016,0.8809972,0.929211,0.9373146,0.88735247,0.92907244,0.96076584,0.93278587,0.94389474,0.4356143,0.90186894,0.9544765,0.96264964,0.96308446,0.83490294,0.8246039,0.933738,0.9430165,0.95249915,0.9330769,0.9596084,0.9596084,0.9305177,0.9410347,0.94922805,0.92746836,0.9019532,0.8937285,0.87432337,0.92028654,0.93325704,0.89875257,0.8943704,0.861627,0.91128933,0.93000376,0.88199884,0.9143716,0.93262404,0.94185513,0.9311545,0.9289501,0.94201463,0.9530365,0.96485406,0.89228934,0.92065984,0.9611361,0.93033856,0.953141,0.8871357,0.94258296,0.9567827,0.88188255,0.8728415,0.9058254,0.93776625,0.92787933,0.8842097,0.89070517,0.9729949,0.9540251,0.9856909,0.90401554,0.934602,0.9897765,0.9803572,0.90876746,0.9356928,0.9681642,0.9777761,0.95618916,0.9370161,0.9290048,0.9652672,0.9653529,0.94310665,0.94707346,0.9078858,0.9639095,0.88566786,0.88208246,0.93316996,0.9273787,0.9695691,0.9611356,0.95615315,0.9019794
