0,1,2,3,4,5,6,7,8,9,10,11,12,13,14,15,16,17,18,19,20,21,22,23,24,25,26,27,28,29,30,31,32,33,34,35,36,37,38,39,40,41,42,43,44,45,46,47,48,49,50,51,52,53,54,55,56,57,58,59,60,61,62,63,64,65,66,67,68,69,70,71,72,73,74,75,76,77,78,79,80,81,82,83,84,85,86,87,88,89,90,91,92,93,94,95,96,97,98,99,100,101,102,103,104,105,106,107,108,109,110,111,112,113,114,115,116,117,118,119,120,121,122,123,124,125,126,127,128,129,130,131
0.99999976,0.90812516,0.87526476,0.9445523,0.9187646,0.9109846,0.91945714,0.94817406,0.9444351,0.90437084,0.8961977,0.9290683,0.89695156,0.5853378,0.95341855,0.9383586,0.9363747,0.8068248,0.9302565,0.9019214,0.9168303,0.5164559,0.9109122,0.89549136,0.8861159,0.9582863,0.9256332,0.9209131,0.94551563,0.9243853,0.90931034,0.5434093,0.91961694,0.9386462,0.9124647,0.9405886,0.91664505,0.9160657,0.9030768,0.92032063,0.912369,0.9103433,0.95370257,0.88969934,0.93476564,0.9183739,0.90557057,0.91005576,0.91218305,0.9014589,0.92749304,0.91834664,0.91319567,0.8746115,0.87549627,0.93531317,0.9059939,0.92917913,0.94231015,0.97219574,0.89311755,0.78867894,0.9337188,0.9007791,0.92396194,0.9322272,0.9294088,0.8894321,0.9365766,0.92134213,0.9227873,0.9101787,0.94186896,0.8963852,0.91298425,0.91716087,0.9286409,0.8981393,0.9042153,0.87905484,0.92118883,0.9160968,0.900302,0.9482582,0.8917829,0.9243871,0.9119563,0.9325701,0.9035207,0.91945714,0.8743019,0.88951766,0.88480765,0.9372737,0.91551614,0.88153744,0.9020922,0.94789636,0.9095385,0.89877486,0.92678094,0.9311588,0.9140686,0.91361815,0.9096637,0.90696967,0.9253626,0.94130045,0.8808467,0.94532675,0.9338288,0.9360106,0.9206777,0.95317876,0.91261667,0.948898,0.88145053,0.9713943,0.91816306,0.96213734,0.888973,0.9125917,0.9468801,0.9243156,0.8907588,0.9059283,0.93867576,0.9302565,0.9037441,0.92082936,0.91415226,0.91716397
0.90812516,0.9999999,0.8016493,0.89069915,0.8993154,0.8917618,0.89353126,0.9383005,0.9325751,0.8315195,0.84929806,0.8946926,0.8940239,0.5543599,0.9176733,0.951545,0.9231402,0.8261962,0.88892925,0.8490799,0.8518491,0.48951232,0.89222777,0.8588618,0.8809737,0.94527245,0.8803726,0.88392484,0.9376633,0.90698695,0.89041734,0.5073225,0.8506336,0.89549184,0.828623,0.8975542,0.88539904,0.8567535,0.9108427,0.9049376,0.9448606,0.8796655,0.90744805,0.8820175,0.9490081,0.90096575,0.8992968,0.9044485,0.8745542,0.84855723,0.94238675,0.89682883,0.86654234,0.814939,0.858113,0.9063134,0.8777433,0.88747954,0.9351547,0.92312944,0.90127265,0.8292056,0.8675535,0.85552806,0.8864081,0.88688385,0.8748375,0.872777,0.90394974,0.87705314,0.9129496,0.8992071,0.8833034,0.91531396,0.8874488,0.890917,0.8892722,0.8406718,0.86575925,0.887612,0.90112734,0.8906176,0.9121018,0.8864882,0.8332875,0.89070857,0.9143429,0.900234,0.8569603,0.89353126,0.84863317,0.8322147,0.84988785,0.9118129,0.8618777,0.8136077,0.8831655,0.9513546,0.8724972,0.9026781,0.9302573,0.9392176,0.904283,0.9051194,0.88801265,0.8782584,0.89837104,0.95310247,0.8890456,0.9424869,0.90405536,0.8880825,0.90118,0.8992201,0.9005213,0.9031554,0.8351862,0.9226494,0.8741708,0.91373336,0.9026485,0.8585605,0.92864716,0.9015151,0.8833463,0.87349176,0.9076283,0.88892925,0.9399959,0.899938,0.91201687,0.9420171
0.87526476,0.8016493,0.9999998,0.85192925,0.9248606,0.8483322,0.85220903,0.8595456,0.8768352,0.94271135,0.9174063,0.91299987,0.92624116,0.58619726,0.85614824,0.8569913,0.8766757,0.6574822,0.92578983,0.9160358,0.93769586,0.5559615,0.83717597,0.9184533,0.90130794,0.85432184,0.9101187,0.8423735,0.83614874,0.9149516,0.8289697,0.56367046,0.93725723,0.90534806,0.90136456,0.90267706,0.83340657,0.91541564,0.8514601,0.7942382,0.8242221,0.91590655,0.89935386,0.7357923,0.8596972,0.82402164,0.818962,0.87303483,0.89871705,0.86187863,0.8268148,0.9442507,0.87055016,0.97341067,0.86427265,0.82305104,0.90353274,0.84470594,0.80228734,0.8668981,0.87958777,0.70291364,0.9198817,0.9360274,0.8023598,0.8919718,0.9047192,0.8674797,0.90690696,0.86519593,0.8962328,0.9174477,0.88843846,0.7787088,0.8581866,0.91856384,0.9154419,0.9598964,0.9195203,0.8762355,0.8584827,0.90533876,0.8239512,0.88726985,0.8931677,0.9191066,0.78358597,0.90330267,0.92078495,0.85220903,0.8741772,0.88295317,0.9439468,0.8826814,0.9407065,0.90122885,0.8627939,0.8641587,0.86106247,0.79478943,0.8955931,0.8076057,0.854998,0.8491908,0.7772282,0.77129835,0.8846524,0.87603474,0.8794755,0.84176385,0.8945849,0.9046294,0.80338985,0.9201826,0.8318699,0.9085704,0.92955065,0.86947745,0.92019844,0.87555444,0.85297453,0.80732167,0.8913663,0.8394969,0.8986006,0.907203,0.87441224,0.92578983,0.8193245,0.94987977,0.82110924,0.823004
0.9445523,0.89069915,0.85192925,0.99999994,0.9040675,0.85918015,0.863361,0.9161595,0.9371179,0.86222637,0.843567,0.90417004,0.8840231,0.5563797,0.91012156,0.9162631,0.9140791,0.8079976,0.9094219,0.8499632,0.8988437,0.49948156,0.853432,0.8616915,0.8370445,0.9302598,0.9199518,0.9059154,0.9282007,0.8963509,0.85401416,0.5116364,0.8978957,0.90810573,0.8675474,0.94245756,0.8626111,0.8720032,0.854516,0.8727113,0.9069847,0.9035781,0.9209175,0.83447325,0.9222485,0.8765007,0.8571348,0.860224,0.88162756,0.8521868,0.8783424,0.8959043,0.8631276,0.8501659,0.829502,0.8832972,0.8640231,0.8689356,0.91500163,0.95922196,0.85596234,0.7349504,0.8896022,0.85441494,0.8605015,0.8799339,0.8933676,0.8433449,0.91417336,0.87502265,0.87545377,0.90669215,0.91864836,0.8833103,0.85819805,0.9014126,0.8838212,0.8906864,0.8717461,0.82698286,0.86647356,0.91329443,0.84888345,0.91765153,0.847597,0.8706698,0.85676575,0.90882,0.8645765,0.863361,0.8430897,0.84319663,0.88989735,0.91230583,0.89495337,0.82865787,0.8475745,0.92575425,0.84840596,0.8372086,0.9219234,0.91228414,0.85841244,0.8614903,0.85094035,0.84436744,0.912388,0.93589664,0.83077556,0.9146677,0.9407809,0.90371895,0.8683949,0.91550034,0.8627808,0.9391134,0.83989596,0.96024454,0.8679334,0.9392493,0.8529018,0.8508183,0.91106164,0.8633484,0.83978003,0.86707985,0.9248457,0.9094219,0.8644746,0.89446485,0.8788749,0.8850864
0.9187646,0.8993154,0.9248606,0.9040675,0.9999999,0.90048075,0.912773,0.9035016,0.93733287,0.90171266,0.9008973,0.92676055,0.967046,0.5996734,0.9136927,0.9024327,0.9393035,0.8087062,0.93226576,0.92716175,0.92200047,0.53942716,0.88997185,0.9513676,0.9049306,0.9076425,0.93646234,0.87050027,0.9241743,0.9356148,0.8943703,0.5590582,0.9186242,0.9348318,0.8925252,0.9403507,0.8998237,0.91087216,0.9282237,0.9050131,0.9000082,0.9678416,0.94938326,0.8604572,0.91610956,0.87214696,0.90128446,0.92377853,0.91335213,0.88260937,0.89353526,0.97805315,0.8735576,0.9127344,0.87306994,0.9172405,0.9253757,0.9079014,0.89732575,0.9227716,0.9111686,0.7965551,0.93238753,0.9140332,0.8914093,0.92544466,0.9120645,0.8947091,0.946849,0.8888265,0.94614744,0.9759958,0.93514663,0.89444155,0.88820344,0.9789051,0.92380404,0.95432276,0.9162462,0.9076538,0.91634834,0.9116159,0.9119149,0.93229103,0.87394464,0.92238164,0.88421404,0.9239119,0.90766543,0.912773,0.86783624,0.8795118,0.9439242,0.93660986,0.9293963,0.87008876,0.89345515,0.92396253,0.8849708,0.88064635,0.9372084,0.8912245,0.9109206,0.9165888,0.8782345,0.8689778,0.8975632,0.93104887,0.8986769,0.8923348,0.9237014,0.9267998,0.90392405,0.9475688,0.9006983,0.94063294,0.88606465,0.923927,0.915499,0.9127998,0.9048473,0.85253215,0.94741917,0.9219722,0.91564226,0.9297278,0.90937346,0.93226576,0.89617884,0.9711685,0.90095294,0.9054005
0.9109846,0.8917618,0.8483322,0.85918015,0.90048075,1.0,0.9784748,0.9011909,0.8990017,0.9053378,0.9002775,0.90377676,0.89066774,0.59471524,0.8976251,0.8886413,0.9018954,0.7976488,0.91775835,0.90785384,0.9021622,0.5341794,0.9872172,0.88626647,0.8999371,0.90289706,0.89213365,0.86615974,0.8945039,0.90435076,0.98708516,0.56535643,0.90446585,0.92847645,0.8720044,0.8835015,0.9154499,0.9252144,0.9311012,0.93131626,0.86623204,0.8779292,0.92918605,0.9050008,0.89064884,0.8731814,0.90138257,0.91674936,0.8881214,0.94441104,0.8987454,0.90601695,0.8768212,0.85503423,0.8974948,0.9425117,0.8924241,0.95418966,0.8877164,0.89444983,0.8855773,0.8498485,0.90528154,0.90338796,0.948174,0.98178965,0.9225515,0.9275699,0.92554307,0.92537796,0.92049056,0.8860334,0.9078868,0.9125149,0.89670783,0.88159627,0.9304769,0.8548104,0.890609,0.91132444,0.98418695,0.86323047,0.9713205,0.9115745,0.8714008,0.93910795,0.94911176,0.93083215,0.8914583,0.9784748,0.8869697,0.9273177,0.85241324,0.8879033,0.9039518,0.9057144,0.94128263,0.90125394,0.9208591,0.9524885,0.89595765,0.891628,0.9864851,0.9908991,0.9291703,0.9261769,0.86751485,0.8988251,0.90858865,0.8888019,0.8725317,0.92595744,0.94010425,0.92990243,0.9939964,0.897318,0.8801471,0.89234716,0.91797376,0.88570386,0.8925374,0.92838836,0.9202924,0.94028723,0.9126148,0.9064339,0.91568977,0.91775835,0.8975253,0.9077276,0.88939697,0.8950387
0.91945714,0.89353126,0.85220903,0.863361,0.912773,0.9784748,0.9999999,0.8981738,0.90401614,0.9075377,0.8991449,0.90765834,0.8988655,0.60796624,0.910627,0.8855624,0.9080628,0.8169842,0.9178989,0.9054231,0.8952596,0.541431,0.9781444,0.8892833,0.9042766,0.90304774,0.89858437,0.86340964,0.9071754,0.909616,0.97751653,0.5770225,0.89740795,0.9303766,0.87045157,0.88604766,0.92573524,0.9301828,0.94783926,0.9445015,0.86754763,0.889926,0.9444365,0.9185056,0.88945156,0.88184595,0.91097695,0.9291624,0.8850894,0.94801855,0.90402585,0.917811,0.8738514,0.854459,0.8810327,0.9516737,0.9025449,0.9727999,0.8983707,0.8981699,0.89062166,0.843655,0.91069824,0.90135896,0.9583562,0.9790536,0.9223626,0.9142447,0.93347514,0.9220418,0.92647296,0.8955616,0.9193265,0.92877567,0.89554924,0.8905322,0.9323055,0.859083,0.89459485,0.91279745,0.9834958,0.8590261,0.976739,0.92181706,0.8635509,0.94208366,0.957387,0.9253521,0.89393663,0.9999999,0.8690215,0.92964476,0.8579777,0.8958415,0.89954954,0.907235,0.9230764,0.906459,0.9128938,0.95914006,0.89863324,0.89507794,0.9788971,0.98595476,0.9388794,0.93424904,0.86593735,0.8998809,0.91254246,0.8895846,0.87284076,0.9270384,0.9514378,0.94321394,0.978247,0.90248233,0.87339675,0.89552283,0.91822577,0.8883139,0.89994717,0.924319,0.9295645,0.95485544,0.9188483,0.9058198,0.9084493,0.9178989,0.90353703,0.91561246,0.8993243,0.9003974
0.94817406,0.9383005,0.8595456,0.9161595,0.9035016,0.9011909,0.8981738,0.9999999,0.95009613,0.88333493,0.89294374,0.9290253,0.89855814,0.57074034,0.93166167,0.9710219,0.9326779,0.7908233,0.9227719,0.8938284,0.90118504,0.5005871,0.90212977,0.88463104,0.9019685,0.9725568,0.90549934,0.93220603,0.92637587,0.9414693,0.8923564,0.52190655,0.90369517,0.9246727,0.9036845,0.93139505,0.8861495,0.8929974,0.9032607,0.89018834,0.9311191,0.8836865,0.92169243,0.85493636,0.96576494,0.92548573,0.9126568,0.9046092,0.90102744,0.87089247,0.9379368,0.9112098,0.9376221,0.8651063,0.89966214,0.90384185,0.8940631,0.8977008,0.92589384,0.95445436,0.9034729,0.8244653,0.90109766,0.8972982,0.88708854,0.9135332,0.9108373,0.9090332,0.9215292,0.916639,0.9268879,0.89900845,0.90714186,0.8931533,0.9191923,0.9019609,0.9251828,0.8760047,0.9073134,0.8969332,0.90445644,0.9090804,0.8998424,0.9049767,0.8900738,0.9199746,0.9012657,0.9291912,0.9061085,0.8981738,0.9019543,0.8638434,0.8671977,0.92046267,0.9042963,0.8646774,0.9164514,0.9488946,0.9101896,0.8885387,0.9462677,0.9395462,0.9123051,0.90670156,0.8720457,0.8674188,0.92355466,0.96137214,0.9030522,0.9812038,0.9349493,0.9242166,0.89272475,0.9228618,0.89942205,0.93921906,0.8925626,0.9530381,0.9113909,0.9562049,0.90622103,0.882293,0.948693,0.89974135,0.899812,0.8966718,0.93058825,0.9227719,0.9297073,0.9173758,0.91190064,0.9293232
0.9444351,0.9325751,0.8768352,0.9371179,0.93733287,0.8990017,0.90401614,0.95009613,1.0,0.8965195,0.88572085,0.93935174,0.92120135,0.5874735,0.93462324,0.95315015,0.9578987,0.81069446,0.94005275,0.89364505,0.92576456,0.521708,0.89218307,0.8967372,0.8893072,0.9494725,0.92291737,0.90006185,0.96100056,0.94628465,0.89213485,0.541342,0.92247665,0.926557,0.9108704,0.97529304,0.8930448,0.9129584,0.90054625,0.9020943,0.92846614,0.92254555,0.9458649,0.86603284,0.9566817,0.90880334,0.9003945,0.8987752,0.9196732,0.88268024,0.9125286,0.9309274,0.9029858,0.88239264,0.8709711,0.9132919,0.89681226,0.8990296,0.92139924,0.95651937,0.89732254,0.78258663,0.9179674,0.89606595,0.889419,0.9201917,0.92595357,0.8893332,0.94380355,0.91424274,0.92102814,0.9336766,0.93794847,0.90986186,0.90044093,0.933625,0.92086214,0.9130961,0.9309576,0.8840728,0.91330504,0.9212048,0.9004114,0.9413725,0.875392,0.91545475,0.9007399,0.9370346,0.9222995,0.90401614,0.8733902,0.87402534,0.9115439,0.9325535,0.9269368,0.8620304,0.89023685,0.95365417,0.8889384,0.8898919,0.98611504,0.94231224,0.9036895,0.9085495,0.8852867,0.8725765,0.91810775,0.97313994,0.8834041,0.9315878,0.9678083,0.920866,0.8989935,0.94257903,0.90292525,0.9772166,0.87731004,0.9587275,0.9104234,0.9502713,0.89842707,0.8620453,0.9594859,0.91254103,0.8926358,0.90702593,0.9226049,0.94005275,0.91121745,0.9336142,0.9252208,0.9225197
0.90437084,0.8315195,0.94271135,0.86222637,0.90171266,0.9053378,0.9075377,0.88333493,0.8965195,1.0000002,0.9362365,0.9271432,0.90396285,0.63035655,0.88679576,0.8760544,0.8847239,0.6877644,0.9364464,0.91303277,0.9584893,0.588555,0.90618813,0.8942596,0.9108105,0.87554795,0.9054093,0.8622247,0.86108565,0.9187839,0.8912853,0.6037026,0.96185696,0.9124855,0.9217658,0.9054486,0.8614476,0.9802159,0.8792883,0.8311601,0.83476526,0.8942661,0.93302035,0.7870549,0.8741037,0.8622513,0.8465879,0.877331,0.9160795,0.9074375,0.8604618,0.92358804,0.8962011,0.94641316,0.88125914,0.85421723,0.9091208,0.88250995,0.8293442,0.88267267,0.87750506,0.74125695,0.9296902,0.9464328,0.8532782,0.94040364,0.94602156,0.8926286,0.9387574,0.9111106,0.9031641,0.89378023,0.9022203,0.8390416,0.88848674,0.8944403,0.9414742,0.9186598,0.9378786,0.89426917,0.91305757,0.90529054,0.8788969,0.9071641,0.90913534,0.9425255,0.8511446,0.9351255,0.94168675,0.9075377,0.8894856,0.9204933,0.90878856,0.8867074,0.95478356,0.91944724,0.8938638,0.889865,0.9019093,0.859543,0.906726,0.8513262,0.90467846,0.9033259,0.82852614,0.82092464,0.8893509,0.8934063,0.89696515,0.85820603,0.89693487,0.9139248,0.84135205,0.952199,0.8879258,0.92246884,0.92862475,0.8841909,0.9433807,0.89038575,0.8769967,0.856223,0.9089111,0.8795745,0.91928935,0.9228625,0.89735085,0.9364464,0.85323,0.937095,0.85138273,0.85264647
0.8961977,0.84929806,0.9174063,0.843567,0.9008973,0.9002775,0.8991449,0.89294374,0.88572085,0.9362365,1.0,0.89232683,0.91121125,0.6418494,0.87446433,0.89564854,0.8616338,0.7290145,0.91037416,0.92723274,0.92350864,0.5929203,0.8976849,0.9054755,0.9475181,0.8917394,0.9258555,0.875862,0.85258096,0.9275013,0.8783015,0.6131042,0.9243511,0.9036353,0.8928281,0.8799255,0.86732805,0.9291285,0.8981987,0.83964497,0.8354503,0.8853194,0.90960497,0.78770465,0.88874626,0.8514732,0.8712796,0.9196733,0.88029295,0.8858653,0.86909986,0.92709464,0.91151845,0.91612864,0.89476156,0.8640827,0.94795,0.87398016,0.83643353,0.87958634,0.9073951,0.84387136,0.9406674,0.9860791,0.8474882,0.9234345,0.90148026,0.89657974,0.91341084,0.8814482,0.9445622,0.89124084,0.8894837,0.83831227,0.8876872,0.89508545,0.9560857,0.8954499,0.93735355,0.95359325,0.91015154,0.8829805,0.8888656,0.89934826,0.9047142,0.96988636,0.85452545,0.9253955,0.9400891,0.8991449,0.8973309,0.89316434,0.8793932,0.8823849,0.9271971,0.9045041,0.90077114,0.8765545,0.89676774,0.8552112,0.89336276,0.8542021,0.9042738,0.8999301,0.82213664,0.8130045,0.87947357,0.8986075,0.94004464,0.88360727,0.8632228,0.9097749,0.8506806,0.92066145,0.8864744,0.89937305,0.949813,0.87844825,0.9781861,0.8797972,0.8919857,0.86402285,0.8949282,0.88209414,0.95590436,0.92818236,0.9216095,0.91037416,0.8685852,0.9295642,0.83834547,0.8631075
0.9290683,0.8946926,0.91299987,0.90417004,0.92676055,0.90377676,0.90765834,0.9290253,0.93935174,0.9271432,0.89232683,0.9999999,0.91475624,0.5807944,0.9292408,0.91222405,0.95087576,0.7779759,0.94471693,0.90984446,0.9295887,0.5219282,0.8954387,0.9122665,0.8919775,0.9188887,0.9114483,0.88215137,0.93220735,0.93088305,0.8901391,0.5358666,0.92971575,0.94102144,0.9092707,0.93426394,0.8902624,0.9217621,0.89783496,0.8853417,0.8965942,0.9187859,0.94217366,0.84980744,0.92118096,0.89670485,0.88071096,0.8951862,0.9395629,0.89163524,0.8999195,0.93105626,0.8952783,0.9165276,0.8658354,0.89857244,0.89662623,0.9136914,0.8941395,0.9314198,0.89407593,0.77125025,0.91899323,0.90374386,0.891225,0.92969686,0.9322126,0.88347363,0.9422247,0.9094462,0.9107473,0.9219868,0.93518555,0.8769808,0.89606583,0.91790974,0.92347777,0.92065036,0.9176036,0.8796943,0.9064823,0.9161251,0.88420093,0.92631197,0.8915064,0.91892564,0.8750541,0.92759895,0.91772014,0.90765834,0.8807511,0.89225656,0.9235487,0.92464054,0.9322953,0.8846098,0.89390814,0.9400464,0.8920334,0.87098265,0.9381542,0.90991455,0.90488887,0.9049499,0.87174094,0.8691741,0.91231036,0.9393345,0.88337326,0.90729415,0.9440992,0.93434125,0.8897466,0.94881016,0.8950894,0.93821096,0.90551555,0.93289584,0.9079484,0.9328914,0.8802856,0.8672167,0.9541099,0.90420556,0.8915187,0.9339887,0.91462064,0.94471693,0.88512963,0.94325197,0.9099058,0.89246535
0.89695156,0.8940239,0.92624116,0.8840231,0.967046,0.89066774,0.8988655,0.89855814,0.92120135,0.90396285,0.91121125,0.91475624,0.9999998,0.5972221,0.8912717,0.9027902,0.9251451,0.76445603,0.9401345,0.91646254,0.9338702,0.5506633,0.8788632,0.9375446,0.9264369,0.8919835,0.9249129,0.8577766,0.909658,0.94264925,0.87926745,0.5598216,0.9282609,0.9322251,0.87330604,0.92917913,0.8879711,0.90373677,0.9341673,0.8847507,0.9032885,0.9546605,0.9402046,0.8286769,0.9213457,0.86495304,0.8978461,0.92163146,0.9030764,0.8634853,0.879506,0.9812587,0.86937714,0.93812287,0.89318085,0.90000355,0.92692363,0.89730793,0.89144903,0.89858043,0.9163753,0.78638756,0.90694594,0.9253055,0.8712978,0.9113476,0.9061594,0.90232146,0.94429624,0.8862295,0.9372169,0.97902656,0.91181636,0.87673134,0.88701403,0.95313907,0.9332594,0.93922365,0.9145428,0.91930914,0.9025787,0.91846263,0.90455353,0.9111093,0.87189716,0.9316126,0.8704572,0.93448365,0.90097296,0.8988655,0.88884926,0.869135,0.9582217,0.9168668,0.9478196,0.8628947,0.89016706,0.90882087,0.8765885,0.86414343,0.93132764,0.8663308,0.91000414,0.9086013,0.85272753,0.84120286,0.9086368,0.92066556,0.92465276,0.88861805,0.9117081,0.9269754,0.89070004,0.94579756,0.8875748,0.93183506,0.90068966,0.89981097,0.9158654,0.8947953,0.9268508,0.8433045,0.9417667,0.9021303,0.91871536,0.91054004,0.9082079,0.9401345,0.8972131,0.96461236,0.8806338,0.9017458
0.5853378,0.5543599,0.58619726,0.5563797,0.5996734,0.59471524,0.60796624,0.57074034,0.5874735,0.63035655,0.6418494,0.5807944,0.5972221,0.99999994,0.5892558,0.55397415,0.5679407,0.48348552,0.57116896,0.5915889,0.60314375,0.8396422,0.59222126,0.5844862,0.61579865,0.56830156,0.6085992,0.5551666,0.5648045,0.6045891,0.58354175,0.9460498,0.6038911,0.5650991,0.61056864,0.57813054,0.5691766,0.6452023,0.59322256,0.5663824,0.54125506,0.5635901,0.6064463,0.53807324,0.5663048,0.5726585,0.5835629,0.5968474,0.59069175,0.5820248,0.5868265,0.5962472,0.5987603,0.5979825,0.5561135,0.57812345,0.63638026,0.58887386,0.5436719,0.57016873,0.6019265,0.51853204,0.6248318,0.6334301,0.5821027,0.627077,0.58952737,0.59538907,0.61322933,0.5895258,0.6273174,0.5672291,0.59938014,0.5743003,0.6072601,0.5939249,0.6205802,0.58692294,0.63217664,0.6185506,0.6166166,0.5592687,0.59963465,0.6133091,0.60009575,0.62151015,0.5657885,0.586858,0.6346863,0.60796624,0.5704607,0.5753478,0.57180387,0.5830549,0.5958939,0.57377845,0.58766335,0.58276486,0.6057435,0.57302785,0.5921278,0.5670685,0.5921704,0.6012831,0.5603661,0.55137837,0.5488272,0.5904191,0.60689414,0.54921114,0.5714103,0.566525,0.5728976,0.61370146,0.5831385,0.59039277,0.60712814,0.56838095,0.6290481,0.57386374,0.608701,0.5767586,0.59320414,0.6037327,0.6330222,0.60353166,0.5924866,0.57116896,0.58578306,0.6185391,0.57702696,0.58223665
0.95341855,0.9176733,0.85614824,0.91012156,0.9136927,0.8976251,0.910627,0.93166167,0.93462324,0.88679576,0.87446433,0.9292408,0.8912717,0.5892558,1.0000002,0.9209417,0.9319296,0.81716126,0.9055132,0.8902287,0.8961218,0.50422156,0.89927804,0.88563013,0.875013,0.939901,0.9012011,0.8987313,0.93262255,0.91474587,0.89693105,0.5354842,0.8975634,0.90844023,0.9129946,0.924793,0.8948188,0.90569866,0.89916605,0.89958996,0.9065351,0.89625216,0.9354451,0.8817113,0.91962785,0.9544983,0.92026854,0.8921082,0.9344634,0.8887092,0.95897776,0.9110227,0.915746,0.8593292,0.86922014,0.90915227,0.8869296,0.9077413,0.92431986,0.9516221,0.88404137,0.78843313,0.91647816,0.8795738,0.9042278,0.9215651,0.91906476,0.8923975,0.9327801,0.92219627,0.9133722,0.9024911,0.9290546,0.90148795,0.92938817,0.90711766,0.91461927,0.8849483,0.8951742,0.8685861,0.9080733,0.8992393,0.896989,0.9252547,0.88655794,0.90753794,0.90504146,0.9041602,0.893631,0.910627,0.8667506,0.8740188,0.8727931,0.9518249,0.89533985,0.8624016,0.90155834,0.9487794,0.9195986,0.8997262,0.9190085,0.94433594,0.9038054,0.9045672,0.8983331,0.89077,0.90364754,0.9331456,0.87159324,0.92733085,0.9218043,0.90572184,0.8996395,0.9315519,0.89759994,0.92980725,0.860783,0.9520889,0.9016432,0.9459675,0.9071493,0.8946027,0.93941903,0.9125351,0.8809482,0.9064026,0.9168893,0.9055132,0.933812,0.9213089,0.95910144,0.9434801
0.9383586,0.951545,0.8569913,0.9162631,0.9024327,0.8886413,0.8855624,0.9710219,0.95315015,0.8760544,0.89564854,0.91222405,0.9027902,0.55397415,0.9209417,0.99999994,0.9243689,0.7941468,0.9238007,0.88358855,0.89730954,0.48870397,0.88879114,0.8832828,0.90181804,0.96768934,0.9027883,0.928689,0.9302913,0.93864465,0.87771416,0.50888014,0.89775276,0.91973376,0.88712835,0.9309851,0.883639,0.8825526,0.9017948,0.8830212,0.931074,0.8972912,0.9169258,0.8479538,0.96443224,0.912609,0.8954719,0.90931123,0.889484,0.8605925,0.92817503,0.9128733,0.9252428,0.8640898,0.8921957,0.8964203,0.89715034,0.8806753,0.9221729,0.95263046,0.9106183,0.8219455,0.89544344,0.89869153,0.8706367,0.8984396,0.9012928,0.8881777,0.91145205,0.8971154,0.9260498,0.90872055,0.89460444,0.8855519,0.89836353,0.90598106,0.9190223,0.87547207,0.90347874,0.9013266,0.89962244,0.92342114,0.8923879,0.89647716,0.88070023,0.91506666,0.8950779,0.9288647,0.89863294,0.8855624,0.8880694,0.855425,0.8738576,0.923553,0.90389,0.8543911,0.8984188,0.9474555,0.8936887,0.8801006,0.9446665,0.9304193,0.90216094,0.8961256,0.8631089,0.8566037,0.9333862,0.9661616,0.9044851,0.9737795,0.9273225,0.9187885,0.8838541,0.91751724,0.8908384,0.9386809,0.8847248,0.95233357,0.9101213,0.9397687,0.9005298,0.87420356,0.93459153,0.8893295,0.901035,0.89719254,0.9335712,0.9238007,0.92534703,0.9118821,0.89823353,0.9239459
0.9363747,0.9231402,0.8766757,0.9140791,0.9393035,0.9018954,0.9080628,0.9326779,0.9578987,0.8847239,0.8616338,0.95087576,0.9251451,0.5679407,0.9319296,0.9243689,1.0000002,0.795206,0.93881583,0.8882401,0.9153004,0.50211245,0.88935566,0.9003778,0.87226915,0.9222409,0.9094539,0.8678814,0.9562012,0.9282648,0.89342993,0.5206068,0.91091865,0.9404236,0.88637173,0.9592378,0.8879786,0.8934531,0.90282875,0.9134462,0.9411255,0.9355584,0.94708616,0.87404275,0.94466734,0.89325875,0.8898037,0.88998723,0.9237884,0.8742765,0.90694934,0.93225837,0.8683243,0.8851522,0.862882,0.9224578,0.8789324,0.9141413,0.9349224,0.9442646,0.8779942,0.7639284,0.8999553,0.87609714,0.9016481,0.9193219,0.92396915,0.882879,0.936445,0.90627986,0.9031203,0.94726866,0.9282936,0.89151776,0.8948173,0.94237626,0.90763414,0.9154782,0.8918224,0.8645295,0.9102001,0.9224014,0.8970799,0.92324495,0.8603567,0.90040135,0.8942113,0.9268714,0.8835738,0.9080628,0.87048197,0.86528933,0.9228231,0.943174,0.92023194,0.8472471,0.89064837,0.96126413,0.87873244,0.8812079,0.95267296,0.91227156,0.9065654,0.91114986,0.8907559,0.88258624,0.9168701,0.94564474,0.86872953,0.917961,0.9570453,0.9301315,0.9113046,0.9447619,0.90689296,0.95544803,0.86278397,0.94748354,0.8855175,0.9428817,0.8866867,0.8653342,0.978364,0.9056709,0.86879075,0.89717144,0.9054771,0.93881583,0.8962682,0.92738307,0.9213085,0.9112778
0.8068248,0.8261962,0.6574822,0.8079976,0.8087062,0.7976488,0.8169842,0.7908233,0.81069446,0.6877644,0.7290145,0.7779759,0.76445603,0.48348552,0.81716126,0.7941468,0.795206,1.0,0.75260407,0.7750116,0.71150434,0.39488775,0.80813086,0.7944131,0.7359078,0.8088969,0.83193934,0.7685492,0.85745007,0.78177404,0.80418926,0.43764436,0.70893663,0.7862107,0.7072472,0.7640034,0.83681184,0.73246086,0.8350595,0.868518,0.7899246,0.8010174,0.81505835,0.87410367,0.79510504,0.78833604,0.8410652,0.8215533,0.74734485,0.7686739,0.8090007,0.77704453,0.73408794,0.64072406,0.70411706,0.85273546,0.79148555,0.82731414,0.8354023,0.8151741,0.7715548,0.8169819,0.78125143,0.72130156,0.8514718,0.78666085,0.7460603,0.7316947,0.7924871,0.7520092,0.8194227,0.78256255,0.81877923,0.87230945,0.7512078,0.7865429,0.76570094,0.7220227,0.73807806,0.7681424,0.8067486,0.7328589,0.83143485,0.82042193,0.6943735,0.7656584,0.85076696,0.775634,0.7278003,0.8169842,0.67902625,0.7456222,0.71637315,0.7946127,0.7218145,0.7122576,0.75127614,0.7947425,0.7558218,0.8245946,0.77443135,0.8322447,0.80541253,0.8117931,0.85571074,0.8532491,0.74390125,0.80679035,0.75261265,0.8014371,0.7518502,0.7816068,0.8617154,0.7931598,0.81441617,0.7686807,0.6984049,0.81327313,0.7542526,0.78436565,0.7961393,0.79173124,0.7997501,0.8397077,0.75039464,0.7680152,0.81584597,0.75260407,0.8129468,0.7599455,0.82140076,0.81622726
0.9302565,0.88892925,0.92578983,0.9094219,0.93226576,0.91775835,0.9178989,0.9227719,0.94005275,0.9364464,0.91037416,0.94471693,0.9401345,0.57116896,0.9055132,0.9238007,0.93881583,0.75260407,0.9999999,0.9225824,0.95769095,0.52929616,0.9044725,0.9221921,0.9092202,0.90831876,0.9256735,0.88469577,0.9237806,0.94835365,0.90124774,0.53802633,0.95600843,0.9715687,0.9018693,0.9495454,0.8869885,0.93169075,0.90215224,0.8857643,0.89414585,0.9360138,0.95013857,0.8355646,0.92864376,0.8727288,0.87359124,0.90614367,0.9184971,0.91494405,0.8811814,0.9460118,0.8831811,0.938893,0.89819735,0.90532863,0.9106628,0.90972877,0.8928921,0.9197637,0.8964946,0.77327853,0.9189943,0.92725,0.8830761,0.9375294,0.9444972,0.903327,0.94372237,0.9224411,0.9149436,0.9432975,0.93142474,0.87445176,0.88487196,0.9306201,0.9383198,0.9330824,0.92933476,0.8946223,0.9210353,0.9385785,0.90339816,0.93234503,0.89657944,0.9347458,0.88507724,0.9612647,0.92343694,0.9178989,0.9037229,0.9191532,0.94346625,0.9222046,0.9607973,0.910467,0.9077293,0.9249053,0.89689213,0.8766253,0.94601566,0.88231915,0.9226706,0.92138517,0.86542225,0.857386,0.9284448,0.932001,0.90146613,0.9054935,0.94330156,0.9677471,0.88950115,0.95697725,0.91278964,0.95564973,0.91779983,0.92123294,0.9259137,0.9182693,0.88736343,0.8657696,0.9481987,0.896135,0.90800375,0.92865086,0.9189182,0.9999999,0.8802396,0.9418683,0.8806118,0.8875457
0.9019214,0.8490799,0.9160358,0.8499632,0.92716175,0.90785384,0.9054231,0.8938284,0.89364505,0.91303277,0.92723274,0.90984446,0.91646254,0.5915889,0.8902287,0.88358855,0.8882401,0.7750116,0.9225824,1.0,0.9181742,0.5338379,0.89783865,0.95059043,0.90778613,0.8885708,0.9257659,0.86404663,0.88000053,0.93092275,0.88975596,0.56461644,0.91887414,0.92383623,0.8907462,0.8955101,0.8858334,0.916795,0.90336096,0.86928385,0.8405088,0.90985966,0.92235494,0.8274922,0.8847027,0.8587275,0.903646,0.91286755,0.9025392,0.90622914,0.8735465,0.9304186,0.8824425,0.90981644,0.86949253,0.8899864,0.92572975,0.90098387,0.85119104,0.89199203,0.8890089,0.8254881,0.935591,0.93319994,0.87792253,0.9230423,0.9188205,0.881757,0.9179194,0.8855384,0.9346019,0.90483105,0.9235929,0.845456,0.8812135,0.91633797,0.9322877,0.91666627,0.9201536,0.91171634,0.9132646,0.88740766,0.89647007,0.9173599,0.8764787,0.93531966,0.8595573,0.92065716,0.9193043,0.9054231,0.8631854,0.9107021,0.8995288,0.9071242,0.924435,0.9062441,0.8975702,0.87675786,0.88436544,0.86644304,0.8970913,0.86061907,0.90550476,0.90964776,0.85413283,0.8525272,0.8782271,0.8943176,0.9018372,0.8769264,0.8803331,0.9218158,0.880378,0.93168426,0.89801687,0.9060253,0.92429304,0.8909175,0.93712664,0.88933265,0.8991461,0.8750044,0.90902406,0.89682925,0.91301644,0.9352536,0.9047196,0.9225824,0.8778357,0.92828715,0.8682841,0.88058126
0.9168303,0.8518491,0.93769586,0.8988437,0.92200047,0.9021622,0.8952596,0.90118504,0.92576456,0.9584893,0.92350864,0.9295887,0.9338702,0.60314375,0.8961218,0.89730954,0.9153004,0.71150434,0.95769095,0.9181742,0.99999976,0.5639657,0.8908091,0.9059384,0.9025343,0.88932306,0.9216625,0.8641263,0.8976215,0.93658984,0.8865459,0.5716186,0.99673414,0.93311393,0.92328966,0.9471706,0.8770566,0.94922256,0.8809438,0.8514303,0.86664355,0.9168569,0.9393465,0.8002646,0.91056174,0.8691414,0.86774963,0.88200754,0.9203771,0.8893217,0.8624171,0.9402772,0.89414525,0.955286,0.89024246,0.87585187,0.9055642,0.8834338,0.8589927,0.9082959,0.87787205,0.73534894,0.92924094,0.9365667,0.8569672,0.93271226,0.9496349,0.9027539,0.94436145,0.91481704,0.9093461,0.93189955,0.92306757,0.853815,0.8855232,0.91865814,0.9506163,0.93758035,0.93848646,0.8860419,0.90995693,0.9291228,0.8813528,0.92478335,0.90208244,0.9376867,0.85964155,0.9629189,0.93421066,0.8952596,0.9036388,0.89988875,0.9437121,0.9114497,0.9937255,0.8934405,0.8957207,0.89974594,0.89289355,0.8562296,0.9387093,0.86991584,0.90322113,0.904052,0.83870864,0.8292915,0.91325676,0.9156816,0.8926383,0.8749483,0.93492776,0.93028164,0.8585259,0.95073974,0.8899343,0.95577306,0.9201486,0.910386,0.93281937,0.91241324,0.88954854,0.85344696,0.925333,0.8794349,0.904983,0.9182462,0.9117719,0.95769095,0.8626646,0.943818,0.8705941,0.86922216
0.5164559,0.48951232,0.5559615,0.49948156,0.53942716,0.5341794,0.541431,0.5005871,0.521708,0.588555,0.5929203,0.5219282,0.5506633,0.8396422,0.50422156,0.48870397,0.50211245,0.39488775,0.52929616,0.5338379,0.5639657,1.0,0.527509,0.5331712,0.5590458,0.5002806,0.569306,0.4858745,0.49181524,0.5396717,0.52234006,0.91332734,0.565795,0.51323104,0.5620464,0.5240259,0.5073701,0.5942445,0.526899,0.49396095,0.49020386,0.5029809,0.54956925,0.4592962,0.50858694,0.48452836,0.4932555,0.537529,0.52638686,0.51748526,0.49942917,0.5473863,0.53150195,0.5646795,0.50624,0.5098281,0.58617914,0.5278088,0.47442415,0.5001426,0.5382521,0.4365546,0.5732788,0.58520055,0.50785124,0.56766367,0.53008527,0.53959936,0.56684524,0.5332902,0.56320286,0.5165656,0.53074807,0.5046675,0.53033316,0.533945,0.56680834,0.5432689,0.5900428,0.55501026,0.5540422,0.50767606,0.52585447,0.55434453,0.53727967,0.56954986,0.49452245,0.53525996,0.5894863,0.541431,0.52203935,0.51699084,0.53198636,0.5103247,0.55713564,0.5332072,0.521487,0.52410054,0.54573065,0.5002567,0.5352447,0.48490214,0.5255123,0.53444463,0.4883911,0.47263306,0.4953577,0.52829653,0.546758,0.47743422,0.51308596,0.518201,0.50004387,0.55964273,0.5205308,0.53434724,0.5618176,0.50015616,0.5741839,0.5078155,0.5324656,0.5091924,0.5299847,0.5414252,0.5764979,0.5464906,0.52379715,0.52929616,0.4964209,0.57123274,0.49366134,0.49962127
0.9109122,0.89222777,0.83717597,0.853432,0.88997185,0.9872172,0.9781444,0.90212977,0.89218307,0.90618813,0.8976849,0.8954387,0.8788632,0.59222126,0.89927804,0.88879114,0.88935566,0.80813086,0.9044725,0.89783865,0.8908091,0.527509,1.0000002,0.8744852,0.90103626,0.9039624,0.8857324,0.8658313,0.8880692,0.8978062,0.9823304,0.5666434,0.89579487,0.91301066,0.86703956,0.8723032,0.9159831,0.9243262,0.93302554,0.927208,0.8610958,0.86634696,0.9227061,0.9067288,0.88333595,0.87937444,0.90435874,0.9157646,0.8770961,0.94354194,0.90695924,0.896532,0.880118,0.84257853,0.88959265,0.9361652,0.88801503,0.95231915,0.8834099,0.8906312,0.88454753,0.85534406,0.9008702,0.89592254,0.9501673,0.97157407,0.9164433,0.9154594,0.91658777,0.9201624,0.917911,0.87193227,0.89711297,0.91810304,0.89173186,0.86831355,0.92879474,0.8373643,0.8821176,0.9092334,0.98205006,0.851781,0.9711863,0.9028645,0.8677037,0.9406012,0.9551526,0.9218154,0.8858187,0.9781444,0.871279,0.92885274,0.83475673,0.8808136,0.89159226,0.912031,0.93074346,0.8958799,0.9220112,0.9591868,0.88520527,0.8924099,0.9820757,0.98204887,0.93007696,0.9277584,0.85981363,0.8939222,0.9107776,0.8913423,0.8636867,0.91395134,0.93506205,0.9256711,0.981822,0.88945305,0.87340724,0.88851434,0.91562945,0.8844379,0.8956751,0.9307823,0.91151184,0.93868715,0.9142189,0.8975577,0.9107877,0.9044725,0.9032242,0.8991875,0.8939557,0.8965779
0.89549136,0.8588618,0.9184533,0.8616915,0.9513676,0.88626647,0.8892833,0.88463104,0.8967372,0.8942596,0.9054755,0.9122665,0.9375446,0.5844862,0.88563013,0.8832828,0.9003778,0.7944131,0.9221921,0.95059043,0.9059384,0.5331712,0.8744852,1.0,0.89700305,0.8784802,0.9303843,0.8632165,0.8904755,0.92275894,0.8683426,0.5489547,0.9018447,0.92435676,0.87701726,0.90177435,0.8733704,0.8947869,0.90191245,0.8665926,0.85554934,0.9534941,0.91672873,0.81764406,0.88462126,0.84509194,0.88970166,0.90278125,0.90581316,0.88001317,0.8674986,0.9474704,0.86414254,0.91142374,0.8619102,0.88305473,0.9244984,0.8897577,0.8604869,0.8881688,0.8877219,0.81703776,0.9205341,0.91920817,0.8643348,0.9077114,0.90284324,0.8703798,0.9114547,0.86535335,0.9273701,0.93324697,0.90619636,0.8517033,0.86431324,0.9528229,0.9168119,0.94090605,0.91000044,0.90100825,0.89488554,0.89908516,0.8836939,0.9093827,0.869215,0.9161154,0.85097265,0.9148154,0.9040897,0.8892833,0.8579731,0.88554496,0.92317986,0.9135848,0.91865885,0.8815639,0.88308287,0.89080673,0.8706305,0.8468783,0.8988366,0.8504595,0.89006674,0.8933032,0.83922476,0.83254427,0.88075364,0.89802307,0.892529,0.87399256,0.8860595,0.9212188,0.87085724,0.92295295,0.8792614,0.90584385,0.90389895,0.8890956,0.9109603,0.8808306,0.89596957,0.84543705,0.91361034,0.88737786,0.9023301,0.94726056,0.90294707,0.9221921,0.8685073,0.94109076,0.8677935,0.87289214
0.8861159,0.8809737,0.90130794,0.8370445,0.9049306,0.8999371,0.9042766,0.9019685,0.8893072,0.9108105,0.9475181,0.8919775,0.9264369,0.61579865,0.875013,0.90181804,0.87226915,0.7359078,0.9092202,0.90778613,0.9025343,0.5590458,0.90103626,0.89700305,0.99999976,0.8950286,0.89296854,0.8678208,0.8667372,0.9330467,0.88758904,0.5866626,0.9062682,0.910708,0.86866,0.8729623,0.9017485,0.9001518,0.93213403,0.8636968,0.86128736,0.8816924,0.902491,0.8269304,0.8981259,0.8542944,0.88866836,0.95171,0.8670511,0.8607021,0.89304256,0.93574476,0.8987037,0.8999322,0.908786,0.8796959,0.94866747,0.89017993,0.8581937,0.8731813,0.963902,0.85824436,0.9005453,0.958938,0.8622889,0.9142264,0.87593526,0.91240084,0.91072524,0.8761202,0.95820856,0.8970609,0.875646,0.8632478,0.8957548,0.8868873,0.9349807,0.87125754,0.9122902,0.9806655,0.9072683,0.87047106,0.90560734,0.88429993,0.9015409,0.9687115,0.89086974,0.9181623,0.91271734,0.9042766,0.90601957,0.86625403,0.8753694,0.8710718,0.91325057,0.88749456,0.8988414,0.8829881,0.8978447,0.8897878,0.8965859,0.85662955,0.92597985,0.90664744,0.8564106,0.84610546,0.88114977,0.9002576,0.9930023,0.89845085,0.86436033,0.9122692,0.87167037,0.9125844,0.8866495,0.8903751,0.9533788,0.87245286,0.94269645,0.8692818,0.9151859,0.8611164,0.90898585,0.907118,0.9800931,0.89558786,0.9058757,0.9092202,0.8965269,0.93520254,0.8672362,0.8833508
0.9582863,0.94527245,0.85432184,0.9302598,0.9076425,0.90289706,0.90304774,0.9725568,0.9494725,0.87554795,0.8917394,0.9188887,0.8919835,0.56830156,0.939901,0.96768934,0.9222409,0.8088969,0.90831876,0.8885708,0.88932306,0.5002806,0.9039624,0.8784802,0.8950286,1.0000001,0.9128001,0.9337342,0.9262618,0.9264151,0.90169346,0.5199258,0.8924315,0.9141351,0.887821,0.924186,0.90048736,0.89187586,0.8987184,0.89605564,0.930596,0.8909462,0.92363954,0.8715135,0.96029156,0.9223959,0.9115745,0.9142842,0.8960296,0.87673146,0.94050795,0.90974486,0.9304805,0.8523764,0.87637305,0.9096875,0.8963459,0.90079683,0.93515414,0.97688633,0.9049719,0.81788266,0.91301626,0.8954098,0.8948052,0.912989,0.9042364,0.8875487,0.92120254,0.9057697,0.9312531,0.89891195,0.91346806,0.8929592,0.9081044,0.9002484,0.9155239,0.8722465,0.89928424,0.8959106,0.9094546,0.905357,0.8978118,0.9137993,0.8721937,0.9170175,0.90599924,0.9196478,0.89956796,0.90304774,0.8746607,0.86331415,0.8619032,0.92587924,0.8942267,0.86161983,0.9027288,0.9525946,0.89723253,0.8975013,0.93643486,0.9496299,0.910619,0.907109,0.88744336,0.8839612,0.9215232,0.96761626,0.8939362,0.9819408,0.9241189,0.9123659,0.8988203,0.92153597,0.90663123,0.932176,0.87939495,0.97467494,0.91596353,0.96394527,0.89373094,0.9029143,0.93220174,0.90789264,0.8966758,0.8937243,0.93691397,0.90831876,0.9246176,0.91528654,0.90362823,0.931682
0.9256332,0.8803726,0.9101187,0.9199518,0.93646234,0.89213365,0.89858437,0.90549934,0.92291737,0.9054093,0.9258555,0.9114483,0.9249129,0.6085992,0.9012011,0.9027883,0.9094539,0.83193934,0.9256735,0.9257659,0.9216625,0.569306,0.8857324,0.9303843,0.89296854,0.9128001,1.0000002,0.8891165,0.9104596,0.93437946,0.87842214,0.5776988,0.92018366,0.92065775,0.8936575,0.9263228,0.8848735,0.91197336,0.8919132,0.87969065,0.88608795,0.93653244,0.936684,0.83251697,0.91435075,0.8637829,0.88353896,0.9181094,0.8959318,0.88882506,0.8811662,0.9379043,0.8757951,0.9022622,0.8561146,0.8970686,0.9453981,0.8982364,0.8874937,0.9264579,0.8873937,0.798646,0.9560635,0.9359256,0.8793374,0.9139859,0.91373503,0.8695502,0.93513834,0.8812505,0.9376794,0.92723215,0.93351686,0.882524,0.8747061,0.9378518,0.9322305,0.9316163,0.9259031,0.89471406,0.90399134,0.91118324,0.88507485,0.9402128,0.86820346,0.93279177,0.86500555,0.9340396,0.92103195,0.89858437,0.85320234,0.8878361,0.91491115,0.91618025,0.9256051,0.8813489,0.87400484,0.90723276,0.8733118,0.8549483,0.9211136,0.88582915,0.8922398,0.89638734,0.8580338,0.84937185,0.90056914,0.9253008,0.88515687,0.8953873,0.90954024,0.9188533,0.8850107,0.94043046,0.89146376,0.9302137,0.9046757,0.9271683,0.9438665,0.92264193,0.88748455,0.87508297,0.9202333,0.89260536,0.9059169,0.91230226,0.9393443,0.9256735,0.8745888,0.93172103,0.86917883,0.8879071
0.9209131,0.88392484,0.8423735,0.9059154,0.87050027,0.86615974,0.86340964,0.93220603,0.90006185,0.8622247,0.875862,0.88215137,0.8577766,0.5551666,0.8987313,0.928689,0.8678814,0.7685492,0.88469577,0.86404663,0.8641263,0.4858745,0.8658313,0.8632165,0.8678208,0.9337342,0.8891165,1.0000002,0.8826277,0.9029217,0.85940874,0.5068023,0.86825436,0.89064395,0.90173113,0.8784032,0.8517387,0.86489356,0.85628915,0.8421341,0.85924685,0.8565356,0.88349086,0.80796,0.90971005,0.9049251,0.86997473,0.87214655,0.8719306,0.85468686,0.9016419,0.87818754,0.93383014,0.8364425,0.8991712,0.8587947,0.8717778,0.8563486,0.8725953,0.9181396,0.877486,0.79208964,0.890808,0.8813379,0.8396007,0.88161856,0.87780607,0.8932471,0.88251317,0.89819646,0.89064944,0.86015785,0.8894739,0.85466117,0.8969542,0.8653898,0.894364,0.851368,0.8834129,0.8638841,0.86337864,0.8697275,0.8504287,0.89164066,0.9093509,0.890712,0.8527782,0.8909205,0.8868863,0.86340964,0.8968078,0.8451794,0.83124536,0.88433766,0.86347836,0.8487611,0.90430534,0.89731526,0.9096575,0.8423707,0.89268047,0.8984351,0.87048054,0.86365455,0.8241209,0.8221687,0.87958634,0.9115477,0.86602473,0.93111,0.87494135,0.8914921,0.8438366,0.88322514,0.8607203,0.8874341,0.8727147,0.91478217,0.8944068,0.91618043,0.865437,0.8549191,0.8902207,0.8546853,0.87056166,0.8771705,0.9088937,0.88469577,0.88989,0.8866235,0.8703169,0.8976107
0.94551563,0.9376633,0.83614874,0.9282007,0.9241743,0.8945039,0.9071754,0.92637587,0.96100056,0.86108565,0.85258096,0.93220735,0.909658,0.5648045,0.93262255,0.9302913,0.9562012,0.85745007,0.9237806,0.88000053,0.8976215,0.49181524,0.8880692,0.8904755,0.8667372,0.9262618,0.9104596,0.8826277,1.0000002,0.92419827,0.89148945,0.5177907,0.8934655,0.9333583,0.8670908,0.9395913,0.9182991,0.8824789,0.9162488,0.94142044,0.93316257,0.92144704,0.95350003,0.9117991,0.9400942,0.9006404,0.9010606,0.9093864,0.89969325,0.86596334,0.90921384,0.915722,0.86345106,0.84672517,0.84406173,0.94166124,0.8929629,0.9216411,0.9543911,0.9415411,0.8912381,0.7909301,0.90004694,0.862404,0.9191805,0.9060284,0.90808606,0.86538017,0.9334975,0.8938552,0.91099465,0.92758805,0.9418812,0.92206424,0.88583255,0.92204744,0.903408,0.88964736,0.8869043,0.8664309,0.9080789,0.9077476,0.90574807,0.94669443,0.8547627,0.89199036,0.9153636,0.92111135,0.8751293,0.9071754,0.84572434,0.8527389,0.89851713,0.9263213,0.9018032,0.82984865,0.87483406,0.9443979,0.8699282,0.8937229,0.9436313,0.9307494,0.90213895,0.9068463,0.9177289,0.91065866,0.9125112,0.9484147,0.8681283,0.9162206,0.9377531,0.924339,0.93301076,0.94500124,0.9020961,0.94036204,0.8427854,0.94288564,0.88177705,0.9283377,0.88953304,0.868791,0.95431894,0.92509353,0.8651176,0.8934581,0.9128998,0.9237806,0.9059267,0.91067576,0.9244105,0.9213431
