0,1,2,3,4,5,6,7,8,9,10,11,12,13,14,15,16,17,18,19,20,21,22,23,24,25,26,27,28,29,30,31,32,33,34,35,36,37,38,39,40,41,42,43,44,45,46,47,48,49,50,51,52,53,54,55,56,57,58,59,60,61,62,63,64,65,66,67,68,69,70,71,72,73,74,75,76,77,78,79,80,81,82,83,84,85,86,87,88,89,90,91,92,93,94,95,96,97,98,99,100,101,102,103,104,105,106,107,108,109,110,111,112,113,114,115,116,117,118,119,120,121,122,123,124,125,126,127,128,129,130
0.0,14.736835,12.153965,6.0253263,5.7907357,13.093694,13.908131,6.3073316,10.32824,6.3073316,17.573952,18.453632,8.294228,6.7404666,12.503424,7.799915,6.211812,6.211812,12.481404,13.140215,6.2610908,6.2344427,19.208845,18.938509,5.282343,12.491121,13.331581,7.4174075,5.8138785,5.641714,11.100777,10.025075,5.6391325,10.688621,11.431712,10.521602,4.2047977,18.793108,10.634365,11.323779,6.3073316,18.229631,18.272371,13.922581,5.543895,12.324497,12.662024,5.49436,8.861753,10.863378,7.404724,6.2344427,18.47046,20.756636,19.721218,20.644112,8.459276,20.55331,18.699554,5.026824,13.239234,17.458574,5.72039,6.3363104,17.926308,11.888914,5.7047977,5.02528,7.0993695,11.169404,20.022213,10.352358,6.015692,7.4174075,18.229631,10.342216,17.917658,18.62668,19.278938,19.594685,10.507073,6.211812,17.911993,18.639233,5.130804,19.527353,17.987381,16.410583,12.805347,7.8352427,11.367197,16.283396,14.528506,12.151119,6.384586,5.7545743,10.579896,13.077728,5.6391325,5.5553837,11.763311,15.652625,5.5553837,10.761756,10.503738,17.196848,13.390956,11.830672,13.927531,7.0993695,13.207197,12.933951,13.645898,7.8079557,19.247732,7.211426,10.828722,12.821589,13.174359,7.5205183,8.353541,14.449664,18.008951,11.136025,5.543895,14.237227,18.859608,13.603753,13.009074,6.211812,6.008385
14.736835,0.0,13.892349,16.100224,13.579505,11.914658,4.6541924,14.128228,14.265931,14.128228,18.991817,17.938105,13.216587,13.900169,15.157705,13.004934,14.448956,14.448956,13.951843,13.75937,13.635271,13.79119,20.056068,19.015514,14.125176,15.368931,15.748219,15.05408,14.288763,14.120546,13.429362,13.253716,14.31268,13.531257,13.446215,12.811671,15.017542,19.906494,11.989039,13.896618,14.128228,19.945171,19.572817,13.693104,14.034777,12.298453,12.747748,13.827224,14.646946,12.33082,14.5327215,13.79119,19.456078,21.933983,19.760925,21.25583,13.301052,21.7846,18.238613,14.743159,15.560648,19.627367,14.292721,13.828933,17.62325,12.887443,13.4832115,14.836898,14.001494,14.637677,21.246973,11.7350025,13.933008,15.05408,19.945171,13.209563,17.574402,20.17684,20.505886,18.773554,12.816074,14.448956,17.576817,20.2486,13.978566,20.84284,19.398502,17.59069,12.536406,14.427627,13.7048645,18.153666,4.616397,12.680456,13.785119,14.189657,14.903705,15.523253,14.31268,13.6431675,14.773569,18.24478,13.6431675,12.624179,16.326689,18.592773,12.894579,14.582775,12.646557,14.001494,12.383862,15.041818,10.983647,14.789174,20.10117,14.888063,14.511139,15.499868,15.591485,14.038757,13.233791,14.357686,17.707794,11.938295,14.034777,13.721157,18.604628,13.849256,11.527101,14.448956,14.691098
12.153965,13.892349,0.0,13.805175,10.340548,7.375334,13.685176,10.864167,8.725513,10.864167,18.81708,17.976288,9.116389,10.145755,9.96333,9.37564,11.192813,11.192813,8.592342,7.8262935,10.560467,10.483649,20.45503,19.557142,11.32255,10.109585,10.445224,10.614094,11.280411,11.473678,6.830089,9.655403,11.367477,9.101691,10.237331,9.018165,12.307206,20.219742,7.5116806,10.3955765,10.864167,21.366478,19.948675,8.067311,11.057219,7.642379,7.704664,11.258821,9.990076,11.296908,10.416712,10.483649,18.90292,21.730974,19.805414,20.870447,10.106009,21.570326,18.257229,11.801579,10.487053,20.082481,11.42441,10.499651,17.486343,8.4179,10.032307,12.162052,10.7934675,9.2625265,21.24524,9.580262,10.875428,10.614094,21.366478,11.407309,17.688622,21.460028,21.195827,17.90809,11.027261,11.192813,17.177181,21.00606,11.159231,20.91287,19.8294,18.504396,8.360416,10.113965,9.093998,17.699587,13.725348,8.131627,10.399448,11.412636,10.5242605,10.492923,11.367477,10.891318,9.196512,17.860367,10.891318,8.964508,12.176021,18.293205,7.295578,9.196255,7.9966044,10.7934675,6.988599,10.384534,8.138327,10.863815,20.610579,10.923118,9.073024,10.111943,10.259179,11.1678,10.790745,9.847563,17.788998,8.701233,11.057219,8.474158,19.04721,7.354111,7.1207376,11.192813,11.902505
6.0253263,16.100224,13.805175,0.0,8.378986,14.585453,15.30266,7.2741523,11.474649,7.2741523,18.610294,19.355164,10.25665,8.889813,13.822436,9.172354,6.7580695,6.7580695,13.616152,14.567771,7.666171,7.5679564,20.092392,19.750458,6.369486,13.936595,14.061467,8.412447,6.8148284,6.7294164,12.427565,12.0680275,6.8097763,11.8745575,12.670137,12.124353,5.3665967,19.25827,11.949103,12.536049,7.2741523,19.00543,19.022018,15.0725355,7.714157,13.902641,14.545876,7.5604763,9.839673,12.680725,8.924379,7.5679564,19.491007,21.512367,20.579985,21.396067,10.338137,21.293524,19.604404,5.436448,14.130963,18.320086,6.728875,7.5942163,18.835339,13.506523,8.262881,5.5383635,8.063747,11.927445,20.708838,12.383307,7.5518904,8.412447,19.00543,11.909076,18.819853,19.215141,20.152103,20.426697,11.872924,6.7580695,18.895382,19.5045,7.5711164,20.525028,19.028576,17.524376,14.372178,9.3054285,12.749274,16.704437,16.048367,13.5355,7.7639604,6.8088326,11.42761,13.813538,6.8097763,8.115982,13.300999,16.569628,8.115982,12.117601,11.65553,18.28325,14.943621,13.339952,15.442253,8.063747,14.804749,13.92849,15.15732,9.62816,20.178055,8.414607,11.713898,13.695114,14.03877,8.911654,10.459009,15.682467,18.929195,12.821929,7.714157,15.379798,19.779558,14.858772,14.51469,6.7580695,6.4729114
5.7907357,13.579505,10.340548,8.378986,0.0,11.275758,12.963766,5.0121455,8.360718,5.0121455,17.259506,17.80907,5.314679,5.4794946,11.410757,5.9520655,6.350633,6.350633,11.034343,11.400116,4.196036,4.4026036,19.019978,18.63575,4.613532,11.400622,12.141026,6.777421,5.051098,4.8526444,9.204039,8.446394,4.6660357,9.238226,10.649533,9.306962,6.0741763,18.408596,8.81542,10.612649,5.0121455,18.689226,18.242863,11.975497,3.121882,10.374284,10.285255,4.966176,7.355361,9.987938,6.4455805,4.4026036,18.034369,20.689556,19.409525,20.373203,6.498148,20.480831,18.063087,5.865464,12.110759,17.670649,4.9895115,4.532969,17.15514,10.501929,5.071143,5.778475,6.1709056,9.520113,19.94583,9.131645,4.541607,6.777421,18.689226,9.598948,17.199697,18.907415,19.533123,18.787252,9.70582,6.350633,16.985949,18.696365,2.9172406,19.558895,18.052586,15.714317,11.069278,6.243609,9.908162,15.716264,13.55198,9.68462,4.640445,5.1373305,10.127192,11.9438,4.6660357,2.689878,9.90245,15.280329,2.689878,8.625835,9.673873,16.819986,11.319373,9.854329,12.076639,6.1709056,11.051924,12.040678,11.603471,7.042321,19.19056,6.5371156,9.126023,11.529863,11.918972,6.970593,7.522559,12.306836,17.339062,9.573939,3.121882,12.369281,18.334976,11.633208,11.216269,6.350633,5.846659
13.093694,11.914658,7.375334,14.585453,11.275758,0.0,11.9741745,12.01544,9.898872,12.01544,18.815434,17.185833,9.904722,11.247386,10.7278805,10.075953,12.212267,12.212267,9.524012,7.6480136,11.520666,11.6220045,20.270498,18.999554,12.399129,10.854185,10.901402,12.005356,12.471474,12.4787,8.996144,9.515373,12.560945,9.590508,9.582087,8.423986,13.085155,20.014906,8.066334,9.952063,12.01544,21.2215,19.897196,7.1826315,12.086637,6.539836,7.347853,11.759641,11.216416,9.897245,12.102345,11.6220045,18.937134,22.052364,19.548187,20.964605,10.7381935,21.890844,17.767704,12.8185215,11.09573,19.593584,12.550818,11.66332,16.768034,8.537949,10.976014,12.764021,11.761716,10.047677,21.278276,8.52854,12.036156,12.005356,21.2215,10.264547,16.883904,21.329676,21.167704,17.345013,9.885545,12.212267,16.278633,20.810608,12.277462,20.984669,19.622723,17.580666,7.6619334,11.7058935,9.46424,17.228144,12.086437,7.5250306,11.562153,12.515523,11.396906,11.086452,12.560945,11.778784,10.037874,17.629435,11.778784,8.468018,13.114678,18.01611,5.979751,9.835215,6.027434,11.761716,5.521621,10.637555,5.3294044,12.624042,20.550854,12.551809,10.134747,10.905278,10.915394,12.523569,11.624432,9.116518,17.037544,9.385137,12.086637,6.8230996,18.495619,7.253417,5.139191,12.212267,12.99646
13.908131,4.6541924,13.685176,15.30266,12.963766,11.9741745,0.0,13.426177,14.048947,13.426177,18.768808,17.893368,12.808008,13.3965845,15.089219,12.436185,13.780886,13.780886,13.977501,13.384657,12.913351,13.060474,19.86475,18.820158,13.345964,15.384624,15.760728,14.3925295,13.49101,13.340367,13.109361,13.095131,13.508307,13.4613,13.106554,12.480754,14.225435,19.597073,11.696271,13.578559,13.426177,19.699121,19.065819,13.728888,13.3874655,11.865865,12.651313,13.091496,14.050553,11.862962,13.933028,13.060474,19.273474,21.756535,19.53322,21.210812,12.76132,21.62693,18.252302,13.989323,15.657593,19.057243,13.497038,13.095992,17.528887,12.4768305,12.9355,14.11142,13.437718,14.354719,20.942188,11.373829,13.18569,14.3925295,19.699121,12.476366,17.459845,19.930586,20.189236,18.83366,12.239844,13.780886,17.477903,19.880936,13.321838,20.529257,18.996513,17.311817,12.60934,13.96774,13.74109,17.704762,4.8148594,12.688126,13.075255,13.363161,14.647622,15.6216955,13.508307,12.976744,14.824262,17.931992,12.976744,12.143591,15.773763,18.429615,12.86811,14.638359,12.690888,13.437718,12.437531,14.94534,11.128126,14.187772,19.93443,14.267501,14.331955,15.583544,15.703659,13.278085,12.690892,14.557649,17.576422,11.461804,13.3874655,13.827721,18.530724,13.629439,11.434802,13.780886,13.946228
6.3073316,14.128228,10.864167,7.2741523,5.0121455,12.01544,13.426177,0.0,7.9331512,0.0,16.920319,17.547615,6.3162446,5.468703,11.174813,5.644226,3.673264,3.673264,10.713033,12.028991,2.223112,1.5239323,18.560627,18.34816,3.2940726,11.728942,12.121662,6.133566,3.2192786,3.4835305,9.397588,9.805535,2.9274082,8.858145,10.477227,9.558448,6.3925233,18.110235,8.890513,10.352326,0.0,18.424992,17.829796,12.608933,4.9678044,11.080946,11.900958,6.6518197,6.562922,10.650719,4.909387,1.5239323,17.616095,20.077574,19.249138,19.745583,8.178751,19.85923,17.849424,5.2044835,11.802438,17.975847,3.022824,1.9997687,17.017883,10.620139,5.2501884,6.173711,3.8961928,10.494544,19.259523,9.756927,2.1068823,6.133566,18.424992,10.267061,17.001066,18.606241,19.228722,18.329569,9.931732,3.673264,16.831985,18.707718,5.07499,19.293842,17.968311,16.375584,11.441085,4.319109,9.791877,15.627243,13.976578,10.664058,1.6513274,3.3168268,9.078095,11.521093,2.9274082,5.4373507,10.73753,14.929819,5.4373507,9.281702,10.196832,16.540728,12.198668,10.736509,12.948296,3.8961928,11.843204,11.448263,12.33934,5.5312977,18.630238,4.712896,8.44282,11.248469,11.64295,6.238803,8.164968,13.47098,17.139679,9.461837,4.9678044,12.7068615,18.149303,12.506801,11.870336,3.673264,3.0261278
10.32824,14.265931,8.725513,11.474649,8.360718,9.898872,14.048947,7.9331512,0.0,7.9331512,17.913824,16.50571,6.2350197,5.9524574,6.053587,6.7719016,8.246284,8.246284,6.5309124,10.621073,7.837085,7.5778904,19.550163,18.463516,9.044803,6.936596,6.4260697,7.5314445,9.089202,9.030988,7.7270246,7.557855,9.028505,5.545574,7.806639,7.390386,10.654279,19.14531,7.6768937,7.4373984,7.9331512,20.050024,18.681116,9.959797,9.420494,9.007188,9.899475,9.867458,6.755544,10.504987,8.092328,7.5778904,18.35933,20.96206,19.030779,19.774351,9.621335,20.710762,17.240416,9.716571,5.578914,19.216108,9.207265,7.600194,16.19563,8.896303,6.996973,10.425253,6.844134,9.205282,20.300747,9.043859,8.025033,7.5314445,20.050024,10.29066,16.393133,20.201958,20.720573,15.905703,9.364906,8.246284,15.932854,20.236155,9.204404,20.527445,19.326927,17.809448,7.9545813,7.0312324,6.065615,16.217878,14.255514,7.6533136,7.4398956,9.124492,6.1995854,5.424192,9.028505,9.407917,5.5812154,16.30801,9.407917,9.495814,9.97577,16.78173,10.169553,5.4559255,10.445949,6.844134,9.72018,6.569121,9.989798,8.661582,19.755177,8.614128,2.1899922,4.84202,5.1153026,10.308405,9.738509,10.903814,16.54426,9.115738,9.420494,9.050822,17.768707,10.765534,9.918767,8.246284,9.702863
6.3073316,14.128228,10.864167,7.2741523,5.0121455,12.01544,13.426177,0.0,7.9331512,0.0,16.920319,17.547615,6.3162446,5.468703,11.174813,5.644226,3.673264,3.673264,10.713033,12.028991,2.223112,1.5239323,18.560627,18.34816,3.2940726,11.728942,12.121662,6.133566,3.2192786,3.4835305,9.397588,9.805535,2.9274082,8.858145,10.477227,9.558448,6.3925233,18.110235,8.890513,10.352326,0.0,18.424992,17.829796,12.608933,4.9678044,11.080946,11.900958,6.6518197,6.562922,10.650719,4.909387,1.5239323,17.616095,20.077574,19.249138,19.745583,8.178751,19.85923,17.849424,5.2044835,11.802438,17.975847,3.022824,1.9997687,17.017883,10.620139,5.2501884,6.173711,3.8961928,10.494544,19.259523,9.756927,2.1068823,6.133566,18.424992,10.267061,17.001066,18.606241,19.228722,18.329569,9.931732,3.673264,16.831985,18.707718,5.07499,19.293842,17.968311,16.375584,11.441085,4.319109,9.791877,15.627243,13.976578,10.664058,1.6513274,3.3168268,9.078095,11.521093,2.9274082,5.4373507,10.73753,14.929819,5.4373507,9.281702,10.196832,16.540728,12.198668,10.736509,12.948296,3.8961928,11.843204,11.448263,12.33934,5.5312977,18.630238,4.712896,8.44282,11.248469,11.64295,6.238803,8.164968,13.47098,17.139679,9.461837,4.9678044,12.7068615,18.149303,12.506801,11.870336,3.673264,3.0261278
17.573952,18.991817,18.81708,18.610294,17.259506,18.815434,18.768808,16.920319,17.913824,16.920319,0.0,12.845201,17.089205,17.151463,19.04778,16.810814,16.866129,16.866129,17.86074,18.863615,16.680256,16.636217,10.235691,13.283452,16.827164,18.931538,19.32254,17.849335,16.93022,16.739826,17.412794,17.81377,17.001358,17.708466,18.134872,17.736216,18.138887,16.919306,16.786299,18.28829,16.920319,13.76687,12.658945,19.243496,17.358961,17.694265,18.593609,17.514133,17.63081,17.382568,17.25695,16.636217,5.689974,11.119682,14.02264,12.257677,17.47346,10.339004,12.797996,17.219027,19.050243,15.565295,16.827135,16.743032,12.84752,18.131414,16.823515,18.138632,16.759535,19.367159,11.954785,17.263405,16.817799,17.849335,13.76687,17.623411,12.528521,13.113055,15.533476,15.855411,17.428864,16.866129,12.499606,14.179946,17.300932,15.585672,14.752133,16.230852,17.782486,17.401686,17.961227,15.048929,19.129887,18.100708,16.711815,16.831879,17.993734,19.04901,17.001358,17.112875,18.669788,10.103232,17.112875,18.114006,18.648052,8.616335,18.956722,18.663233,18.948704,16.759535,18.837646,18.85003,18.459888,17.455435,10.733154,17.642424,18.053476,18.963326,19.052624,16.905804,17.133223,20.207745,12.590451,16.918985,17.358961,19.43345,12.956693,19.414162,18.409103,16.866129,17.12052
18.453632,17.938105,17.976288,19.355164,17.80907,17.185833,17.893368,17.547615,16.50571,17.547615,12.845201,0.0,16.400871,16.909048,16.823723,16.37471,17.49822,17.49822,16.09094,17.73842,17.276772,17.158213,16.040384,7.0985866,17.697193,16.670002,16.849022,17.972095,17.69424,17.583416,16.20361,16.362854,17.799889,15.595732,16.144398,16.449226,18.7357,16.476364,15.199561,16.308752,17.547615,16.363262,14.84252,17.533556,17.97638,16.437876,17.53901,17.981398,17.297451,16.202738,17.93493,17.158213,12.497636,16.004417,10.228686,14.312775,17.41185,15.826503,6.0671606,18.252806,16.54283,17.803946,17.661314,17.2049,5.3922067,16.158052,16.77093,18.561089,16.758451,18.740015,14.3472395,16.020435,17.426327,17.972095,16.363262,16.832296,5.284105,16.23827,17.939901,13.219457,16.020802,17.49822,6.2904735,17.266094,18.037958,18.206066,16.93463,15.835805,15.562441,17.874369,15.494916,13.954351,18.104511,16.624763,17.230736,17.56155,16.487295,16.561361,17.799889,17.734684,16.678337,13.294561,17.734684,16.733973,18.135065,11.917125,17.725872,16.56913,17.23929,16.758451,17.501244,16.309008,16.402824,18.185858,16.411049,18.452148,16.439032,16.613651,16.60087,17.774282,17.152027,18.649347,5.0913644,15.246918,17.97638,16.860653,7.493104,18.296417,16.815517,17.49822,18.044388
8.294228,13.216587,9.116389,10.25665,5.314679,9.904722,12.808008,6.3162446,6.2350197,6.3162446,17.089205,16.400871,0.0,5.28162,8.943396,5.765336,7.029792,7.029792,8.734236,10.458678,5.617813,5.618195,18.898415,17.904287,6.6984673,9.092213,10.044713,7.3277044,6.84741,6.926794,7.9286704,7.10021,6.791599,6.51724,9.045617,7.87187,8.627053,18.33828,7.1714635,8.988117,6.3162446,18.946829,18.218096,10.532091,6.3687735,8.988934,9.241161,7.438351,6.530607,9.79138,7.1265674,5.618195,17.621784,20.518156,18.724306,19.590866,7.8944535,20.311518,16.868769,7.8665924,9.543085,18.448414,6.9499145,5.5848417,15.857354,8.775723,5.064871,8.156735,5.924121,9.660398,19.682528,8.453822,6.0833898,7.3277044,18.946829,9.693833,15.946376,19.226242,19.724075,16.778608,9.194788,7.029792,15.651103,19.201853,6.4679413,19.687168,18.278704,16.2712,8.730885,6.4332843,7.3125744,15.592564,13.166614,8.388672,5.760361,6.8930664,7.8017297,9.31372,6.791599,6.066971,7.8735714,15.422255,6.066971,8.516181,10.130428,16.260183,10.3587885,7.6684947,10.88378,5.924121,9.807848,9.3453,9.965459,7.796248,19.059145,7.616257,6.7276044,9.026171,9.415077,7.8126006,7.417538,11.471818,16.10767,8.077475,6.3687735,10.278373,17.423544,10.884902,9.770781,7.029792,7.740483
6.7404666,13.900169,10.145755,8.889813,5.4794946,11.247386,13.3965845,5.468703,5.9524574,5.468703,17.151463,16.909048,5.28162,0.0,8.459516,5.834895,5.776011,5.776011,8.528479,11.640492,5.272719,5.178467,19.022509,18.139826,6.010443,9.325329,9.625762,5.6102123,6.347375,5.9616823,8.39616,8.015811,6.1649795,7.3437924,9.304165,8.398517,7.792239,18.359507,8.161938,8.982855,5.468703,18.673626,18.104544,11.795546,6.415098,10.108139,10.8255625,7.1226974,5.700604,10.1151285,6.007739,5.178467,17.802069,20.467363,18.796206,19.573376,7.9826455,20.222425,17.35909,6.8864126,9.258349,18.009405,6.4225717,5.1958,16.39428,9.550041,4.191896,7.6677527,3.8071678,10.035723,19.562103,8.961721,5.2281165,5.6102123,18.673626,9.915005,16.475084,18.913479,19.488964,17.196596,9.331932,5.776011,16.226412,18.975828,5.6637306,19.473942,18.058033,16.399082,9.907032,5.2855296,8.098519,15.617318,13.867123,9.310642,5.0256767,6.239603,6.3245006,9.096899,6.1649795,6.3717575,8.202213,15.016195,6.3717575,9.648787,9.005926,16.206478,11.6271,8.180067,11.911633,3.8071678,11.2670765,9.354839,11.406327,6.5873647,19.128801,6.3879943,6.672378,8.672355,9.143967,7.845827,7.812394,12.549363,16.625038,9.027719,6.415098,11.735799,17.640226,12.10076,11.11912,5.776011,6.980716
12.503424,15.157705,9.96333,13.822436,11.410757,10.7278805,15.089219,11.174813,6.053587,11.174813,19.04778,16.823723,8.943396,8.459516,0.0,9.788414,11.133339,11.133339,6.346064,12.035078,11.069014,10.975071,20.62334,19.229544,12.125256,5.954503,6.1433744,10.291669,12.214748,12.116845,9.35477,9.736582,12.166037,6.869832,8.836461,8.813098,13.080833,20.216003,9.460866,8.449962,11.174813,21.28329,19.920584,11.320424,12.447657,10.680247,11.194524,12.863624,9.562787,11.9742985,10.821536,10.975071,19.361588,21.88588,19.319448,20.29696,12.231909,21.626102,17.666462,12.588983,5.2870207,20.38026,12.351632,10.920757,16.738409,8.940453,9.589784,12.974309,9.80978,11.162457,21.268848,10.364948,11.24379,10.291669,21.28329,11.945522,17.01639,21.47479,21.558327,15.546021,10.810058,11.133339,16.489124,21.250662,12.154505,21.308136,20.197565,19.282612,8.910906,9.982624,6.8685064,17.595684,14.885271,9.434066,10.814345,12.203928,6.6976104,5.3590384,12.166037,12.418129,5.817495,17.86931,12.418129,11.9171,11.77002,17.65281,11.690047,5.856919,11.217645,9.80978,11.094962,3.4951963,10.540071,11.2898035,20.95461,11.376915,5.882582,5.1030354,5.2370477,12.949062,11.978266,11.794556,17.133978,10.574946,12.447657,9.524507,18.271559,12.392827,10.892696,11.133339,12.645207
7.799915,13.004934,9.37564,9.172354,5.9520655,10.075953,12.436185,5.644226,6.7719016,5.644226,16.810814,16.37471,5.765336,5.834895,9.788414,0.0,6.6579313,6.6579313,9.429874,10.27905,5.417659,5.2560105,18.487127,17.642303,6.268576,10.250269,10.394481,6.9717164,6.337675,6.534429,8.044459,8.188043,6.2914166,7.383735,8.679,7.7013783,7.6789327,18.019249,7.2220483,8.635862,5.644226,18.429583,17.659378,10.627599,6.409513,8.888339,9.96553,6.7209206,6.718152,8.891163,7.3708463,5.2560105,17.311117,20.147066,18.44777,19.392536,6.8882246,19.926674,16.780733,7.56248,10.425662,17.650476,6.412702,5.321572,15.82101,8.698219,5.6436152,7.373438,6.150106,8.980661,19.225483,7.4858036,5.6680474,6.9717164,18.429583,8.813639,15.870876,18.631235,19.27974,17.209982,8.219033,6.6579313,15.667176,18.546299,6.6175666,19.306847,17.845732,15.817088,9.18709,6.801182,8.141715,14.995785,12.94402,8.450749,5.41959,6.329706,8.20855,10.16705,6.2914166,6.418059,9.101643,14.810138,6.418059,7.7694535,9.597609,16.014687,10.385915,8.968235,10.953086,6.150106,10.021243,10.16039,10.335218,8.0117655,18.645565,7.6173415,7.4615684,9.86088,10.159827,7.642056,7.749533,11.226261,16.043198,8.368395,6.409513,10.407314,17.23901,10.637544,9.920168,6.6579313,6.975921
6.211812,14.448956,11.192813,6.7580695,6.350633,12.212267,13.780886,3.673264,8.246284,3.673264,16.866129,17.49822,7.029792,5.776011,11.133339,6.6579313,0.0,0.0,10.634723,12.422321,4.520842,3.9146852,18.574347,18.27545,3.8071258,11.296897,11.902404,5.4160695,4.3521733,4.2654886,9.548883,9.77777,4.637146,8.825167,10.57145,9.704317,6.8744106,18.18916,9.089169,10.427835,3.673264,18.300627,17.843912,12.905157,6.110115,11.46592,12.30043,7.177455,6.623952,10.934661,4.965115,3.9146852,17.523935,19.98562,19.09749,19.552536,8.576571,19.73236,17.820133,4.4409075,11.536724,17.88177,4.148712,4.136436,16.98686,10.947631,4.730285,6.6980305,4.0299606,10.871732,19.239029,10.228361,4.4835534,5.4160695,18.300627,10.595278,16.983507,18.56144,19.019753,18.40173,10.219104,0.0,16.859001,18.70329,6.06214,19.142893,17.795876,16.574247,11.509659,5.1619167,9.777968,15.5609255,14.252201,11.206647,3.8984325,4.255154,8.521644,11.267723,4.637146,6.4196653,10.782611,14.933721,6.4196653,10.006674,10.191614,16.326221,12.621149,10.819741,13.2360735,4.0299606,12.299993,11.262594,12.645269,5.8791904,18.573074,5.0257416,8.583546,11.121588,11.509939,5.7944736,7.8493886,13.919026,17.123629,9.675994,6.110115,13.015993,18.08205,12.894135,12.175675,0.0,4.1611476
6.211812,14.448956,11.192813,6.7580695,6.350633,12.212267,13.780886,3.673264,8.246284,3.673264,16.866129,17.49822,7.029792,5.776011,11.133339,6.6579313,0.0,0.0,10.634723,12.422321,4.520842,3.9146852,18.574347,18.27545,3.8071258,11.296897,11.902404,5.4160695,4.3521733,4.2654886,9.548883,9.77777,4.637146,8.825167,10.57145,9.704317,6.8744106,18.18916,9.089169,10.427835,3.673264,18.300627,17.843912,12.905157,6.110115,11.46592,12.30043,7.177455,6.623952,10.934661,4.965115,3.9146852,17.523935,19.98562,19.09749,19.552536,8.576571,19.73236,17.820133,4.4409075,11.536724,17.88177,4.148712,4.136436,16.98686,10.947631,4.730285,6.6980305,4.0299606,10.871732,19.239029,10.228361,4.4835534,5.4160695,18.300627,10.595278,16.983507,18.56144,19.019753,18.40173,10.219104,0.0,16.859001,18.70329,6.06214,19.142893,17.795876,16.574247,11.509659,5.1619167,9.777968,15.5609255,14.252201,11.206647,3.8984325,4.255154,8.521644,11.267723,4.637146,6.4196653,10.782611,14.933721,6.4196653,10.006674,10.191614,16.326221,12.621149,10.819741,13.2360735,4.0299606,12.299993,11.262594,12.645269,5.8791904,18.573074,5.0257416,8.583546,11.121588,11.509939,5.7944736,7.8493886,13.919026,17.123629,9.675994,6.110115,13.015993,18.08205,12.894135,12.175675,0.0,4.1611476
12.481404,13.951843,8.592342,13.616152,11.034343,9.524012,13.977501,10.713033,6.5309124,10.713033,17.86074,16.09094,8.734236,8.528479,6.346064,9.429874,10.634723,10.634723,0.0,10.771441,10.477649,10.424146,19.603764,18.298426,11.5230055,6.767518,6.8183746,10.271064,11.720475,11.459622,7.508501,9.443323,11.685184,6.7664475,8.705088,8.225195,13.10347,19.570314,7.706126,8.705041,10.713033,20.609365,19.36609,9.650612,12.060106,9.31243,10.427694,12.2842655,9.207505,11.307533,10.017735,10.424146,18.081894,20.807236,18.460436,19.473904,11.512341,20.555586,16.885551,12.165073,6.0929227,19.77165,11.797624,10.409202,15.926478,9.23724,9.456438,12.819403,9.177955,11.0992985,20.348198,9.6829,10.740139,10.271064,20.609365,11.621893,16.15805,20.677635,20.715645,15.1210165,10.448161,10.634723,15.595573,20.563076,11.789135,20.604742,19.423826,18.494883,7.547269,9.293819,6.928198,17.14378,13.95553,8.095147,10.215715,11.673141,6.7898493,6.1760387,11.685184,11.967782,6.661375,17.021708,11.967782,11.224788,11.988301,16.933912,10.587511,6.631378,10.019334,9.177955,10.127168,6.7593665,9.312933,10.57664,19.797598,10.739064,6.3994803,5.994407,6.210142,11.828035,11.031177,11.264752,16.311754,8.995127,12.060106,9.112306,17.47853,11.037487,9.513664,10.634723,12.165256
13.140215,13.75937,7.8262935,14.567771,11.400116,7.6480136,13.384657,12.028991,10.621073,12.028991,18.863615,17.73842,10.458678,11.640492,12.035078,10.27905,12.422321,12.422321,10.771441,0.0,11.581758,11.600288,20.289295,19.199316,12.372472,12.028226,11.956062,11.857172,12.359387,12.459731,8.77717,10.838686,12.469981,10.816432,11.372677,10.30849,13.104654,20.228928,8.453592,11.7070055,12.028991,21.43973,20.13558,6.9519634,12.184423,7.7892017,7.7752542,11.947396,11.271011,11.630047,12.261771,11.600288,18.86552,21.649046,19.651234,20.94605,10.694787,21.526415,18.111984,12.815653,12.335892,20.31877,12.449504,11.616518,17.340708,9.033094,11.493957,12.787116,11.97275,10.5508,21.035122,10.123843,12.024638,11.857172,21.43973,11.729226,17.416746,21.576544,21.144308,17.935297,11.463235,12.422321,17.072712,21.16946,12.379672,21.171553,19.858429,18.183233,9.90306,12.071194,10.791036,17.651081,13.803769,9.14376,11.6419735,12.430457,12.247568,12.33659,12.469981,11.8882885,10.939642,17.963282,11.8882885,9.516117,12.690409,18.43581,8.161726,10.858434,7.329946,11.97275,8.243789,12.36466,7.923012,12.798364,20.57768,12.718349,10.855309,12.037695,12.167792,12.501975,11.926414,10.044121,17.535538,10.016287,12.184423,8.920393,18.812874,6.5564685,6.473039,12.422321,12.9587555
6.2610908,13.635271,10.560467,7.666171,4.196036,11.520666,12.913351,2.223112,7.837085,2.223112,16.680256,17.276772,5.617813,5.272719,11.069014,5.417659,4.520842,4.520842,10.477649,11.581758,0.0,1.4218777,18.224522,18.063528,3.1273477,11.539185,11.9827,6.349617,3.2581515,3.3028357,9.054978,9.442568,2.826226,8.714309,10.117626,9.030022,6.5720816,17.955294,8.489062,10.054239,2.223112,18.271013,17.672384,12.249512,4.814729,10.580392,11.342945,6.3169484,6.5473256,10.060468,5.005131,1.4218777,17.436115,20.006857,18.999247,19.73992,7.774066,19.778885,17.599257,5.1886005,11.678878,17.768284,3.2161255,1.6757119,16.69794,10.18194,5.158227,6.3498583,4.0972657,10.326539,19.220085,9.118392,1.7984654,6.349617,18.271013,9.734232,16.682344,18.500343,19.177448,18.083961,9.380019,4.520842,16.515299,18.535906,4.7261147,19.2425,17.837378,16.008854,10.950105,4.6683946,9.64453,15.461002,13.490546,10.28956,1.8113018,3.2208307,9.121505,11.460383,2.826226,4.842099,10.470881,14.832745,4.842099,9.00623,10.1542845,16.402681,11.808811,10.420013,12.524781,4.0972657,11.420848,11.3893795,11.8139,5.6418333,18.43874,5.1502423,8.4182,11.1564865,11.553773,6.2030506,7.7723975,13.147059,16.829884,9.007767,4.814729,12.389332,17.88993,12.141268,11.403554,4.520842,4.0189667
6.2344427,13.79119,10.483649,7.5679564,4.4026036,11.6220045,13.060474,1.5239323,7.5778904,1.5239323,16.636217,17.158213,5.618195,5.178467,10.975071,5.2560105,3.9146852,3.9146852,10.424146,11.600288,1.4218777,0.0,18.261559,18.006418,2.99161,11.388152,11.780954,5.8963346,2.8949494,3.101334,8.898882,9.327577,2.7194734,8.470379,10.075995,9.089287,6.5260043,17.930866,8.34831,9.973536,1.5239323,18.321318,17.599846,12.153876,4.713316,10.578432,11.364735,6.3071847,6.162576,10.189741,4.754411,0.0,17.319206,19.899773,18.919096,19.578688,7.6323647,19.670317,17.473587,4.9947705,11.481034,17.789692,2.7859416,1.1268238,16.598406,10.214449,4.90937,6.260566,3.8060615,10.16162,19.110617,9.267901,1.7505339,5.8963346,18.321318,9.820299,16.594063,18.516153,19.200598,18.005394,9.459696,3.9146852,16.431631,18.547504,4.7724996,19.26077,17.887276,16.105587,10.919837,4.4407706,9.392228,15.330683,13.641876,10.229306,1.2054733,2.9381547,8.888132,11.230085,2.7194734,4.855113,10.339366,14.743242,4.855113,8.828215,9.979534,16.292871,11.786054,10.306274,12.510262,3.8060615,11.42552,11.261415,11.865315,5.477187,18.435804,4.922556,8.126142,10.94917,11.3400545,6.0805774,7.742669,13.115527,16.737862,8.965677,4.713316,12.32749,17.80079,12.065521,11.440266,3.9146852,3.5939639
19.208845,20.056068,20.45503,20.092392,19.019978,20.270498,19.86475,18.560627,19.550163,18.560627,10.235691,16.040384,18.898415,19.022509,20.62334,18.487127,18.574347,18.574347,19.603764,20.289295,18.224522,18.261559,0.0,16.220766,18.463758,20.554283,20.712154,19.442411,18.48685,18.317825,19.120358,19.420095,18.603148,19.264917,19.427988,19.208603,19.762472,17.879827,18.521126,19.539751,18.560627,14.015822,14.405825,20.463457,19.13345,19.35289,20.17647,19.276154,19.276516,18.57484,18.715664,18.261559,11.82656,13.989778,17.07007,16.649927,19.202267,13.483163,16.077402,18.78217,20.505033,17.91577,18.447441,18.31507,15.921533,19.502968,18.640425,19.891817,18.45846,20.573717,16.64232,18.694736,18.364656,19.442411,14.015822,18.787897,15.716287,14.874848,16.094313,17.159376,18.642906,18.574347,15.840542,15.252999,19.036516,16.339893,15.844285,17.896765,19.1662,18.926937,19.421629,17.151827,20.112751,19.731573,18.349583,18.388336,19.56374,20.487614,18.603148,18.868702,20.311897,15.324808,18.868702,19.66976,20.210846,14.58508,20.442455,20.24177,20.361359,18.45846,20.276192,20.32521,19.811924,18.83451,7.4305654,19.079292,19.642817,20.48563,20.519623,18.4632,18.772446,21.579945,15.761895,18.607178,19.13345,20.79885,16.001398,20.781435,19.936281,18.574347,18.757444
18.938509,19.015514,19.557142,19.750458,18.63575,18.999554,18.820158,18.34816,18.463516,18.34816,13.283452,7.0985866,17.904287,18.139826,19.229544,17.642303,18.27545,18.27545,18.298426,19.199316,18.063528,18.006418,16.220766,0.0,18.276237,19.069395,19.403318,19.121304,18.270918,18.211681,17.814283,18.394474,18.380898,17.876316,18.286736,18.288671,19.282333,17.012098,16.831985,18.449944,18.34816,15.65377,15.183557,19.387264,18.640938,18.015083,19.150509,18.621994,18.757343,17.666948,18.755062,18.006418,13.124423,15.173271,9.304976,14.658794,18.51713,15.152123,7.171036,18.769043,19.027872,18.67111,18.250065,18.051098,8.173854,17.853855,17.945807,19.204481,17.769924,20.04505,13.505801,17.648735,18.13362,19.121304,15.65377,18.174883,7.437314,15.899874,17.291834,16.121477,17.697693,18.27545,9.2617235,16.99194,18.700668,17.801632,17.16788,16.793486,17.859001,18.883821,17.982658,15.490695,19.155235,18.52608,18.100645,18.09451,18.384487,19.035866,18.380898,18.38394,18.971268,14.262621,18.38394,17.975964,19.529604,13.72053,19.32611,18.886665,19.035368,17.769924,19.169361,18.734102,18.330227,18.922148,16.121439,19.140776,18.510185,19.062548,19.132942,18.11032,17.872738,20.337423,6.9919567,16.462786,18.640938,19.179262,6.918363,19.790403,18.576725,18.27545,18.592676
5.282343,14.125176,11.32255,6.369486,4.613532,12.399129,13.345964,3.2940726,9.044803,3.2940726,16.827164,17.697193,6.6984673,6.010443,12.125256,6.268576,3.8071258,3.8071258,11.5230055,12.372472,3.1273477,2.99161,18.463758,18.276237,0.0,12.317752,12.821658,6.1227007,2.4662566,2.4587183,9.656648,9.960894,1.9548404,9.54604,10.887827,9.96634,5.65014,18.173119,9.183751,10.851351,3.2940726,18.03566,17.755623,13.06853,4.1389236,11.4292345,12.111336,5.749495,7.0446973,10.490074,5.050818,2.99161,17.629007,20.044163,19.141575,19.9668,7.6497984,19.817726,17.932983,3.758109,12.668704,17.574697,2.0744379,3.1665304,17.066727,11.06345,5.370412,5.473089,4.8669996,10.610632,19.286762,9.964818,3.003625,6.1227007,18.03566,10.093762,17.055979,18.36101,19.064278,19.084044,9.941,3.8071258,16.978203,18.408474,4.1349607,19.148098,17.74832,16.02025,11.842484,5.6364837,10.440416,15.522266,13.978518,11.282175,3.3141894,2.4795973,9.785664,12.429182,1.9548404,4.325852,11.397529,14.834445,4.325852,9.501584,10.2862015,16.607601,12.610377,11.369122,13.37596,4.8669996,12.315233,12.454988,12.747777,5.8217654,18.638159,5.070473,9.643754,12.166168,12.553062,5.508337,7.7597375,13.901669,17.188341,9.675402,4.1389236,13.443789,18.208576,12.83073,12.21671,3.8071258,2.958474
12.491121,15.368931,10.109585,13.936595,11.400622,10.854185,15.384624,11.728942,6.936596,11.728942,18.931538,16.670002,9.092213,9.325329,5.954503,10.250269,11.296897,11.296897,6.767518,12.028226,11.539185,11.388152,20.554283,19.069395,12.317752,0.0,6.3382807,10.716704,12.59241,12.517488,9.576069,8.764924,12.5103,6.097213,9.37757,9.098819,13.048219,19.936966,9.586155,9.161379,11.728942,21.149271,20.059362,10.957907,12.464862,10.943022,10.79739,12.676975,10.343409,12.248712,11.349394,11.388152,19.281199,22.04852,19.14372,20.42947,12.354584,21.807882,17.55325,12.672434,4.5174694,20.007635,12.639132,11.398381,16.669434,10.40902,9.423857,12.873203,10.4755945,11.189117,21.540594,10.562457,11.704562,10.716704,21.149271,12.287321,16.934938,21.206858,21.375963,15.8297,11.46418,11.296897,16.432766,21.179325,12.3326025,21.206234,20.02031,19.10653,8.75754,10.645131,6.010879,17.285555,15.167293,9.269628,11.349926,12.543663,7.333433,4.6982527,12.5103,12.280921,3.6171818,17.904602,12.280921,12.014722,12.039068,17.549204,11.442342,3.9604452,11.307752,10.4755945,10.887713,6.591558,10.610016,11.801826,20.816393,11.996242,6.4849544,4.760614,5.0361214,12.958074,11.70609,11.726514,17.072367,10.867429,12.464862,9.486838,18.095499,12.471338,10.985647,11.296897,13.048761
13.331581,15.748219,10.445224,14.061467,12.141026,10.901402,15.760728,12.121662,6.4260697,12.121662,19.32254,16.849022,10.044713,9.625762,6.1433744,10.394481,11.902404,11.902404,6.8183746,11.956062,11.9827,11.780954,20.712154,19.403318,12.821658,6.3382807,0.0,9.70591,12.86961,12.717282,9.081305,9.42358,12.882358,7.264243,8.695416,9.179328,13.792978,20.399239,9.752654,8.251251,12.121662,21.811304,20.230408,10.4608345,13.239919,10.744728,11.417905,13.165119,8.903789,12.198626,11.659972,11.780954,19.525267,22.179361,19.434622,20.72604,12.157504,21.911753,17.740942,12.912907,4.7204185,20.46533,13.019411,11.731955,16.721365,10.816667,10.769862,13.605623,10.743591,10.529917,21.783533,10.850528,12.150705,9.70591,21.811304,11.992647,17.02688,21.933561,22.113092,15.772031,10.84309,11.902404,16.460299,21.750658,12.924512,22.003458,20.79191,19.308983,8.896789,10.989314,6.7963285,17.160791,15.846505,9.010368,11.699165,12.896586,7.3288074,4.7392507,12.882358,13.125918,5.6198425,18.045452,13.125918,11.9739895,10.202689,18.082285,11.75491,5.566369,10.877269,10.743591,11.367531,6.7744904,10.74302,12.237119,21.148891,12.232592,6.3849792,4.3385224,4.258171,14.00322,13.048526,11.303575,17.185976,11.64357,13.239919,9.228433,18.485916,11.916311,11.07561,11.902404,13.43864
7.4174075,15.05408,10.614094,8.412447,6.777421,12.005356,14.3925295,6.133566,7.5314445,6.133566,17.849335,17.972095,7.3277044,5.6102123,10.291669,6.9717164,5.4160695,5.4160695,10.271064,11.857172,6.349617,5.8963346,19.442411,19.121304,6.1227007,10.716704,9.70591,0.0,6.244657,6.0224514,8.419964,9.310648,6.4915395,9.00425,10.15556,9.523447,8.107799,18.757957,9.181339,9.783638,6.133566,19.538225,18.605778,12.15682,7.27204,11.08268,11.7399025,7.590371,3.4517632,10.822112,6.0507183,5.8963346,18.3393,21.01688,19.667145,20.429087,7.8204827,20.731255,18.38064,5.8659987,10.778024,18.389872,6.3957047,5.8564615,17.294508,10.936504,6.186989,7.8200316,5.8212967,9.80042,20.344477,10.144427,6.3317857,0.0,19.538225,10.363997,17.393398,19.794243,20.03894,18.71089,9.864992,5.4160695,17.130615,19.668917,6.7381463,20.06568,18.623768,16.730726,11.212548,6.2486877,9.562559,15.420745,14.971598,10.576106,5.8826966,6.3151603,7.9904532,10.602812,6.4915395,7.336064,9.74574,15.590471,7.336064,9.978554,6.32748,17.141031,12.330325,9.813353,12.550618,5.8212967,12.17796,11.031945,12.380081,6.889086,19.635084,6.227799,8.239549,10.176975,10.586771,8.163972,9.13711,12.879417,17.540735,10.484652,7.27204,12.614695,18.790398,12.08716,11.9659815,5.4160695,6.9347825
5.8138785,14.288763,11.280411,6.8148284,5.051098,12.471474,13.49101,3.2192786,9.089202,3.2192786,16.93022,17.69424,6.84741,6.347375,12.214748,6.337675,4.3521733,4.3521733,11.720475,12.359387,3.2581515,2.8949494,18.48685,18.270918,2.4662566,12.59241,12.86961,6.244657,0.0,2.325435,9.726373,10.23814,1.9239374,9.719043,11.049105,10.158697,5.9246707,18.16064,9.2406435,10.993991,3.2192786,18.17202,17.773294,13.108885,4.3228636,11.38188,12.216216,6.178354,6.850798,10.717078,5.1425457,2.8949494,17.632818,20.102736,19.153332,19.930433,7.6088824,19.890028,17.868141,4.1794415,12.789393,17.714523,1.4047023,2.6454906,17.091972,11.058825,5.867433,5.785513,5.1142907,10.748939,19.264381,10.08573,3.1474936,6.244657,18.17202,10.354392,17.074018,18.465685,19.13401,19.010675,10.119438,4.3521733,16.978462,18.555744,4.419191,19.239363,17.898052,16.211742,11.770207,5.9164553,10.582758,15.519614,14.113366,11.278443,3.2175143,1.0433903,9.943746,12.536192,1.9239374,4.5515556,11.618671,14.906627,4.5515556,9.286645,10.3367,16.66083,12.556955,11.583753,13.42082,5.1142907,12.273202,12.48502,12.836676,5.914635,18.63564,4.869643,9.627551,12.289945,12.644692,6.0045958,8.195736,13.863589,17.200356,9.787143,4.3228636,13.3264475,18.210962,12.775842,12.347304,4.3521733,2.5338898
5.641714,14.120546,11.473678,6.7294164,4.8526444,12.4787,13.340367,3.4835305,9.030988,3.4835305,16.739826,17.583416,6.926794,5.9616823,12.116845,6.534429,4.2654886,4.2654886,11.459622,12.459731,3.3028357,3.101334,18.317825,18.211681,2.4587183,12.517488,12.717282,6.0224514,2.325435,0.0,9.751818,10.023138,2.4715497,9.832328,10.855599,10.0436325,6.150848,18.003326,9.306735,10.833645,3.4835305,17.956863,17.619286,13.192693,4.521413,11.346885,12.23405,5.9166636,6.7084193,10.567839,4.8844438,3.101334,17.546541,19.951122,19.106485,19.852379,7.8739023,19.719122,17.819181,3.6879919,12.615051,17.521444,1.8896673,3.2575893,16.953976,11.200853,5.8633146,5.881964,4.6801763,10.90527,19.167904,10.0467415,3.2629435,6.0224514,17.956863,10.094167,16.93459,18.313383,18.85371,18.768442,9.848054,4.2654886,16.83339,18.364868,4.1297016,18.986246,17.560759,15.837365,11.871603,5.7245393,10.624982,15.370281,14.014579,11.229277,3.359587,2.3602488,9.611691,12.422561,2.4715497,4.6296406,11.534816,14.620306,4.6296406,9.649745,10.180347,16.494257,12.658259,11.528465,13.368943,4.6801763,12.416824,12.423159,12.780865,5.698998,18.465334,5.00788,9.634655,12.139242,12.526221,6.0625463,8.305032,13.977991,17.07109,9.800339,4.521413,13.5211315,18.12209,12.8626795,12.320609,4.2654886,2.9749982
11.100777,13.429362,6.830089,12.427565,9.204039,8.996144,13.109361,9.397588,7.7270246,9.397588,17.412794,16.20361,7.9286704,8.39616,9.35477,8.044459,9.548883,9.548883,7.508501,8.77717,9.054978,8.898882,19.120358,17.814283,9.656648,9.576069,9.081305,8.419964,9.726373,9.751818,0.0,9.001449,9.850611,7.8929954,9.529018,8.722165,11.412089,18.873848,4.2553115,9.581569,9.397588,20.00861,18.678314,8.02992,9.896525,8.068745,8.6114645,10.315447,7.4679966,10.39218,9.147066,8.898882,17.495731,20.339087,18.16466,19.57091,8.658166,20.142195,16.53556,10.318217,9.811414,19.124346,9.85234,8.891002,15.664213,7.615895,8.72225,11.168626,8.86095,9.120217,19.609785,9.087224,9.390389,8.419964,20.00861,10.713266,15.885057,20.14169,20.315891,17.032553,9.924241,9.548883,15.480104,19.858011,9.785381,20.275118,18.951935,17.452188,8.278165,9.033077,8.103118,15.896684,13.550798,7.8937364,8.866273,9.797946,8.686672,9.769477,9.850611,9.701134,8.572281,16.190218,9.701134,8.156048,10.336003,16.906246,9.098651,8.475063,8.442943,8.86095,8.9079895,9.812246,8.40605,9.835581,19.381382,9.772737,8.122604,9.374793,9.6621475,9.681672,9.621572,10.4689865,16.009615,6.5469756,9.896525,9.129603,17.326702,8.262637,7.9860163,9.548883,10.446523
