0,1,2,3,4,5,6,7,8,9,10,11,12,13,14,15,16,17,18,19,20,21,22,23,24,25,26,27,28,29,30,31,32,33,34,35,36,37,38,39,40,41,42,43,44,45,46,47,48,49,50,51,52,53,54,55,56,57,58,59,60,61,62,63,64,65,66,67,68,69,70,71,72,73,74,75,76,77,78,79,80,81,82,83,84,85,86,87,88,89
0.0,0.0222945399582386,0.006870063953101635,0.007937811315059662,0.00901040155440569,0.008806806989014149,0.022737786173820496,0.008829398080706596,0.009030589833855629,0.010011112317442894,0.008219636976718903,0.005925091914832592,0.013726262375712395,0.010148421861231327,0.004241544753313065,0.05664505064487457,0.020377889275550842,0.014869099482893944,0.012606129050254822,0.00823830533772707,0.004795336164534092,0.014069453813135624,0.04417623579502106,0.006855074781924486,0.011031902395188808,0.01799437776207924,0.0063765207305550575,0.01594514213502407,0.011291506700217724,0.004509045276790857,0.010555863380432129,0.012744080275297165,0.015420947223901749,0.018509190529584885,0.00858398899435997,0.015632301568984985,0.004494071938097477,0.009050027467310429,0.01454558502882719,0.014259165152907372,0.005801966413855553,0.02003384567797184,0.005063364282250404,0.006139934528619051,0.010881427675485611,0.008216649293899536,0.006553401704877615,0.009951675310730934,0.005644877441227436,0.024720575660467148,0.009762913919985294,0.009250281378626823,0.00702645443379879,0.011606341227889061,0.01079479232430458,0.011439567431807518,0.010912735015153885,0.013723276555538177,0.01156654953956604,0.008489077910780907,0.047256145626306534,0.009762913919985294,0.007398897781968117,0.060786180198192596,0.0100201815366745,0.03118978440761566,0.06233657896518707,0.0038969942834228277,0.013462696224451065,0.008812950924038887,0.009072719141840935,0.007177532650530338,0.019129611551761627,0.011802978813648224,0.010767288506031036,0.005047020502388477,0.0024226480163633823,0.011693648993968964,0.020772743970155716,0.008230030536651611,0.003714365419000387,0.012221032753586769,0.011101624928414822,0.009018918499350548,0.011680638417601585,0.06118970736861229,0.0024432125501334667,0.010027173906564713,0.008269751444458961,0.009959936141967773
0.0222945399582386,0.0,0.0178731270134449,0.018659450113773346,0.029359620064496994,0.02777055837213993,0.005810660310089588,0.01782594993710518,0.01493313629180193,0.028908781707286835,0.03104974329471588,0.02581889182329178,0.016970232129096985,0.017699748277664185,0.019702773541212082,0.05630618706345558,0.00798287894576788,0.04093500226736069,0.030665572732686996,0.025040239095687866,0.02346494421362877,0.04064217209815979,0.031215373426675797,0.02403353713452816,0.019098540768027306,0.040423937141895294,0.018679164350032806,0.012969117611646652,0.017292877659201622,0.018962660804390907,0.014748464338481426,0.02811938151717186,0.01065603457391262,0.010248110629618168,0.013662712648510933,0.013728447258472443,0.021398555487394333,0.02606896683573723,0.013477576896548271,0.015094337984919548,0.020871130749583244,0.007643056567758322,0.023499708622694016,0.02156451717019081,0.029613155871629715,0.018830426037311554,0.01681363582611084,0.009909317828714848,0.02234487608075142,0.006968623958528042,0.010135021060705185,0.017275521531701088,0.021352950483560562,0.022949595004320145,0.015143577009439468,0.014940623193979263,0.01630762219429016,0.018474074080586433,0.010940533131361008,0.017426636070013046,0.05784416198730469,0.010135021060705185,0.021315433084964752,0.05946098640561104,0.02248888835310936,0.018715426325798035,0.06278876215219498,0.022166108712553978,0.017531264573335648,0.02001870423555374,0.01627318561077118,0.021669257432222366,0.021056655794382095,0.016268189996480942,0.02747208997607231,0.02120055817067623,0.02516643889248371,0.016694005578756332,0.008152516558766365,0.01623770222067833,0.026289712637662888,0.014509789645671844,0.016218457370996475,0.012069180607795715,0.037533894181251526,0.05897399038076401,0.0239702258259058,0.014070486649870872,0.014808980748057365,0.01984172686934471
0.006870063953101635,0.0178731270134449,0.0,0.0054108500480651855,0.013225719332695007,0.010897666215896606,0.018062397837638855,0.0029471879824995995,0.0056053814478218555,0.012702152132987976,0.009257781319320202,0.005906222853809595,0.011259830556809902,0.008772570639848709,0.0055353459902107716,0.05995339900255203,0.016831057146191597,0.01980464905500412,0.015002654865384102,0.010606473311781883,0.0055624679662287235,0.019508905708789825,0.042166031897068024,0.00806320272386074,0.008016605861485004,0.019341401755809784,0.006804346106946468,0.010608534328639507,0.007870670408010483,0.005769854411482811,0.009495344012975693,0.01099640503525734,0.013310162350535393,0.01666075736284256,0.006329155061393976,0.012082839384675026,0.00465169083327055,0.00966243352741003,0.00969939399510622,0.012322315946221352,0.005672070197761059,0.016356006264686584,0.006477396935224533,0.005637951195240021,0.013767557218670845,0.007097319699823856,0.005432754755020142,0.007116653025150299,0.00463977362960577,0.022353677079081535,0.007259332109242678,0.008103903383016586,0.005819370038807392,0.013570274226367474,0.008169936016201973,0.007624802179634571,0.009102015756070614,0.01100628450512886,0.009824303910136223,0.007528195157647133,0.04676780477166176,0.007259332109242678,0.00570501247420907,0.059961557388305664,0.01028081402182579,0.028260983526706696,0.06341159343719482,0.006262318231165409,0.010368693619966507,0.0080928485840559,0.005583809223026037,0.006348323542624712,0.018656231462955475,0.009034942835569382,0.013078747317194939,0.005512542556971312,0.007830040529370308,0.010136609897017479,0.017006536945700645,0.00659837806597352,0.007668009959161282,0.006856197025626898,0.009488442912697792,0.005935357417911291,0.017902113497257233,0.061810702085494995,0.007239601109176874,0.008924584835767746,0.00632563466206193,0.007002547383308411
0.007937811315059662,0.018659450113773346,0.0054108500480651855,0.0,0.012177076190710068,0.007657716982066631,0.018896693363785744,0.006467811297625303,0.009677637368440628,0.01085335947573185,0.009723108261823654,0.006682836450636387,0.013870058581233025,0.010885200463235378,0.007391495630145073,0.06127903237938881,0.016737718135118484,0.01833198592066765,0.012417193502187729,0.009443716146051884,0.00650813989341259,0.0182320736348629,0.04164089262485504,0.006119777448475361,0.006049170158803463,0.01646978035569191,0.006391725968569517,0.010836593806743622,0.011442787013947964,0.0054015181958675385,0.009808506816625595,0.00849043671041727,0.009666608646512032,0.01942482963204384,0.008510997518897057,0.009529843926429749,0.005897893570363522,0.006989429704844952,0.010079468600451946,0.013354649767279625,0.005882665980607271,0.01678629219532013,0.006609060801565647,0.005233260802924633,0.011813810095191002,0.011562162078917027,0.006765681318938732,0.007009644061326981,0.005539894104003906,0.022845812141895294,0.007144274190068245,0.01093091070652008,0.0057062855921685696,0.014380800537765026,0.005869613029062748,0.005771794356405735,0.012577688321471214,0.014698298647999763,0.009777290746569633,0.005810724571347237,0.05167696997523308,0.007144274190068245,0.0047000558115541935,0.06540115177631378,0.009643888100981712,0.028292540460824966,0.06760639697313309,0.00883830152451992,0.013819029554724693,0.007133582606911659,0.005510197952389717,0.005402702372521162,0.01934594288468361,0.013161154463887215,0.01243707723915577,0.0073304371908307076,0.0065348949283361435,0.011792078614234924,0.01948733627796173,0.008580023422837257,0.010548517107963562,0.00936028640717268,0.010598162189126015,0.0063903359696269035,0.016348684206604958,0.06442657858133316,0.0064049651846289635,0.010660819709300995,0.006086105480790138,0.006056668236851692
0.00901040155440569,0.029359620064496994,0.013225719332695007,0.012177076190710068,0.0,0.00718084117397666,0.029648108407855034,0.014667553827166557,0.016025928780436516,0.0069732810370624065,0.008565418422222137,0.007787260692566633,0.01601816713809967,0.014314481057226658,0.011582598090171814,0.06057971715927124,0.025662384927272797,0.006304643582552671,0.00976900290697813,0.011202140711247921,0.009941130876541138,0.004374263808131218,0.042105816304683685,0.010133105330169201,0.01421708706766367,0.011759225279092789,0.01128724031150341,0.020231958478689194,0.01704636588692665,0.011084675788879395,0.015298518352210522,0.011773308739066124,0.01969163306057453,0.02530992031097412,0.017900053411722183,0.02142789028584957,0.009573406539857388,0.010915208607912064,0.018878668546676636,0.018285654485225677,0.0114393075928092,0.025187578052282333,0.00695428904145956,0.013061368837952614,0.010693509131669998,0.011937703937292099,0.014522300101816654,0.013630973175168037,0.010139367543160915,0.02738172560930252,0.013987231999635696,0.012850003316998482,0.012993542477488518,0.005858848337084055,0.014550859108567238,0.018062040209770203,0.012672677636146545,0.015736829489469528,0.014124076813459396,0.010023241862654686,0.04933517426252365,0.013987231999635696,0.013622162863612175,0.06519627571105957,0.013706768862903118,0.03111845627427101,0.06578857451677322,0.010741645470261574,0.01583756133913994,0.011775020509958267,0.017161685973405838,0.012131201103329659,0.016617149114608765,0.018217796459794044,0.011154720559716225,0.010493485257029533,0.008503638207912445,0.012610048055648804,0.028813667595386505,0.01723463088274002,0.008096404373645782,0.017986789345741272,0.012242765165865421,0.0136372409760952,0.006282028742134571,0.063423752784729,0.00840669497847557,0.013652686960995197,0.012229789979755878,0.012934889644384384
0.008806806989014149,0.02777055837213993,0.010897666215896606,0.007657716982066631,0.00718084117397666,0.0,0.02876942977309227,0.012068364769220352,0.015174001455307007,0.010066479444503784,0.009032693691551685,0.006861352361738682,0.0184309184551239,0.01580468937754631,0.011103253811597824,0.06665544211864471,0.026055876165628433,0.011868289671838284,0.008304434828460217,0.011651847511529922,0.008507047779858112,0.010542470961809158,0.039612483233213425,0.006611127872020006,0.01083209179341793,0.008310890756547451,0.009150845929980278,0.0184868723154068,0.01556435413658619,0.009217830374836922,0.016537301242351532,0.00834193080663681,0.01753375306725502,0.027260923758149147,0.015565389767289162,0.017904110252857208,0.007699719630181789,0.0090103168040514,0.01719065010547638,0.016110066324472427,0.010144894011318684,0.025716610252857208,0.007170327007770538,0.008903035894036293,0.0064878081902861595,0.01247614435851574,0.012676485814154148,0.01029601413756609,0.007288726046681404,0.027386724948883057,0.012326116673648357,0.015347545966506004,0.008741185069084167,0.011482038535177708,0.00911067333072424,0.011298395693302155,0.015024915337562561,0.01756749302148819,0.013805962167680264,0.008160321041941643,0.05280186980962753,0.012326116673648357,0.009424885734915733,0.06998252868652344,0.010726116597652435,0.03218374401330948,0.07072815299034119,0.010707840323448181,0.017194248735904694,0.008362559601664543,0.012930447235703468,0.010830339044332504,0.019191445782780647,0.02036530151963234,0.00924463290721178,0.010094927623867989,0.005776815116405487,0.011440985836088657,0.02879798412322998,0.016213402152061462,0.009226660244166851,0.01722688041627407,0.011143745854496956,0.010043488815426826,0.012431725859642029,0.06746212393045425,0.005685634911060333,0.013116016983985901,0.011779891327023506,0.009941666387021542
0.022737786173820496,0.005810660310089588,0.018062397837638855,0.018896693363785744,0.029648108407855034,0.02876942977309227,0.0,0.01705325022339821,0.01308504119515419,0.029688669368624687,0.030825268477201462,0.026277143508195877,0.01449945755302906,0.01563861593604088,0.018895797431468964,0.0532657690346241,0.005768748000264168,0.04107512906193733,0.029131915420293808,0.025256458669900894,0.024036936461925507,0.04109404981136322,0.031030302867293358,0.024780645966529846,0.020359553396701813,0.0429072268307209,0.019131174311041832,0.011870133690536022,0.016726501286029816,0.019108671694993973,0.014423763379454613,0.03048929199576378,0.011601630598306656,0.007089513354003429,0.014218934811651707,0.014031515456736088,0.02105814218521118,0.026891129091382027,0.012453707866370678,0.01303156092762947,0.020167697221040726,0.005520675331354141,0.023386089131236076,0.020577682182192802,0.029408691450953484,0.017896341159939766,0.016884081065654755,0.013185396790504456,0.02305028587579727,0.009843327105045319,0.010354786179959774,0.015366040170192719,0.022064153105020523,0.021624496206641197,0.017184076830744743,0.015023209154605865,0.01513049565255642,0.01711272820830345,0.009555942378938198,0.018207935616374016,0.054593391716480255,0.010354786179959774,0.020180020481348038,0.05718261003494263,0.021392257884144783,0.017090780660510063,0.05859760940074921,0.021575266495347023,0.01476205512881279,0.020024709403514862,0.01600421965122223,0.021706409752368927,0.020764898508787155,0.013717510737478733,0.027428800240159035,0.02046535164117813,0.025735056027770042,0.015111276879906654,0.005769973620772362,0.016148336231708527,0.026438651606440544,0.013293292373418808,0.014557842165231705,0.01396992988884449,0.038197111338377,0.05579479783773422,0.024244070053100586,0.012989670038223267,0.013956407085061073,0.02161976881325245
0.008829398080706596,0.01782594993710518,0.0029471879824995995,0.006467811297625303,0.014667553827166557,0.012068364769220352,0.01705325022339821,0.0,0.005260043777525425,0.01467268168926239,0.011382833123207092,0.008023634552955627,0.011647146195173264,0.009198296815156937,0.007819698192179203,0.061500608921051025,0.015861954540014267,0.0222042053937912,0.015962650999426842,0.012781994417309761,0.007938820868730545,0.022342108190059662,0.0394081249833107,0.00942995399236679,0.009187966585159302,0.02015463449060917,0.008147741667926311,0.0070504602044820786,0.008592644706368446,0.0069894976913928986,0.01002015545964241,0.012411745265126228,0.013391926884651184,0.016888931393623352,0.007989645004272461,0.011831633746623993,0.0065721673890948296,0.011909252032637596,0.007075892761349678,0.011461140587925911,0.006602747365832329,0.015557754784822464,0.008972310461103916,0.006290195509791374,0.014879584312438965,0.006745792459696531,0.005757969804108143,0.008531715720891953,0.006349719595164061,0.021690882742404938,0.006464262492954731,0.006274741142988205,0.00654990877956152,0.013060396537184715,0.009393900632858276,0.0082737160846591,0.007316192612051964,0.007742609828710556,0.008696526288986206,0.007479269988834858,0.048933859914541245,0.006464262492954731,0.006526010576635599,0.06198142468929291,0.011995531618595123,0.02744319662451744,0.06532080471515656,0.008500488474965096,0.007450873497873545,0.00835393089801073,0.006402012892067432,0.0082734739407897,0.015194432809948921,0.00889480672776699,0.014867644757032394,0.006020343396812677,0.00966633576899767,0.008162019774317741,0.0167922955006361,0.007600077427923679,0.009965246543288231,0.0041875275783240795,0.008189201354980469,0.007349382620304823,0.02030085399746895,0.06247945502400398,0.008793291635811329,0.008824363350868225,0.006665488705039024,0.008724391460418701
0.009030589833855629,0.01493313629180193,0.0056053814478218555,0.009677637368440628,0.016025928780436516,0.015174001455307007,0.01308504119515419,0.005260043777525425,0.0,0.017823418602347374,0.014096776023507118,0.010776909068226814,0.009040890261530876,0.007110025733709335,0.00763063644990325,0.05555673688650131,0.013581458479166031,0.02575424686074257,0.0179694015532732,0.014359784312546253,0.009346987120807171,0.024979660287499428,0.0386320985853672,0.010885522700846195,0.012074891477823257,0.026641007512807846,0.009151111356914043,0.011551698669791222,0.0075712017714977264,0.007217656821012497,0.009413516148924828,0.017304226756095886,0.012985418550670147,0.009630467742681503,0.006830880884081125,0.012240980751812458,0.0071363067254424095,0.013812805525958538,0.011339133605360985,0.006746324710547924,0.006815634202212095,0.012900320813059807,0.009981092996895313,0.007950697094202042,0.015846900641918182,0.006782690063118935,0.00811251811683178,0.007347609847784042,0.008341897279024124,0.01785162463784218,0.005380193702876568,0.0062139276415109634,0.008118167519569397,0.011955773457884789,0.01108984649181366,0.009062075987458229,0.0047421930357813835,0.005719930864870548,0.0065995086915791035,0.009815778583288193,0.046910956501960754,0.005380193702876568,0.007949410006403923,0.05693208426237106,0.012069318443536758,0.024509470909833908,0.058609459549188614,0.008351719006896019,0.005634603556245565,0.01040123775601387,0.005728943273425102,0.008879484608769417,0.01722576841711998,0.007695341017097235,0.014953168109059334,0.0055849310010671616,0.010841955430805683,0.008449617773294449,0.011885816231369972,0.00792083702981472,0.009726259857416153,0.005346677266061306,0.005711485631763935,0.005446332506835461,0.02415471524000168,0.05743138864636421,0.009394010528922081,0.005599155556410551,0.006384851410984993,0.01152297668159008
0.010011112317442894,0.028908781707286835,0.012702152132987976,0.01085335947573185,0.0069732810370624065,0.010066479444503784,0.029688669368624687,0.01467268168926239,0.017823418602347374,0.0,0.010182207450270653,0.009179402142763138,0.01886267215013504,0.01612165942788124,0.010874101892113686,0.058938659727573395,0.024053458124399185,0.009371429681777954,0.012320633046329021,0.011699107475578785,0.01108535286039114,0.009635725058615208,0.04576094448566437,0.0099566001445055,0.01168264914304018,0.011146546341478825,0.011656499467790127,0.018311109393835068,0.019202152267098427,0.011321378871798515,0.013209069147706032,0.010465490631759167,0.018038973212242126,0.02828994393348694,0.016901444643735886,0.018480658531188965,0.010601531714200974,0.009132943116128445,0.01568465121090412,0.022041460499167442,0.011781029403209686,0.02390044927597046,0.008417166769504547,0.011733559891581535,0.013149874284863472,0.01380066480487585,0.013035718351602554,0.01366288773715496,0.010747207328677177,0.030146297067403793,0.013596825301647186,0.01502915658056736,0.013624167069792747,0.01150584314018488,0.013183953240513802,0.017427172511816025,0.016452113166451454,0.019335072487592697,0.015352057293057442,0.008913299068808556,0.04947034642100334,0.013596825301647186,0.013361366465687752,0.06615732610225677,0.012955164536833763,0.03434405475854874,0.0677248165011406,0.011136937886476517,0.018469586968421936,0.010612419806420803,0.015973497182130814,0.011710001155734062,0.017856420949101448,0.018999557942152023,0.013162244111299515,0.011443134397268295,0.009933000430464745,0.015046661719679832,0.030651673674583435,0.015757819637656212,0.011091973632574081,0.017386719584465027,0.015559590421617031,0.014269696548581123,0.008114969357848167,0.06251612305641174,0.0103378277271986,0.015129778534173965,0.012699119746685028,0.01054118201136589
0.008219636976718903,0.03104974329471588,0.009257781319320202,0.009723108261823654,0.008565418422222137,0.009032693691551685,0.030825268477201462,0.011382833123207092,0.014096776023507118,0.010182207450270653,0.0,0.003363425377756357,0.01834540069103241,0.015645498409867287,0.008991843089461327,0.06535869091749191,0.028038937598466873,0.011800953187048435,0.012012552469968796,0.01024259626865387,0.005731984507292509,0.011478221043944359,0.05140560492873192,0.007592494133859873,0.014175359159708023,0.015154039487242699,0.008927279151976109,0.020365312695503235,0.014590185135602951,0.008836603723466396,0.015032890252768993,0.011500678956508636,0.023269493132829666,0.026685774326324463,0.015654554590582848,0.02098586969077587,0.005803877487778664,0.009343301877379417,0.0190475694835186,0.01910828799009323,0.008703740313649178,0.02758479304611683,0.005595282651484013,0.011281659826636314,0.011440344154834747,0.014198385179042816,0.01227213442325592,0.014111238531768322,0.005406548269093037,0.03279069811105728,0.014440033584833145,0.01301752682775259,0.008109227754175663,0.01387390773743391,0.014011405408382416,0.01665368676185608,0.013727863319218159,0.016263946890830994,0.01565515622496605,0.01154457125812769,0.050783850252628326,0.014440033584833145,0.00890527106821537,0.06714224815368652,0.013748285360634327,0.037638839334249496,0.06871261447668076,0.01048658974468708,0.017785612493753433,0.012846048921346664,0.013478812761604786,0.007552975323051214,0.023637041449546814,0.018434323370456696,0.01185157336294651,0.007056040223687887,0.006537308916449547,0.015995535999536514,0.03137195482850075,0.0153332045301795,0.007467630784958601,0.016635378822684288,0.014615397900342941,0.013688826933503151,0.011034275405108929,0.0677088052034378,0.007185794413089752,0.013769181445240974,0.011701933108270168,0.012133872136473656
0.005925091914832592,0.02581889182329178,0.005906222853809595,0.006682836450636387,0.007787260692566633,0.006861352361738682,0.026277143508195877,0.008023634552955627,0.010776909068226814,0.009179402142763138,0.003363425377756357,0.0,0.014650305733084679,0.012540660798549652,0.006943008862435818,0.06609123945236206,0.024560481309890747,0.011622795835137367,0.012013452127575874,0.009472513571381569,0.003305908525362611,0.010598788037896156,0.04754781723022461,0.0047519998624920845,0.01069268025457859,0.013341037556529045,0.007370750419795513,0.016195759177207947,0.010918914340436459,0.006357861217111349,0.013416126370429993,0.009700474329292774,0.018901430070400238,0.02360660396516323,0.01164922770112753,0.016429346054792404,0.003033498302102089,0.007616395130753517,0.014881230890750885,0.015817809849977493,0.006378979422152042,0.024067748337984085,0.0035664564929902554,0.007606072351336479,0.009731022641062737,0.009098558686673641,0.008218579925596714,0.01011180691421032,0.0013308078050613403,0.028437882661819458,0.010936114937067032,0.011287875473499298,0.004013232421129942,0.01332460343837738,0.010251007042825222,0.012622981332242489,0.011840416118502617,0.013721829280257225,0.01278602983802557,0.008006383664906025,0.051335081458091736,0.010936114937067032,0.006407216656953096,0.06730343401432037,0.010861586779356003,0.033537574112415314,0.06993132084608078,0.006260335445404053,0.014805132523179054,0.009781815111637115,0.008661679923534393,0.006149447523057461,0.02166629210114479,0.015317253768444061,0.00916655920445919,0.005869130603969097,0.005111800506711006,0.01232718862593174,0.025626933202147484,0.010585013777017593,0.004997409414499998,0.012905754148960114,0.011644115671515465,0.009722746908664703,0.010455513373017311,0.06746148318052292,0.004945422522723675,0.010913281701505184,0.009802304208278656,0.00924309715628624
0.013726262375712395,0.016970232129096985,0.011259830556809902,0.013870058581233025,0.01601816713809967,0.0184309184551239,0.01449945755302906,0.011647146195173264,0.009040890261530876,0.01886267215013504,0.01834540069103241,0.014650305733084679,0.0,0.006255893036723137,0.011322913691401482,0.05199284106492996,0.01573041081428528,0.024458521977066994,0.017608532682061195,0.015708452090620995,0.013313847593963146,0.0232309028506279,0.035605061799287796,0.0156282689422369,0.016850192099809647,0.02955874428153038,0.01446619164198637,0.011781399138271809,0.012711016461253166,0.011904442682862282,0.011867012828588486,0.02118668705224991,0.01597667671740055,0.012636573985219002,0.011405762284994125,0.018098143860697746,0.013106932863593102,0.019509397447109222,0.013267913833260536,0.012087074108421803,0.015112718567252159,0.015267321839928627,0.012156128883361816,0.014454236254096031,0.019280798733234406,0.00995900109410286,0.011853774078190327,0.012214891612529755,0.013908639550209045,0.018050238490104675,0.010559804737567902,0.009104689583182335,0.015527237206697464,0.011841939762234688,0.01559662539511919,0.015463622286915779,0.010443408042192459,0.011577132157981396,0.011144187301397324,0.013791407458484173,0.04588542878627777,0.010559804737567902,0.015620792284607887,0.05508405715227127,0.014328421093523502,0.017783991992473602,0.056050270795822144,0.011595950461924076,0.008437525480985641,0.016132216900587082,0.014296323992311954,0.01203430537134409,0.013650849461555481,0.009895047172904015,0.01733686774969101,0.012950320728123188,0.016087502241134644,0.010001510381698608,0.013057678937911987,0.012817046605050564,0.014029590412974358,0.010930502787232399,0.010694403201341629,0.011336898431181908,0.023665104061365128,0.05363424867391586,0.014919612556695938,0.010121152736246586,0.009568920359015465,0.016373416408896446
0.010148421861231327,0.017699748277664185,0.008772570639848709,0.010885200463235378,0.014314481057226658,0.01580468937754631,0.01563861593604088,0.009198296815156937,0.007110025733709335,0.01612165942788124,0.015645498409867287,0.012540660798549652,0.006255893036723137,0.0,0.009131682105362415,0.04981796443462372,0.014518829062581062,0.02289203554391861,0.015107986517250538,0.013518321327865124,0.010215110145509243,0.021544525399804115,0.036239489912986755,0.010592928156256676,0.013906105421483517,0.02694348804652691,0.01122383400797844,0.01175452210009098,0.011196279898285866,0.00971873290836811,0.009045066311955452,0.017687760293483734,0.014627253636717796,0.011029688641428947,0.008594432845711708,0.01609322428703308,0.010269486345350742,0.015007056295871735,0.01253922376781702,0.010302983224391937,0.010500042699277401,0.01392394956201315,0.009595301002264023,0.010290990583598614,0.014732349663972855,0.009590359404683113,0.010847654193639755,0.009892079047858715,0.011636186391115189,0.01860196515917778,0.008474077098071575,0.007411499973386526,0.012121208012104034,0.010931508615612984,0.012659760192036629,0.013213839381933212,0.009068292565643787,0.009843678213655949,0.008958462625741959,0.011056872084736824,0.04419831559062004,0.008474077098071575,0.01212756335735321,0.05475640296936035,0.010479053482413292,0.019539399072527885,0.05526077747344971,0.009853482246398926,0.009272076189517975,0.01176762580871582,0.011131984181702137,0.008779030293226242,0.015150245279073715,0.00991332158446312,0.01362931914627552,0.00922108069062233,0.011808046139776707,0.009545733220875263,0.013645116239786148,0.011739833280444145,0.011276554316282272,0.010149490088224411,0.008840391412377357,0.0085194893181324,0.021780749782919884,0.052468642592430115,0.010561503469944,0.0074277655221521854,0.005867613013833761,0.013224206864833832
0.004241544753313065,0.019702773541212082,0.0055353459902107716,0.007391495630145073,0.011582598090171814,0.011103253811597824,0.018895797431468964,0.007819698192179203,0.00763063644990325,0.010874101892113686,0.008991843089461327,0.006943008862435818,0.011322913691401482,0.009131682105362415,0.0,0.053506746888160706,0.01770130544900894,0.016983427107334137,0.013683807104825974,0.007827699184417725,0.004513077437877655,0.016729852184653282,0.04240994155406952,0.0062527721747756,0.01001092977821827,0.02127721905708313,0.007450733333826065,0.014650331810116768,0.00917806290090084,0.003399659413844347,0.009218866005539894,0.013318382203578949,0.01384979672729969,0.015519212000072002,0.007062030024826527,0.013613635674118996,0.004091684706509113,0.009952022694051266,0.013475704938173294,0.013502154499292374,0.006483310833573341,0.01745838299393654,0.004280210938304663,0.005920420866459608,0.012066823430359364,0.007468205410987139,0.0057174707762897015,0.009895872324705124,0.006187810096889734,0.023259393870830536,0.008817588910460472,0.007723640650510788,0.007307952735573053,0.011633767746388912,0.011420243419706821,0.010213278234004974,0.009316561743617058,0.012136348523199558,0.010420056991279125,0.009249514900147915,0.04356832429766655,0.008817588910460472,0.006380971055477858,0.05617472529411316,0.010255947709083557,0.028433512896299362,0.05694134533405304,0.0024328669533133507,0.012160474434494972,0.00912873912602663,0.007807357236742973,0.0068505373783409595,0.019089315086603165,0.007210611365735531,0.011586964130401611,0.005358082242310047,0.006950994022190571,0.010878071188926697,0.017724081873893738,0.006270556710660458,0.006196929607540369,0.009919818490743637,0.010507870465517044,0.008767891675233841,0.014682019129395485,0.056508347392082214,0.006710851099342108,0.009002282284200191,0.0069157276302576065,0.008791203610599041
0.05664505064487457,0.05630618706345558,0.05995339900255203,0.06127903237938881,0.06057971715927124,0.06665544211864471,0.0532657690346241,0.061500608921051025,0.05555673688650131,0.058938659727573395,0.06535869091749191,0.06609123945236206,0.05199284106492996,0.04981796443462372,0.053506746888160706,0.0,0.0489010289311409,0.0725298672914505,0.06325109302997589,0.057349734008312225,0.059271205216646194,0.07031451165676117,0.07363337278366089,0.0619802325963974,0.0634666383266449,0.08170589804649353,0.05858781933784485,0.06115403026342392,0.060886021703481674,0.05650106072425842,0.04668707028031349,0.07039692997932434,0.05884888768196106,0.0477619506418705,0.05475270748138428,0.059489671140909195,0.05949554219841957,0.0659078061580658,0.06120786815881729,0.05363209545612335,0.05820058286190033,0.048260271549224854,0.05859857797622681,0.06159795820713043,0.06644681096076965,0.058175139129161835,0.056405890733003616,0.060917288064956665,0.06528935581445694,0.05732547864317894,0.057266660034656525,0.053145263344049454,0.06626076996326447,0.05271342396736145,0.06381082534790039,0.062041543424129486,0.0547935850918293,0.05673355609178543,0.05756280943751335,0.061151985079050064,0.03250180929899216,0.057266660034656525,0.06419011205434799,0.030469560995697975,0.061414845287799835,0.05857964605093002,0.020944377407431602,0.05692760646343231,0.057211559265851974,0.06255358457565308,0.061788931488990784,0.05683104693889618,0.05685514211654663,0.0546640045940876,0.06261123716831207,0.05846507102251053,0.061893753707408905,0.05700911208987236,0.051364220678806305,0.05569852143526077,0.06261308491230011,0.056546084582805634,0.056550562381744385,0.058152876794338226,0.06790736317634583,0.02609700709581375,0.06200858950614929,0.05539172142744064,0.05086839944124222,0.0625881627202034
0.020377889275550842,0.00798287894576788,0.016831057146191597,0.016737718135118484,0.025662384927272797,0.026055876165628433,0.005768748000264168,0.015861954540014267,0.013581458479166031,0.024053458124399185,0.028038937598466873,0.024560481309890747,0.01573041081428528,0.014518829062581062,0.01770130544900894,0.0489010289311409,0.0,0.03751874715089798,0.02644030749797821,0.020871374756097794,0.02235880121588707,0.03731605410575867,0.03131627291440964,0.022664103657007217,0.018271086737513542,0.03799556940793991,0.016394855454564095,0.011590765789151192,0.018160901963710785,0.0169718936085701,0.009024563245475292,0.02686796709895134,0.010636638849973679,0.0076872920617461205,0.01248650997877121,0.012681134976446629,0.020500242710113525,0.023576460778713226,0.011248450726270676,0.014376277104020119,0.018194522708654404,0.0002799812937155366,0.02151794172823429,0.019752539694309235,0.027019675821065903,0.016559891402721405,0.01603173278272152,0.011679966934025288,0.021662641316652298,0.009163507260382175,0.009110793471336365,0.013870878145098686,0.02131219021975994,0.017984695732593536,0.014532297849655151,0.01459379680454731,0.013933714479207993,0.017196929082274437,0.008741704747080803,0.014011304825544357,0.05029270797967911,0.009110793471336365,0.020411942154169083,0.053577810525894165,0.0197749100625515,0.018857374787330627,0.05474821850657463,0.020422471687197685,0.015580086037516594,0.01677188277244568,0.015762794762849808,0.018186945468187332,0.018229776993393898,0.01267934963107109,0.025531062856316566,0.018087632954120636,0.02313365414738655,0.015230407007038593,0.009666070342063904,0.01561056263744831,0.024021219462156296,0.012379893101751804,0.013611512258648872,0.012397641316056252,0.03389619290828705,0.05234919488430023,0.02203303948044777,0.01341548003256321,0.010846292600035667,0.019269827753305435
0.014869099482893944,0.04093500226736069,0.01980464905500412,0.01833198592066765,0.006304643582552671,0.011868289671838284,0.04107512906193733,0.0222042053937912,0.02575424686074257,0.009371429681777954,0.011800953187048435,0.011622795835137367,0.024458521977066994,0.02289203554391861,0.016983427107334137,0.0725298672914505,0.03751874715089798,0.0,0.015010363422334194,0.01645292341709137,0.015290765091776848,0.0019030275288969278,0.05463072657585144,0.015109864063560963,0.020724331960082054,0.013454773463308811,0.019475551322102547,0.029223643243312836,0.024371154606342316,0.01697215810418129,0.025218883529305458,0.01602502167224884,0.028768599033355713,0.037314582616090775,0.025193452835083008,0.03052034042775631,0.01446821354329586,0.016306135803461075,0.026794590055942535,0.02922644093632698,0.01885288767516613,0.03718333691358566,0.011411874555051327,0.01862165331840515,0.015830695629119873,0.01949266716837883,0.021556809544563293,0.022599194198846817,0.015107562765479088,0.04061726853251457,0.023509234189987183,0.020956434309482574,0.01906009018421173,0.013824925757944584,0.021983157843351364,0.025892673060297966,0.0224984809756279,0.025968339294195175,0.023765217512845993,0.017375418916344643,0.058522433042526245,0.023509234189987183,0.019199704751372337,0.07986745983362198,0.020540662109851837,0.044347133487463,0.07883862406015396,0.015283123590052128,0.024906378239393234,0.018283681944012642,0.025228453800082207,0.01906745508313179,0.024963505566120148,0.02614475041627884,0.016963493078947067,0.017035923898220062,0.013625496067106724,0.020650487393140793,0.040147703140974045,0.02457813173532486,0.012778309173882008,0.02701537311077118,0.02153000235557556,0.02277078665792942,0.0033515493851155043,0.07439468055963516,0.01398884505033493,0.023561991751194,0.021664157509803772,0.019160505384206772
0.012606129050254822,0.030665572732686996,0.015002654865384102,0.012417193502187729,0.00976900290697813,0.008304434828460217,0.029131915420293808,0.015962650999426842,0.0179694015532732,0.012320633046329021,0.012012552469968796,0.012013452127575874,0.017608532682061195,0.015107986517250538,0.013683807104825974,0.06325109302997589,0.02644030749797821,0.015010363422334194,0.0,0.014795554801821709,0.012778624892234802,0.014147989451885223,0.037791602313518524,0.01096743531525135,0.01708422601222992,0.015976954251527786,0.012956365942955017,0.0225213672965765,0.017409708350896835,0.012641525827348232,0.01871289499104023,0.01522600557655096,0.0225604809820652,0.026470810174942017,0.018283728510141373,0.023622721433639526,0.012147460132837296,0.013947774656116962,0.02184181846678257,0.016523327678442,0.013183580711483955,0.02609257772564888,0.010499101132154465,0.014401650056242943,0.0053500947542488575,0.015126710757613182,0.01745465025305748,0.015032445080578327,0.013158165849745274,0.02602400630712509,0.015879495069384575,0.016447748988866806,0.015093347057700157,0.012143118306994438,0.014994865283370018,0.017697524279356003,0.01647716388106346,0.01887727901339531,0.015056965872645378,0.013048725202679634,0.05328258499503136,0.015879495069384575,0.014641663059592247,0.06751547008752823,0.009311864152550697,0.026862697675824165,0.06963962316513062,0.01415998674929142,0.01839166134595871,0.012310253456234932,0.0190562941133976,0.014363102614879608,0.01999136433005333,0.022038474678993225,0.0073935105465352535,0.013517111539840698,0.010903021320700645,0.013140697032213211,0.028950342908501625,0.021204356104135513,0.012762947008013725,0.02095157280564308,0.013411436229944229,0.015684600919485092,0.016874101012945175,0.0657854750752449,0.010380351915955544,0.014002025127410889,0.012786541134119034,0.016093699261546135
0.00823830533772707,0.025040239095687866,0.010606473311781883,0.009443716146051884,0.011202140711247921,0.011651847511529922,0.025256458669900894,0.012781994417309761,0.014359784312546253,0.011699107475578785,0.01024259626865387,0.009472513571381569,0.015708452090620995,0.013518321327865124,0.007827699184417725,0.057349734008312225,0.020871374756097794,0.01645292341709137,0.014795554801821709,0.0,0.008225027471780777,0.01591716706752777,0.04484805464744568,0.009367482736706734,0.011175040155649185,0.022139953449368477,0.00969618558883667,0.017807867377996445,0.017814304679632187,0.0059556374326348305,0.012240634299814701,0.013165006414055824,0.01713104173541069,0.02043827623128891,0.011094050481915474,0.01835932396352291,0.009066872298717499,0.009594899602234364,0.01686488464474678,0.018967140465974808,0.009571012109518051,0.02087019756436348,0.006019697058945894,0.01171533390879631,0.014819316565990448,0.012821323238313198,0.011345036327838898,0.01380464993417263,0.010056233033537865,0.0254026148468256,0.014368312433362007,0.011131404899060726,0.012875834479928017,0.013467414304614067,0.01356411911547184,0.013710970059037209,0.01273245271295309,0.01680156961083412,0.01550770178437233,0.011879014782607555,0.047729551792144775,0.014368312433362007,0.011826599948108196,0.061170849949121475,0.014097902923822403,0.03199300915002823,0.060920991003513336,0.009342490695416927,0.01614268869161606,0.012549148872494698,0.013506153598427773,0.008558828383684158,0.022615406662225723,0.013524102047085762,0.014603400602936745,0.00944538414478302,0.008015726692974567,0.01584971882402897,0.024878835305571556,0.01289866678416729,0.009160110726952553,0.014520606026053429,0.014103270135819912,0.012538406997919083,0.01374197006225586,0.060277536511421204,0.008466653525829315,0.01539622712880373,0.008487282320857048,0.010091028176248074
0.004795336164534092,0.02346494421362877,0.0055624679662287235,0.00650813989341259,0.009941130876541138,0.008507047779858112,0.024036936461925507,0.007938820868730545,0.009346987120807171,0.01108535286039114,0.005731984507292509,0.003305908525362611,0.013313847593963146,0.010215110145509243,0.004513077437877655,0.059271205216646194,0.02235880121588707,0.015290765091776848,0.012778624892234802,0.008225027471780777,0.0,0.013656288385391235,0.04739896208047867,0.004104692488908768,0.010942666791379452,0.018314186483621597,0.007511367090046406,0.01615879125893116,0.010364091023802757,0.005295595154166222,0.01204969547688961,0.012328004464507103,0.017040152102708817,0.020349279046058655,0.009704310446977615,0.015902413055300713,0.003079475136473775,0.00782214105129242,0.015507802367210388,0.013920128345489502,0.005708218086510897,0.021949345245957375,0.002835368039086461,0.006101266480982304,0.010467173531651497,0.010826592333614826,0.008188391104340553,0.009999409317970276,0.0031509525142610073,0.026763852685689926,0.010483112186193466,0.009791198186576366,0.00467367097735405,0.013523307628929615,0.010561078786849976,0.011546093970537186,0.011209359392523766,0.01297963596880436,0.012432277202606201,0.009620057418942451,0.047346945852041245,0.010483112186193466,0.006333233322948217,0.06135248392820358,0.010518571361899376,0.03172392025589943,0.06286299228668213,0.004567225929349661,0.014072617515921593,0.01037493348121643,0.008119547739624977,0.006312783807516098,0.022021308541297913,0.012679269537329674,0.009749127551913261,0.004802239593118429,0.004166063386946917,0.012614713981747627,0.02267603389918804,0.010096060112118721,0.006662392523139715,0.012191406451165676,0.011439848691225052,0.008892597630620003,0.01372404582798481,0.062311816960573196,0.0042131152004003525,0.009978462010622025,0.008534063585102558,0.009641434997320175
