0,1,2,3,4,5,6,7,8,9,10,11,12,13,14,15,16,17,18,19,20,21,22,23,24,25,26,27,28,29,30,31,32,33,34,35,36,37,38,39,40,41,42,43,44,45,46,47,48,49,50,51,52,53,54,55,56,57,58,59,60,61,62,63,64,65,66,67,68,69,70,71,72,73,74,75,76,77,78,79,80,81,82,83,84,85,86,87,88,89,90,91,92,93,94,95,96,97,98,99,100,101,102,103,104,105,106
1.0,0.68777525,0.931344,0.93887216,0.8889542,0.7999138,0.8219646,0.9397689,0.9397689,0.9397689,0.9397689,0.91696423,0.8780089,0.8430612,0.89438677,0.9363898,0.82458526,0.9058507,0.85223985,0.9337206,0.919111,0.5203526,0.89705306,0.95253146,0.91935015,0.9234696,0.9543376,0.8785213,0.9288205,0.94397604,0.85702854,0.91815966,0.8239279,0.8632829,0.89279485,0.85465795,0.87948,0.8558436,0.90186,0.9417362,0.95126843,0.8917303,0.8972286,0.8955815,0.86059654,0.8587422,0.89438677,0.96181035,0.7280382,0.6890722,0.82458526,0.94920856,0.93755746,0.8587422,0.8624728,0.7160149,0.9167528,0.8560992,0.87345386,0.9108026,0.91349125,0.690211,0.48106533,0.8587422,0.8250185,0.897833,0.91021633,0.89556694,0.8293262,0.9587405,0.8673373,0.86112124,0.84276485,0.8257758,0.86933506,0.8934448,0.85475373,0.8783915,0.8205093,0.8471848,0.9102454,0.8550387,0.8956712,0.89142144,0.88889605,0.7052239,0.86059654,0.8587422,0.86059654,0.8587422,0.6702404,0.47222444,0.81643546,0.9241019,0.928586,0.96897614,0.9033931,0.92758286,0.8979319,0.900453,0.8108945,0.93153834,0.68990076,0.95106715,0.9284783,0.83648866,0.86596507
0.68777525,1.0000002,0.7025713,0.687724,0.7240491,0.69681925,0.66083026,0.7034653,0.7034653,0.7034653,0.7034653,0.69041973,0.683217,0.65278906,0.65987223,0.68877196,0.65942156,0.68152153,0.6491876,0.71722585,0.7037083,0.46311513,0.6701324,0.7043978,0.6870501,0.7069141,0.68517244,0.7562808,0.70292795,0.68595314,0.6543493,0.70914966,0.66331536,0.7382083,0.70317703,0.7572559,0.71256435,0.6306717,0.73714626,0.69693273,0.6603776,0.7193177,0.72419846,0.7138081,0.6554512,0.65116936,0.65987223,0.7080159,0.58895314,0.9239725,0.65942156,0.6936609,0.6956568,0.65116936,0.6488258,0.8900907,0.6698343,0.64955616,0.7176986,0.70343804,0.6975717,0.91889596,0.46883518,0.65116936,0.6657595,0.7073579,0.693547,0.7409696,0.6794447,0.6841899,0.7286039,0.64937556,0.7077052,0.70800614,0.7166692,0.70773304,0.68669814,0.7277709,0.6592643,0.6433241,0.70640194,0.68433255,0.6990936,0.6968395,0.7104487,0.9498279,0.6554512,0.65116936,0.6554512,0.65116936,0.5076719,0.448291,0.6633648,0.65735316,0.6887818,0.6876601,0.69196564,0.70749867,0.72552806,0.67712975,0.64173466,0.7199125,0.9215785,0.68886054,0.7043859,0.6679511,0.71543896
0.931344,0.7025713,1.0000002,0.98977196,0.9315314,0.79796994,0.81773907,0.99241817,0.99241817,0.99241817,0.99241817,0.90675014,0.897594,0.8058213,0.9574156,0.95196474,0.84300166,0.92546046,0.8171848,0.98594385,0.9504919,0.5088591,0.85078067,0.9485643,0.9928572,0.9852123,0.94231784,0.89545333,0.9863148,0.9357937,0.83077085,0.95693576,0.8217929,0.8782814,0.92145383,0.9052596,0.9079843,0.8317779,0.9060475,0.99218917,0.9362005,0.88822603,0.8862204,0.9060039,0.8195013,0.8262944,0.9574156,0.96637213,0.7497436,0.6849225,0.84300166,0.94620204,0.93321764,0.8262944,0.8197274,0.7393744,0.9604933,0.83589315,0.8584238,0.929449,0.94898665,0.69382405,0.51667297,0.8262944,0.8210112,0.8918091,0.964736,0.92752486,0.8834753,0.9716568,0.9065901,0.8408152,0.8637827,0.81696725,0.91304636,0.9455475,0.93496966,0.8974533,0.8165063,0.83831966,0.9190692,0.82025075,0.87715936,0.8779952,0.9035178,0.7206951,0.8195013,0.8262944,0.8195013,0.8262944,0.7130926,0.46435836,0.8732013,0.9497998,0.9708514,0.96042,0.94956076,0.974236,0.92920065,0.96722007,0.89740574,0.9818784,0.6921739,0.9362256,0.9603236,0.81044924,0.9291632
0.93887216,0.687724,0.98977196,0.9999999,0.9262998,0.7817079,0.8126013,0.99507,0.99507,0.99507,0.99507,0.90758026,0.9037916,0.8020815,0.9667127,0.967766,0.83457017,0.9345257,0.81505907,0.98798466,0.94516194,0.49478906,0.85093284,0.946333,0.9863731,0.9858674,0.948709,0.8901572,0.9878255,0.9426068,0.82714736,0.9526765,0.81605977,0.88207793,0.918907,0.9014081,0.9029858,0.83492494,0.8969587,0.99793863,0.9511507,0.8753482,0.88684404,0.90697443,0.81841725,0.8231453,0.9667127,0.9677289,0.74464166,0.6715879,0.83457017,0.94367397,0.9300791,0.8231453,0.8310058,0.73598665,0.9656366,0.83055604,0.8450883,0.9268739,0.955176,0.6797659,0.5011436,0.8231453,0.81524336,0.88582885,0.9728329,0.9213698,0.8716576,0.9772719,0.89334905,0.83617055,0.86082876,0.81245345,0.91436684,0.9413501,0.917207,0.8856776,0.8071308,0.8346444,0.92033494,0.8187055,0.8753288,0.87609184,0.8990152,0.70644385,0.81841725,0.8231453,0.81841725,0.8231453,0.7221855,0.45148444,0.86984974,0.9647559,0.97622764,0.9659848,0.94564956,0.9726987,0.91846514,0.9656851,0.893294,0.98086536,0.6759519,0.9389242,0.95871663,0.8039838,0.91666543
0.8889542,0.7240491,0.9315314,0.9262998,0.9999999,0.87639403,0.89551836,0.93239415,0.93239415,0.93239415,0.93239415,0.9553607,0.9390805,0.87635237,0.8812523,0.903858,0.8984668,0.93400526,0.8865081,0.9305302,0.956211,0.5123517,0.872193,0.9072822,0.9167632,0.9276215,0.9434787,0.92908597,0.9184559,0.9378565,0.88956404,0.96638286,0.8958127,0.9068046,0.97706574,0.8875932,0.9521554,0.8879185,0.9046196,0.93336546,0.9053854,0.94548196,0.92792594,0.9496577,0.8816215,0.893369,0.8812523,0.92951554,0.7999568,0.7249044,0.8984668,0.8993877,0.94205666,0.893369,0.8726254,0.7529627,0.896215,0.89633226,0.8895693,0.9442209,0.93191695,0.72202104,0.52265525,0.893369,0.8982822,0.95876855,0.9145008,0.97190666,0.9117781,0.91698635,0.95367664,0.8976145,0.9059659,0.8882718,0.9281861,0.93293256,0.8905428,0.9098947,0.8588381,0.88494855,0.9400861,0.8853226,0.92214596,0.9237044,0.94053215,0.7384871,0.8816215,0.893369,0.8816215,0.893369,0.74486184,0.50915027,0.9349328,0.88587743,0.9076502,0.919823,0.889976,0.9196904,0.8909435,0.8957807,0.88920605,0.9284786,0.7264051,0.94274414,0.94763196,0.8639455,0.9286206
0.7999138,0.69681925,0.79796994,0.7817079,0.87639403,1.0,0.95397043,0.80441844,0.80441844,0.80441844,0.80441844,0.8934186,0.8904692,0.9291903,0.6947834,0.7548303,0.915849,0.8631653,0.92704916,0.7950536,0.8624291,0.58117336,0.85663617,0.8255726,0.7541859,0.7719067,0.8400261,0.90017813,0.78584164,0.85922325,0.9271352,0.8662834,0.95543575,0.8011192,0.8986275,0.7849624,0.84463537,0.89466465,0.77255726,0.80408835,0.80855036,0.90373147,0.8679344,0.8522023,0.9317825,0.927816,0.6947834,0.83589673,0.819753,0.733733,0.915849,0.8089974,0.8677152,0.927816,0.89693,0.67463833,0.704488,0.91873354,0.90101653,0.899036,0.84948653,0.7201636,0.4795699,0.927816,0.9562169,0.89665157,0.75544536,0.9111204,0.8180932,0.7775249,0.91119987,0.91181374,0.8870206,0.95512295,0.76984566,0.7855719,0.75302875,0.87190014,0.89945734,0.89912415,0.872062,0.94346654,0.9254551,0.927606,0.8943977,0.6971782,0.9317825,0.927816,0.9317825,0.927816,0.6486029,0.57784235,0.8185745,0.7100775,0.7660913,0.8324312,0.72009796,0.79225385,0.8134034,0.72158176,0.70403475,0.7861895,0.73217475,0.85572374,0.8570273,0.92614317,0.8277435
0.8219646,0.66083026,0.81773907,0.8126013,0.89551836,0.95397043,1.0,0.8264097,0.8264097,0.8264097,0.8264097,0.9268916,0.92502034,0.9665637,0.71267647,0.7805172,0.95223165,0.89797467,0.9728194,0.81209064,0.8796658,0.59230506,0.8831603,0.8502795,0.7739832,0.7888689,0.8698123,0.88720936,0.8018558,0.88830715,0.9601946,0.88671076,0.99804294,0.8256107,0.9284518,0.7935938,0.8754573,0.95310557,0.76804733,0.83185446,0.8481277,0.8867904,0.8996338,0.8862624,0.9704995,0.96881175,0.71267647,0.85603595,0.8747451,0.6973278,0.95223165,0.83290833,0.8884843,0.96881175,0.93133277,0.6487302,0.7264546,0.9545628,0.9126781,0.91911143,0.87305456,0.67939174,0.47983187,0.96881175,0.9971584,0.9128861,0.77813154,0.9094398,0.8481669,0.8058094,0.8823022,0.94695187,0.9183732,0.944188,0.79122055,0.7969029,0.7495945,0.8909725,0.8926418,0.94176704,0.90624356,0.95849866,0.94941676,0.9538223,0.9250984,0.6642688,0.9704995,0.96881175,0.9704995,0.96881175,0.7165391,0.57853293,0.8491002,0.7385753,0.786497,0.86278594,0.73349035,0.80924714,0.7923989,0.73863125,0.7290628,0.7986679,0.6826037,0.8805848,0.8824506,0.9505514,0.8211484
0.9397689,0.7034653,0.99241817,0.99507,0.93239415,0.80441844,0.8264097,0.99999994,0.99999994,0.99999994,0.99999994,0.9139462,0.90792495,0.81362325,0.96429026,0.9636104,0.848747,0.9383094,0.8238259,0.98884857,0.9567803,0.51645374,0.859781,0.95373297,0.987509,0.9886464,0.9494865,0.8994007,0.9882524,0.94493365,0.839992,0.9626794,0.8303822,0.88314193,0.92671776,0.9053129,0.90544796,0.83711797,0.9020762,0.99757206,0.9464364,0.887367,0.8887864,0.9077418,0.8298915,0.8336337,0.96429026,0.9725892,0.7522243,0.68838024,0.848747,0.95066756,0.9374735,0.8336337,0.83615935,0.74368596,0.96330225,0.84216124,0.86109495,0.9399987,0.9587759,0.6953472,0.5184189,0.8336337,0.8321892,0.8953953,0.96909064,0.9318294,0.88373584,0.9746303,0.9090121,0.84709394,0.87121856,0.8272165,0.914698,0.9457911,0.92985356,0.8975319,0.8253177,0.845511,0.9247962,0.83115375,0.88346404,0.8867595,0.90651906,0.7213953,0.8298915,0.8336337,0.8298915,0.8336337,0.7179439,0.4711829,0.87460893,0.9590683,0.9782288,0.9667594,0.94781923,0.97871184,0.93146944,0.96759987,0.89470816,0.9842398,0.6928086,0.94330645,0.9640218,0.8163274,0.9275358
0.9397689,0.7034653,0.99241817,0.99507,0.93239415,0.80441844,0.8264097,0.99999994,0.99999994,0.99999994,0.99999994,0.9139462,0.90792495,0.81362325,0.96429026,0.9636104,0.848747,0.9383094,0.8238259,0.98884857,0.9567803,0.51645374,0.859781,0.95373297,0.987509,0.9886464,0.9494865,0.8994007,0.9882524,0.94493365,0.839992,0.9626794,0.8303822,0.88314193,0.92671776,0.9053129,0.90544796,0.83711797,0.9020762,0.99757206,0.9464364,0.887367,0.8887864,0.9077418,0.8298915,0.8336337,0.96429026,0.9725892,0.7522243,0.68838024,0.848747,0.95066756,0.9374735,0.8336337,0.83615935,0.74368596,0.96330225,0.84216124,0.86109495,0.9399987,0.9587759,0.6953472,0.5184189,0.8336337,0.8321892,0.8953953,0.96909064,0.9318294,0.88373584,0.9746303,0.9090121,0.84709394,0.87121856,0.8272165,0.914698,0.9457911,0.92985356,0.8975319,0.8253177,0.845511,0.9247962,0.83115375,0.88346404,0.8867595,0.90651906,0.7213953,0.8298915,0.8336337,0.8298915,0.8336337,0.7179439,0.4711829,0.87460893,0.9590683,0.9782288,0.9667594,0.94781923,0.97871184,0.93146944,0.96759987,0.89470816,0.9842398,0.6928086,0.94330645,0.9640218,0.8163274,0.9275358
0.9397689,0.7034653,0.99241817,0.99507,0.93239415,0.80441844,0.8264097,0.99999994,0.99999994,0.99999994,0.99999994,0.9139462,0.90792495,0.81362325,0.96429026,0.9636104,0.848747,0.9383094,0.8238259,0.98884857,0.9567803,0.51645374,0.859781,0.95373297,0.987509,0.9886464,0.9494865,0.8994007,0.9882524,0.94493365,0.839992,0.9626794,0.8303822,0.88314193,0.92671776,0.9053129,0.90544796,0.83711797,0.9020762,0.99757206,0.9464364,0.887367,0.8887864,0.9077418,0.8298915,0.8336337,0.96429026,0.9725892,0.7522243,0.68838024,0.848747,0.95066756,0.9374735,0.8336337,0.83615935,0.74368596,0.96330225,0.84216124,0.86109495,0.9399987,0.9587759,0.6953472,0.5184189,0.8336337,0.8321892,0.8953953,0.96909064,0.9318294,0.88373584,0.9746303,0.9090121,0.84709394,0.87121856,0.8272165,0.914698,0.9457911,0.92985356,0.8975319,0.8253177,0.845511,0.9247962,0.83115375,0.88346404,0.8867595,0.90651906,0.7213953,0.8298915,0.8336337,0.8298915,0.8336337,0.7179439,0.4711829,0.87460893,0.9590683,0.9782288,0.9667594,0.94781923,0.97871184,0.93146944,0.96759987,0.89470816,0.9842398,0.6928086,0.94330645,0.9640218,0.8163274,0.9275358
0.9397689,0.7034653,0.99241817,0.99507,0.93239415,0.80441844,0.8264097,0.99999994,0.99999994,0.99999994,0.99999994,0.9139462,0.90792495,0.81362325,0.96429026,0.9636104,0.848747,0.9383094,0.8238259,0.98884857,0.9567803,0.51645374,0.859781,0.95373297,0.987509,0.9886464,0.9494865,0.8994007,0.9882524,0.94493365,0.839992,0.9626794,0.8303822,0.88314193,0.92671776,0.9053129,0.90544796,0.83711797,0.9020762,0.99757206,0.9464364,0.887367,0.8887864,0.9077418,0.8298915,0.8336337,0.96429026,0.9725892,0.7522243,0.68838024,0.848747,0.95066756,0.9374735,0.8336337,0.83615935,0.74368596,0.96330225,0.84216124,0.86109495,0.9399987,0.9587759,0.6953472,0.5184189,0.8336337,0.8321892,0.8953953,0.96909064,0.9318294,0.88373584,0.9746303,0.9090121,0.84709394,0.87121856,0.8272165,0.914698,0.9457911,0.92985356,0.8975319,0.8253177,0.845511,0.9247962,0.83115375,0.88346404,0.8867595,0.90651906,0.7213953,0.8298915,0.8336337,0.8298915,0.8336337,0.7179439,0.4711829,0.87460893,0.9590683,0.9782288,0.9667594,0.94781923,0.97871184,0.93146944,0.96759987,0.89470816,0.9842398,0.6928086,0.94330645,0.9640218,0.8163274,0.9275358
0.91696423,0.69041973,0.90675014,0.90758026,0.9553607,0.8934186,0.9268916,0.9139462,0.9139462,0.9139462,0.9139462,1.0000002,0.9472333,0.9438115,0.8498019,0.89437795,0.9219536,0.94588244,0.95517385,0.9019021,0.9511069,0.5557123,0.9188054,0.9203829,0.8859681,0.8942747,0.96663547,0.91334367,0.8945584,0.9643825,0.95881474,0.9541248,0.92612934,0.8921458,0.9793619,0.84705263,0.94864225,0.95152247,0.8788985,0.9163443,0.93699676,0.95596933,0.9421337,0.95563257,0.9528245,0.9632409,0.8498019,0.93758905,0.82869524,0.7074989,0.9219536,0.9178999,0.972811,0.9632409,0.934242,0.7134713,0.87687516,0.96368945,0.92352283,0.9544485,0.922724,0.69868,0.509208,0.9632409,0.9307304,0.9623341,0.8878707,0.9599252,0.8979785,0.9239055,0.9321046,0.9630753,0.91734636,0.89599615,0.8980883,0.91331387,0.85418975,0.9268405,0.8927681,0.940508,0.9633335,0.9360748,0.9601992,0.96740556,0.96851313,0.7007252,0.9528245,0.9632409,0.9528245,0.9632409,0.744562,0.5335338,0.90804607,0.8761617,0.89615726,0.94055355,0.8645015,0.9057899,0.869398,0.87065035,0.84899896,0.89818716,0.69927144,0.96936095,0.944607,0.9201582,0.8929951
0.8780089,0.683217,0.897594,0.9037916,0.9390805,0.8904692,0.92502034,0.90792495,0.90792495,0.90792495,0.90792495,0.9472333,0.9999999,0.8975663,0.8323475,0.87568223,0.9232834,0.94734746,0.9145343,0.89471585,0.9259467,0.54404354,0.9154401,0.899795,0.87347,0.88437504,0.9131701,0.91173124,0.8871347,0.9211724,0.9180987,0.93152034,0.9267475,0.8953855,0.9594537,0.8550756,0.92338705,0.92993,0.8357969,0.9129614,0.9021286,0.88938344,0.9125376,0.9329845,0.90730125,0.92044926,0.8323475,0.902334,0.8584858,0.6984709,0.9232834,0.8927624,0.9152124,0.92044926,0.89926654,0.6961769,0.8286131,0.92289555,0.8809746,0.9439795,0.9342901,0.6906574,0.47065586,0.92044926,0.92786884,0.91581684,0.87727845,0.9465361,0.8980098,0.882453,0.91649115,0.9253497,0.9244351,0.9172014,0.86847305,0.8896119,0.8336608,0.8817861,0.86413753,0.9125604,0.93207574,0.9162071,0.93684727,0.9433487,0.93535894,0.6875825,0.90730125,0.92044926,0.90730125,0.92044926,0.77238846,0.51049376,0.9016996,0.84095776,0.8742357,0.9056801,0.83929646,0.8867508,0.845133,0.83905065,0.8416957,0.8815767,0.68335176,0.9108708,0.9314712,0.88281274,0.8920712
0.8430612,0.65278906,0.8058213,0.8020815,0.87635237,0.9291903,0.9665637,0.81362325,0.81362325,0.81362325,0.81362325,0.9438115,0.8975663,1.0000001,0.70773166,0.7791334,0.912148,0.8765991,0.9911961,0.79899716,0.8644544,0.5794762,0.8835845,0.8442879,0.7663804,0.7760808,0.8859732,0.8710637,0.7954025,0.9024675,0.9746443,0.86889464,0.96676624,0.81112456,0.91024673,0.76014286,0.8748889,0.95887005,0.76908857,0.8187028,0.8594239,0.90805054,0.9053896,0.88500714,0.9901225,0.9875342,0.70773166,0.8675291,0.8445616,0.6848289,0.912148,0.82970786,0.9121078,0.9875342,0.9365883,0.6338468,0.74144363,0.96886903,0.92476416,0.8998833,0.85306406,0.66863227,0.46132937,0.9875342,0.96191007,0.92068464,0.77376854,0.8869053,0.80730814,0.8218039,0.85760546,0.9576011,0.88761675,0.9205674,0.7887723,0.7864426,0.73404336,0.9064719,0.88559854,0.93597,0.91748476,0.97046834,0.95861524,0.96274054,0.93109083,0.6538095,0.9901225,0.9875342,0.9901225,0.9875342,0.67996883,0.55213964,0.8192541,0.75003976,0.7867255,0.87745196,0.73156255,0.8076089,0.7933764,0.7410245,0.7031306,0.78786767,0.6727419,0.8996051,0.87088877,0.9718125,0.79981047
0.89438677,0.65987223,0.9574156,0.9667127,0.8812523,0.6947834,0.71267647,0.96429026,0.96429026,0.96429026,0.96429026,0.8498019,0.8323475,0.70773166,0.99999964,0.96141446,0.7664218,0.89467424,0.72007,0.9625216,0.912236,0.44405314,0.7863879,0.9048473,0.9737687,0.97535825,0.90618795,0.8254796,0.9609252,0.8892317,0.7437346,0.9154637,0.7166854,0.84126925,0.8660091,0.8710652,0.85735786,0.74697554,0.8761494,0.9587488,0.912428,0.8234842,0.81632596,0.8512131,0.7263015,0.7342727,0.99999964,0.9251276,0.6735906,0.63450557,0.7664218,0.9152497,0.88113666,0.7342727,0.75257134,0.7282952,0.9691035,0.7510558,0.782169,0.87033165,0.9050119,0.64920235,0.48457807,0.7342727,0.7198256,0.8261864,0.9665135,0.87241524,0.8524401,0.94796497,0.8534472,0.75857395,0.8057644,0.7220157,0.9010023,0.932837,0.9273629,0.8273952,0.74576175,0.765698,0.8642521,0.7285984,0.79485095,0.8002333,0.8373425,0.68072534,0.7263015,0.7342727,0.7263015,0.7342727,0.6885241,0.40109897,0.8428909,0.97393495,0.958469,0.9088943,0.95074725,0.94734466,0.8962375,0.9684576,0.9018394,0.9648179,0.6414219,0.89182913,0.9118978,0.71095127,0.89738846
0.9363898,0.68877196,0.95196474,0.967766,0.903858,0.7548303,0.7805172,0.9636104,0.9636104,0.9636104,0.9636104,0.89437795,0.87568223,0.7791334,0.96141446,1.0000001,0.80254686,0.92735445,0.78999215,0.9649792,0.92600596,0.4849559,0.8525269,0.9339774,0.95733345,0.96639454,0.93722314,0.87126476,0.9559314,0.92551935,0.8036841,0.9286662,0.781948,0.87218714,0.8958943,0.88879275,0.88395107,0.8083124,0.8955306,0.96221226,0.9406645,0.8629848,0.8675679,0.89134026,0.7979784,0.7991058,0.96141446,0.9471179,0.71810997,0.6769459,0.80254686,0.93666303,0.9103767,0.7991058,0.8293096,0.75238544,0.9538785,0.80561566,0.8324292,0.9018078,0.9302331,0.683582,0.48915642,0.7991058,0.7856178,0.8713582,0.96546435,0.9043149,0.8613384,0.9596143,0.86749274,0.8115897,0.8517208,0.7947018,0.9114558,0.9395259,0.894279,0.86101604,0.7793053,0.8104249,0.90525854,0.8029629,0.85443157,0.8564981,0.8814869,0.71102405,0.7979784,0.7991058,0.7979784,0.7991058,0.7070187,0.43300653,0.8557563,0.966768,0.9500278,0.9389481,0.93879557,0.9415914,0.901144,0.9405563,0.8769884,0.9622911,0.67856866,0.9241482,0.9279971,0.775125,0.89451087
0.82458526,0.65942156,0.84300166,0.83457017,0.8984668,0.915849,0.95223165,0.848747,0.848747,0.848747,0.848747,0.9219536,0.9232834,0.912148,0.7664218,0.80254686,1.0000001,0.9229737,0.9274393,0.8303807,0.9133412,0.5824444,0.88752645,0.87056404,0.80754775,0.81758165,0.88133216,0.8763986,0.8206352,0.8921093,0.946908,0.90865535,0.9525099,0.83493865,0.9300185,0.8184345,0.8885049,0.9327806,0.7903439,0.85119915,0.8614443,0.8757341,0.8876806,0.88775307,0.925142,0.9345468,0.7664218,0.86283815,0.8836154,0.69664025,1.0000001,0.86996406,0.89808583,0.9345468,0.906739,0.66359985,0.75716364,0.9473515,0.890879,0.93723905,0.88448554,0.68766654,0.50590163,0.9345468,0.9591389,0.9027364,0.7954903,0.91160554,0.8896133,0.8236109,0.9004407,0.9489595,0.9178482,0.90558404,0.82006925,0.828222,0.8062708,0.8874915,0.9225133,0.97424275,0.895771,0.9173101,0.9231291,0.9325257,0.9178196,0.6624696,0.925142,0.9345468,0.925142,0.9345468,0.7492193,0.5757072,0.87877357,0.768985,0.8227415,0.8660839,0.7768928,0.84176046,0.8148493,0.78409517,0.77462035,0.8243203,0.6881198,0.88842857,0.9011809,0.911276,0.8438112
0.9058507,0.68152153,0.92546046,0.9345257,0.93400526,0.8631653,0.89797467,0.9383094,0.9383094,0.9383094,0.9383094,0.94588244,0.94734746,0.8765991,0.89467424,0.92735445,0.9229737,0.9999999,0.89186156,0.92464757,0.9628264,0.54485387,0.8946029,0.92195404,0.91205394,0.9223844,0.94833624,0.89638233,0.9172788,0.95648724,0.910181,0.95907545,0.8993695,0.88771135,0.9504963,0.86195123,0.9282998,0.9150679,0.8608509,0.9397168,0.9375657,0.8917029,0.91346955,0.9339868,0.89471376,0.90229416,0.89467424,0.932539,0.8326317,0.6966994,0.9229737,0.923428,0.9392108,0.90229416,0.9210284,0.72254634,0.8826885,0.91276985,0.8814859,0.96436054,0.96487224,0.69892204,0.48682454,0.90229416,0.90466845,0.92162716,0.9213245,0.9444179,0.90507114,0.92032206,0.91756123,0.917653,0.9206529,0.8801241,0.90332174,0.9268737,0.87456435,0.90008634,0.8771439,0.9184043,0.9371545,0.8931473,0.9195341,0.92475075,0.9329939,0.69757795,0.89471376,0.90229416,0.89471376,0.90229416,0.7708782,0.4990794,0.91677964,0.9030196,0.91167986,0.9309128,0.8760268,0.91481423,0.881996,0.88522846,0.8625055,0.91798586,0.6932808,0.9430842,0.9530617,0.86812425,0.90768063
0.85223985,0.6491876,0.8171848,0.81505907,0.8865081,0.92704916,0.9728194,0.8238259,0.8238259,0.8238259,0.8238259,0.95517385,0.9145343,0.9911961,0.72007,0.78999215,0.9274393,0.89186156,1.0000001,0.8102104,0.8742093,0.5789468,0.89328825,0.85872805,0.7776003,0.78757095,0.89636767,0.8788325,0.8041545,0.9087676,0.97945255,0.87913513,0.9693415,0.82159376,0.9224353,0.7766689,0.8869234,0.97742116,0.78203744,0.8308729,0.87364066,0.9112421,0.91372824,0.89896154,0.99141496,0.9968556,0.72007,0.87347966,0.8584206,0.68410057,0.9274393,0.84683204,0.915636,0.9968556,0.9436561,0.6397177,0.7492547,0.9807809,0.9233172,0.90918267,0.8624607,0.6662237,0.46779665,0.9968556,0.9689861,0.9260685,0.7842879,0.8979174,0.8286208,0.83248204,0.8686222,0.97156316,0.9041723,0.92031884,0.7957251,0.8022271,0.74572814,0.8989438,0.89163154,0.949354,0.9234076,0.9691632,0.9630389,0.9674929,0.9404943,0.6515138,0.99141496,0.9968556,0.99141496,0.9968556,0.7058878,0.5591444,0.8318102,0.7594863,0.79405355,0.8850801,0.7468525,0.8139162,0.79849434,0.7496432,0.7238849,0.7995387,0.6693087,0.9074147,0.88391507,0.96636343,0.8057904
0.9337206,0.71722585,0.98594385,0.98798466,0.9305302,0.7950536,0.81209064,0.98884857,0.98884857,0.98884857,0.98884857,0.9019021,0.89471585,0.79899716,0.9625216,0.9649792,0.8303807,0.92464757,0.8102104,1.0,0.9424261,0.50223404,0.8430007,0.9535153,0.98153764,0.9941306,0.93765086,0.9052002,0.9878479,0.9281796,0.8196348,0.95190954,0.8147862,0.8875669,0.9177809,0.9156532,0.903121,0.8234169,0.9071044,0.98834133,0.9351239,0.8861216,0.8858359,0.9047004,0.8127276,0.8177387,0.9625216,0.971476,0.7348017,0.6961034,0.8303807,0.94562715,0.9226423,0.8177387,0.82525903,0.7606621,0.9571878,0.8234533,0.85232186,0.922969,0.9469272,0.7044853,0.52121574,0.8177387,0.8155954,0.8855167,0.9730389,0.9307589,0.8762433,0.9652469,0.90432966,0.82743096,0.8682576,0.82620794,0.9149058,0.93949723,0.92105055,0.8884422,0.80632097,0.8259349,0.916904,0.8178875,0.87164986,0.8739469,0.8978269,0.7366307,0.8127276,0.8177387,0.8127276,0.8177387,0.707057,0.47017238,0.86419606,0.9573531,0.96588004,0.9556646,0.94319785,0.96853507,0.9332026,0.9580974,0.8883406,0.99081665,0.7027768,0.93020225,0.952979,0.80097955,0.92231905
0.919111,0.7037083,0.9504919,0.94516194,0.956211,0.8624291,0.8796658,0.9567803,0.9567803,0.9567803,0.9567803,0.9511069,0.9259467,0.8644544,0.912236,0.92600596,0.9133412,0.9628264,0.8742093,0.9424261,1.0,0.5418709,0.8837088,0.9381155,0.937757,0.94385463,0.9684175,0.9077358,0.9378127,0.9640211,0.9000994,0.99309003,0.88177276,0.8938078,0.96122086,0.8781151,0.933881,0.8778124,0.89918983,0.95366764,0.926724,0.9291441,0.91379017,0.93538076,0.88057745,0.88653576,0.912236,0.9488027,0.79816365,0.7118904,0.9133412,0.9378257,0.96728206,0.88653576,0.8840211,0.7435241,0.9149575,0.9018832,0.8883537,0.9873091,0.95643806,0.71474063,0.52100116,0.88653576,0.8894896,0.9381598,0.9217088,0.9615262,0.90612954,0.93661547,0.94853425,0.9045415,0.89509153,0.87074065,0.9326172,0.93446475,0.9156904,0.9151788,0.8843669,0.9060731,0.927977,0.8797583,0.91207564,0.918453,0.92986596,0.72107553,0.88057745,0.88653576,0.88057745,0.88653576,0.7196104,0.5102681,0.915921,0.9113978,0.93896586,0.94224054,0.9119217,0.9449023,0.9064071,0.9239109,0.8749931,0.94665885,0.71194315,0.9692316,0.9663776,0.85763335,0.9177903
0.5203526,0.46311513,0.5088591,0.49478906,0.5123517,0.58117336,0.59230506,0.51645374,0.51645374,0.51645374,0.51645374,0.5557123,0.54404354,0.5794762,0.44405314,0.4849559,0.5824444,0.54485387,0.5789468,0.50223404,0.5418709,0.9999997,0.59218764,0.5531831,0.48428303,0.48991066,0.5198649,0.56137943,0.50577366,0.5260124,0.58784246,0.54051566,0.5894236,0.5009517,0.5464024,0.5018141,0.5034202,0.5684235,0.48168576,0.5100089,0.5207447,0.532148,0.5225805,0.5038294,0.5860555,0.5773659,0.44405314,0.5346417,0.5714544,0.48546445,0.5824444,0.5519593,0.54846394,0.5773659,0.55475557,0.41797763,0.44220644,0.57618004,0.5947816,0.5697875,0.52548385,0.4847513,0.67930645,0.5773659,0.59923744,0.51354533,0.47709247,0.5510997,0.54112107,0.5010511,0.52933383,0.5759132,0.5757227,0.56729853,0.473026,0.49617273,0.4897337,0.57726413,0.5590915,0.5869229,0.54496133,0.57652056,0.56723547,0.5822207,0.56688154,0.4788412,0.5860555,0.5773659,0.5860555,0.5773659,0.4861334,0.79003507,0.4798731,0.45751798,0.49857926,0.53240466,0.44715342,0.5185647,0.49770492,0.46731204,0.42925906,0.49818683,0.47994432,0.53227377,0.5509871,0.5999572,0.50420797
0.89705306,0.6701324,0.85078067,0.85093284,0.872193,0.85663617,0.8831603,0.859781,0.859781,0.859781,0.859781,0.9188054,0.9154401,0.8835845,0.7863879,0.8525269,0.88752645,0.8946029,0.89328825,0.8430007,0.8837088,0.59218764,0.99999976,0.8954279,0.82566905,0.8283194,0.8970967,0.86890537,0.83951885,0.8936713,0.9032799,0.8804481,0.88530934,0.84815085,0.90106463,0.819354,0.8691158,0.90107906,0.8188249,0.8616998,0.9069242,0.87021625,0.8822595,0.8820837,0.89584947,0.89853597,0.7863879,0.8794168,0.81779915,0.700921,0.88752645,0.8969129,0.9024743,0.89853597,0.88680565,0.6737672,0.8003533,0.901425,0.8985343,0.8991035,0.87315375,0.69178355,0.4904761,0.89853597,0.8884903,0.8897394,0.8280668,0.88902223,0.86051595,0.86696506,0.86172503,0.9108932,0.8943892,0.8633793,0.8153944,0.853006,0.7975606,0.880957,0.8580417,0.90584457,0.90793574,0.90773076,0.93201864,0.93661416,0.91827565,0.68262064,0.89584947,0.89853597,0.89584947,0.89853597,0.7214862,0.52644145,0.8232546,0.8164269,0.8431316,0.8923527,0.80777687,0.85514784,0.8235024,0.80430746,0.7708618,0.8418944,0.6882974,0.8969196,0.8920434,0.8779483,0.8428111
0.95253146,0.7043978,0.9485643,0.946333,0.9072822,0.8255726,0.8502795,0.95373297,0.95373297,0.95373297,0.95373297,0.9203829,0.899795,0.8442879,0.9048473,0.9339774,0.87056404,0.92195404,0.85872805,0.9535153,0.9381155,0.5531831,0.8954279,1.0000001,0.93226916,0.9436071,0.93957907,0.9035387,0.94528824,0.93034333,0.8682008,0.9352662,0.8511107,0.875065,0.9114046,0.8928053,0.8854319,0.8671626,0.89163184,0.9526113,0.9477328,0.8905871,0.89008033,0.9002517,0.8627998,0.86517626,0.9048473,0.9707372,0.76592815,0.70044893,0.87056404,0.99194527,0.93070954,0.86517626,0.86244583,0.73456526,0.91197085,0.8691265,0.89125854,0.93318486,0.9234717,0.7001714,0.5340369,0.86517626,0.8562885,0.89565,0.9169717,0.9171501,0.8708643,0.95206296,0.88808715,0.8741038,0.89059705,0.8487023,0.8762587,0.90862536,0.88497233,0.89500666,0.83673656,0.87570375,0.9216287,0.861204,0.9024929,0.9090269,0.91445005,0.7286341,0.8627998,0.86517626,0.8627998,0.86517626,0.70628375,0.5146359,0.8384764,0.91825104,0.9365686,0.9649849,0.9128078,0.9376811,0.91442,0.911286,0.8376802,0.95225316,0.7094685,0.9368453,0.9445177,0.846409,0.89391685
0.91935015,0.6870501,0.9928572,0.9863731,0.9167632,0.7541859,0.7739832,0.987509,0.987509,0.987509,0.987509,0.8859681,0.87347,0.7663804,0.9737687,0.95733345,0.80754775,0.91205394,0.7776003,0.98153764,0.937757,0.48428303,0.82566905,0.93226916,1.0,0.9897225,0.93147314,0.86691463,0.9820547,0.91978097,0.79658306,0.94345975,0.777569,0.8644649,0.900515,0.8959776,0.8932966,0.79674,0.8995611,0.98350036,0.9243975,0.8660215,0.85994446,0.8865559,0.78156143,0.7895327,0.9737687,0.9549425,0.72050303,0.6620166,0.80754775,0.93546534,0.91666836,0.7895327,0.78554106,0.7317706,0.97407687,0.8030933,0.82950175,0.90661085,0.9357748,0.6738032,0.51166975,0.7895327,0.77867466,0.8688462,0.9702315,0.9059342,0.8750231,0.9704514,0.8887985,0.8094001,0.8380089,0.7758924,0.91209614,0.9482546,0.93655455,0.8724512,0.7847524,0.80758476,0.9014591,0.782112,0.84438455,0.8469171,0.8805768,0.7051811,0.78156143,0.7895327,0.78156143,0.7895327,0.70846236,0.43709725,0.8659241,0.9619206,0.97161996,0.94383687,0.96039265,0.9715762,0.921,0.97687685,0.9096105,0.9816259,0.67164946,0.9210558,0.9445998,0.77058154,0.923069
0.9234696,0.7069141,0.9852123,0.9858674,0.9276215,0.7719067,0.7888689,0.9886464,0.9886464,0.9886464,0.9886464,0.8942747,0.88437504,0.7760808,0.97535825,0.96639454,0.81758165,0.9223844,0.78757095,0.9941306,0.94385463,0.48991066,0.8283194,0.9436071,0.9897225,1.0000001,0.93370414,0.88673854,0.9852559,0.9213953,0.8031199,0.95135313,0.7911505,0.8810867,0.9128497,0.90974975,0.9011523,0.8054943,0.90758824,0.98416686,0.9254974,0.87735415,0.86987257,0.89675367,0.7903566,0.79850465,0.97535825,0.9637575,0.7253052,0.6821128,0.81758165,0.942041,0.91786265,0.79850465,0.80093753,0.756395,0.9677036,0.8096965,0.8349428,0.9168509,0.94216776,0.69270945,0.52031076,0.79850465,0.7947003,0.87655914,0.9757625,0.9230394,0.8842438,0.9646545,0.902915,0.8153864,0.8549122,0.7990807,0.9191737,0.9493915,0.93563193,0.8761349,0.79293984,0.8134519,0.9088695,0.79357,0.85088265,0.85589576,0.88820434,0.7252381,0.7903566,0.79850465,0.7903566,0.79850465,0.7137767,0.4536835,0.87218,0.96325356,0.9695144,0.9437543,0.9563391,0.9713441,0.9321675,0.9696758,0.90680337,0.9918646,0.6924329,0.92426157,0.94988817,0.7780385,0.9278791
0.9543376,0.68517244,0.94231784,0.948709,0.9434787,0.8400261,0.8698123,0.9494865,0.9494865,0.9494865,0.9494865,0.96663547,0.9131701,0.8859732,0.90618795,0.93722314,0.88133216,0.94833624,0.89636767,0.93765086,0.9684175,0.5198649,0.8970967,0.93957907,0.93147314,0.93370414,0.99999976,0.8969723,0.93418396,0.98887765,0.9050184,0.97310054,0.8703566,0.8875147,0.94754124,0.86053765,0.9357208,0.89881045,0.90077895,0.95164084,0.96324813,0.943252,0.93522644,0.9437582,0.9040858,0.9047784,0.90618795,0.9682256,0.77046835,0.6914159,0.88133216,0.93843025,0.98795694,0.9047784,0.9047065,0.728645,0.9329729,0.90439177,0.9037097,0.953062,0.93713343,0.69340205,0.49861437,0.9047784,0.8733386,0.9533941,0.92422414,0.9431645,0.8685038,0.9691863,0.9178035,0.90845376,0.88132924,0.8532107,0.9223253,0.92822444,0.8823254,0.9226845,0.8737623,0.9051351,0.9437665,0.89735925,0.9332488,0.9331474,0.9399685,0.702133,0.9040858,0.9047784,0.9040858,0.9047784,0.7079581,0.4894579,0.8917704,0.9367429,0.9377191,0.9720387,0.91137755,0.9388622,0.9010968,0.919959,0.86146116,0.9375715,0.6896592,0.9968506,0.9606311,0.8696263,0.89059055
0.8785213,0.7562808,0.89545333,0.8901572,0.92908597,0.90017813,0.88720936,0.8994007,0.8994007,0.8994007,0.8994007,0.91334367,0.91173124,0.8710637,0.8254796,0.87126476,0.8763986,0.89638233,0.8788325,0.9052002,0.9077358,0.56137943,0.86890537,0.9035387,0.86691463,0.88673854,0.8969723,0.9999999,0.9036306,0.9047765,0.8757946,0.9188493,0.88717765,0.8886749,0.92280537,0.87844753,0.8924248,0.86337906,0.8733685,0.90170527,0.87786394,0.9200051,0.90473,0.8985205,0.8752511,0.87755525,0.8254796,0.91109735,0.79060346,0.7600264,0.8763986,0.8871598,0.90851724,0.87755525,0.8626271,0.7754429,0.8275541,0.87597686,0.8924525,0.9181759,0.9012622,0.7575598,0.5369803,0.87755525,0.8884935,0.90558624,0.88341504,0.9529722,0.85816395,0.8776053,0.9295227,0.8747446,0.8953905,0.9316925,0.8751881,0.8706746,0.83995485,0.889316,0.85396934,0.86316264,0.9038426,0.88891774,0.9147171,0.9153622,0.91365564,0.76538444,0.8752511,0.87755525,0.8752511,0.87755525,0.6740874,0.5567689,0.8475828,0.8345549,0.87444687,0.9022874,0.844061,0.89113057,0.8788955,0.8457329,0.80443597,0.89777285,0.76262593,0.9029781,0.935468,0.89373976,0.87549603
0.9288205,0.70292795,0.9863148,0.9878255,0.9184559,0.78584164,0.8018558,0.9882524,0.9882524,0.9882524,0.9882524,0.8945584,0.8871347,0.7954025,0.9609252,0.9559314,0.8206352,0.9172788,0.8041545,0.9878479,0.9378127,0.50577366,0.83951885,0.94528824,0.9820547,0.9852559,0.93418396,0.9036306,1.0,0.92860353,0.81604314,0.94611216,0.80497503,0.87831473,0.9068452,0.90354574,0.89501894,0.8174658,0.9015484,0.9880899,0.9313344,0.8768822,0.87620676,0.89334756,0.80811,0.8114668,0.9609252,0.9675176,0.73417425,0.68404526,0.8206352,0.9382888,0.92463505,0.8114668,0.8132401,0.7493039,0.96021104,0.8184583,0.84323555,0.9168519,0.9429405,0.69526845,0.5171983,0.8114668,0.80508196,0.87040806,0.97345114,0.91539633,0.8660265,0.967572,0.89409745,0.82192576,0.8505412,0.8083297,0.90592545,0.932996,0.9225726,0.8860235,0.80539906,0.8201185,0.9135692,0.80768204,0.86216897,0.8655303,0.8921347,0.72310853,0.80811,0.8114668,0.80811,0.8114668,0.70572966,0.46169505,0.8533068,0.9552134,0.9712588,0.9572216,0.940172,0.9722383,0.9331316,0.9648265,0.8843435,0.98372877,0.6921866,0.92806804,0.96260273,0.8102613,0.9191126
0.94397604,0.68595314,0.9357937,0.9426068,0.9378565,0.85922325,0.88830715,0.94493365,0.94493365,0.94493365,0.94493365,0.9643825,0.9211724,0.9024675,0.8892317,0.92551935,0.8921093,0.95648724,0.9087676,0.9281796,0.9640211,0.5260124,0.8936713,0.93034333,0.91978097,0.9213953,0.98887765,0.9047765,0.92860353,1.0,0.9177208,0.9679064,0.89021355,0.8830255,0.9461858,0.8509868,0.9315987,0.9061035,0.88689137,0.9479536,0.95855594,0.93456227,0.935586,0.94114304,0.91833866,0.9141916,0.8892317,0.96423614,0.7803732,0.6946235,0.8921093,0.9262879,0.985674,0.9141916,0.9162597,0.72309506,0.91628677,0.9127976,0.911288,0.95700705,0.946496,0.6951489,0.48678258,0.9141916,0.89022404,0.95107985,0.91907346,0.94352305,0.85867006,0.95914483,0.9167824,0.91434145,0.8858891,0.8718381,0.9131042,0.9179734,0.8658822,0.92775214,0.8823374,0.91282874,0.94654185,0.911138,0.94278616,0.94212466,0.94106543,0.6978378,0.91833866,0.9141916,0.91833866,0.9141916,0.7037225,0.490058,0.88848907,0.9218968,0.92916983,0.9705232,0.89394855,0.92866546,0.89173377,0.90684795,0.8450471,0.92389584,0.6902005,0.9898888,0.9607527,0.89282507,0.8867363
0.85702854,0.6543493,0.83077085,0.82714736,0.88956404,0.9271352,0.9601946,0.839992,0.839992,0.839992,0.839992,0.95881474,0.9180987,0.9746443,0.7437346,0.8036841,0.946908,0.910181,0.97945255,0.8196348,0.9000994,0.58784246,0.9032799,0.8682008,0.79658306,0.8031199,0.9050184,0.8757946,0.81604314,0.9177208,0.99999994,0.89402544,0.96007836,0.82799053,0.9291825,0.78340656,0.895877,0.9627159,0.78266907,0.8428992,0.8763274,0.91133904,0.91056764,0.9023425,0.98666894,0.98648584,0.7437346,0.88045233,0.85173506,0.68798745,0.946908,0.8636091,0.92846954,0.98648584,0.9508147,0.6393293,0.76532674,0.9926063,0.92018116,0.9312435,0.87766814,0.671759,0.49080765,0.98648584,0.96373665,0.9285972,0.7955429,0.90480477,0.8440721,0.8417816,0.8905217,0.9864599,0.89574647,0.9153925,0.8112336,0.81756026,0.772614,0.9091313,0.9208311,0.9691497,0.9305949,0.96237624,0.95854336,0.9665833,0.93984735,0.6559352,0.98666894,0.98648584,0.98666894,0.98648584,0.70467097,0.5642197,0.8466942,0.7749007,0.82051104,0.8882892,0.76675403,0.8382511,0.8152432,0.7775797,0.7331864,0.81280124,0.6791113,0.9166604,0.8918577,0.9598042,0.82151955
0.91815966,0.70914966,0.95693576,0.9526765,0.96638286,0.8662834,0.88671076,0.9626794,0.9626794,0.9626794,0.9626794,0.9541248,0.93152034,0.86889464,0.9154637,0.9286662,0.90865535,0.95907545,0.87913513,0.95190954,0.99309003,0.54051566,0.8804481,0.9352662,0.94345975,0.95135313,0.97310054,0.9188493,0.94611216,0.9679064,0.89402544,0.9999999,0.88787097,0.90152526,0.9683079,0.8879189,0.9405321,0.88117397,0.9038949,0.9609146,0.9290944,0.9373728,0.9208577,0.9392405,0.88299906,0.88907707,0.9154637,0.95303655,0.8002989,0.71595633,0.90865535,0.93019986,0.971995,0.88907707,0.8831908,0.75209814,0.9208963,0.8964447,0.8952864,0.97794044,0.95417607,0.7186941,0.5241283,0.88907707,0.89413416,0.9415049,0.93091094,0.97006637,0.90867215,0.94169044,0.9513114,0.89832526,0.90596616,0.8758456,0.94047415,0.9375726,0.91766655,0.9227339,0.88065505,0.9036958,0.93228424,0.8833932,0.9178346,0.92352796,0.9376069,0.72571665,0.88299906,0.88907707,0.88299906,0.88907707,0.72465783,0.51455796,0.9258158,0.91689247,0.9370626,0.94536656,0.91332054,0.94719005,0.90705884,0.9247969,0.8886386,0.95226526,0.71442163,0.9735973,0.9723982,0.85943204,0.92368287
0.8239279,0.66331536,0.8217929,0.81605977,0.8958127,0.95543575,0.99804294,0.8303822,0.8303822,0.8303822,0.8303822,0.92612934,0.9267475,0.96676624,0.7166854,0.781948,0.9525099,0.8993695,0.9693415,0.8147862,0.88177276,0.5894236,0.88530934,0.8511107,0.777569,0.7911505,0.8703566,0.88717765,0.80497503,0.89021355,0.96007836,0.88787097,1.0000004,0.8291631,0.93016785,0.7936859,0.87737936,0.94901055,0.7675853,0.8358088,0.85055053,0.88508844,0.9023874,0.888317,0.96932733,0.9660656,0.7166854,0.8572352,0.8679547,0.6993429,0.9525099,0.83381695,0.8897184,0.9660656,0.9346483,0.6484566,0.7297586,0.9524148,0.9143381,0.9211358,0.8771487,0.6810919,0.47329468,0.9660656,0.9955225,0.91445094,0.7809714,0.91112435,0.84533244,0.8076514,0.8835608,0.94505966,0.91709775,0.947707,0.79519516,0.7981246,0.7517116,0.8948066,0.89596915,0.93994164,0.9079014,0.9596504,0.9507613,0.9545099,0.92405987,0.6671182,0.96932733,0.9660656,0.96932733,0.9660656,0.7076582,0.5727753,0.8521043,0.742156,0.79141045,0.8646568,0.73716843,0.8132265,0.7951451,0.74293625,0.7283212,0.80090094,0.68394804,0.88129544,0.88177836,0.9490983,0.8251786
0.8632829,0.7382083,0.8782814,0.88207793,0.9068046,0.8011192,0.8256107,0.88314193,0.88314193,0.88314193,0.88314193,0.8921458,0.8953855,0.81112456,0.84126925,0.87218714,0.83493865,0.88771135,0.82159376,0.8875669,0.8938078,0.5009517,0.84815085,0.875065,0.8644649,0.8810867,0.8875147,0.8886749,0.87831473,0.8830255,0.82799053,0.90152526,0.8291631,0.9999997,0.9052611,0.8799937,0.92941153,0.82479626,0.86146593,0.8860774,0.8696586,0.8694384,0.9223769,0.9276667,0.8221312,0.8247101,0.84126925,0.8801286,0.75302804,0.7332591,0.83493865,0.86213,0.8790448,0.8247101,0.8372284,0.7566803,0.84795225,0.82557034,0.84729457,0.8864155,0.88272536,0.7215795,0.4929706,0.8247101,0.82743245,0.8734591,0.8827242,0.90734756,0.86395496,0.8682115,0.8949583,0.82707953,0.8656238,0.85212505,0.9242463,0.873613,0.83634007,0.86861205,0.8041295,0.82448775,0.8983826,0.8243891,0.86315465,0.8635096,0.891085,0.74951035,0.8221312,0.8247101,0.8221312,0.8247101,0.68582785,0.47178307,0.88106203,0.8508546,0.87828094,0.87196374,0.87954235,0.88363,0.84627956,0.8556894,0.8314836,0.88824075,0.7309197,0.8835895,0.89103645,0.8051526,0.8857074
0.89279485,0.70317703,0.92145383,0.918907,0.97706574,0.8986275,0.9284518,0.92671776,0.92671776,0.92671776,0.92671776,0.9793619,0.9594537,0.91024673,0.8660091,0.8958943,0.9300185,0.9504963,0.9224353,0.9177809,0.96122086,0.5464024,0.90106463,0.9114046,0.900515,0.9128497,0.94754124,0.92280537,0.9068452,0.9461858,0.9291825,0.9683079,0.93016785,0.9052611,0.9999999,0.8714634,0.95165074,0.9250724,0.88348144,0.9289369,0.9158139,0.9423406,0.930887,0.95075357,0.9170196,0.9315523,0.8660091,0.92375416,0.82863855,0.7172691,0.9300185,0.90751565,0.95214,0.9315523,0.9104011,0.73066294,0.876251,0.9364383,0.90300274,0.9612951,0.93541473,0.709479,0.5155035,0.9315523,0.93336827,0.9503373,0.90180176,0.98025346,0.9223212,0.9082134,0.95605624,0.93780285,0.9254976,0.9008585,0.91377676,0.9253793,0.88011456,0.9178742,0.8888163,0.9226385,0.9502789,0.9102814,0.93855417,0.94588375,0.95525384,0.71361274,0.9170196,0.9315523,0.9170196,0.9315523,0.75655556,0.53237164,0.9370822,0.87146205,0.90153813,0.9208633,0.8707546,0.9154426,0.8751546,0.8810661,0.87605846,0.91326934,0.71085954,0.94938,0.9483552,0.88879454,0.9215144
