0,1,2,3,4,5,6,7,8,9,10,11,12,13,14,15,16,17,18,19,20,21,22,23,24,25,26,27,28,29,30,31,32,33,34,35,36,37,38,39,40,41,42,43,44,45,46,47,48,49,50,51,52,53,54,55,56,57,58,59,60,61,62,63,64,65,66,67,68,69,70,71,72,73,74,75,76,77,78,79,80,81,82,83,84,85,86,87,88,89,90,91,92,93,94,95,96,97,98,99,100,101,102,103,104,105,106
0.0,0.04277186840772629,0.007595451548695564,0.00671578710898757,0.011994889006018639,0.02100609429180622,0.018414024263620377,0.006648373790085316,0.006648373790085316,0.006648373790085316,0.006648373790085316,0.009112516418099403,0.01284661702811718,0.016230007633566856,0.011757392436265945,0.007054401561617851,0.018506614491343498,0.010020085610449314,0.015262370929121971,0.007176331244409084,0.008953170850872993,0.0512520857155323,0.010588901117444038,0.005185957066714764,0.008965672925114632,0.008452263660728931,0.0051188282668590546,0.013023183681070805,0.007845597341656685,0.006299326196312904,0.015223696827888489,0.0089624784886837,0.018295355141162872,0.0151589410379529,0.011698884889483452,0.015587497502565384,0.013259802013635635,0.015072145499289036,0.010588737204670906,0.006402468308806419,0.005364829208701849,0.011494739912450314,0.011066237464547157,0.01140531525015831,0.01456119492650032,0.01483412366360426,0.011757392436265945,0.004165566526353359,0.029319100081920624,0.03619232028722763,0.018506614491343498,0.005580239463597536,0.0069417087361216545,0.01483412366360426,0.014538603834807873,0.03202538937330246,0.009180311113595963,0.015371253713965416,0.014475736767053604,0.009731478057801723,0.009355451911687851,0.03514379262924194,0.05944318324327469,0.01483412366360426,0.018218208104372025,0.011274049058556557,0.0101850600913167,0.011061051860451698,0.01876489445567131,0.004522159695625305,0.014777698554098606,0.014750332571566105,0.01670358143746853,0.018160222098231316,0.014646182768046856,0.01189225073903799,0.016194894909858704,0.013345444574952126,0.01949724555015564,0.015948258340358734,0.009830149821937084,0.014928791671991348,0.011076236143708229,0.011472733691334724,0.01184014230966568,0.04184442013502121,0.01456119492650032,0.01483412366360426,0.01456119492650032,0.01483412366360426,0.03551904857158661,0.059999387711286545,0.020588122308254242,0.008486947044730186,0.008027681149542332,0.0033822720870375633,0.010660799220204353,0.008067751303315163,0.011760118417441845,0.011243120767176151,0.02129172533750534,0.007493169978260994,0.037227317690849304,0.0054982248693704605,0.008142002858221531,0.017163341864943504,0.014244449324905872
0.04277186840772629,0.0,0.04229928180575371,0.04377784579992294,0.03833905979990959,0.03692556545138359,0.0418393611907959,0.041771356016397476,0.041771356016397476,0.041771356016397476,0.041771356016397476,0.041586585342884064,0.04160069674253464,0.04377984255552292,0.048265814781188965,0.04361211508512497,0.04310440644621849,0.04299415647983551,0.04416598752140999,0.04014410823583603,0.040515705943107605,0.06176081299781799,0.04321559891104698,0.039232321083545685,0.04488233104348183,0.041767656803131104,0.04282411187887192,0.03206533193588257,0.04233686625957489,0.042812857776880264,0.044170625507831573,0.039685167372226715,0.041641492396593094,0.03669673204421997,0.04044254124164581,0.03290308266878128,0.04016517847776413,0.047514885663986206,0.03672030568122864,0.04243255406618118,0.045957330614328384,0.0366579070687294,0.037863172590732574,0.03922230005264282,0.04347691684961319,0.04452883452177048,0.048265814781188965,0.04009102284908295,0.05242514610290527,0.010446038097143173,0.04310440644621849,0.041139084845781326,0.04136306047439575,0.04452883452177048,0.04499427229166031,0.01418614573776722,0.047328632324934006,0.04511044919490814,0.03430511802434921,0.039427295327186584,0.041214946657419205,0.012432076036930084,0.05772025138139725,0.04452883452177048,0.0413895882666111,0.039011530578136444,0.043868668377399445,0.035034917294979095,0.04453185200691223,0.04393929988145828,0.0378543958067894,0.04531117528676987,0.03714780882000923,0.036330968141555786,0.03989505022764206,0.04231972619891167,0.04450397938489914,0.035170070827007294,0.044310785830020905,0.045107241719961166,0.04107442870736122,0.038952045142650604,0.0387246236205101,0.03860926628112793,0.038490235805511475,0.005827443674206734,0.04347691684961319,0.04452883452177048,0.04347691684961319,0.04452883452177048,0.06403087824583054,0.060657672584056854,0.04589659720659256,0.04784935712814331,0.04383213445544243,0.04277794808149338,0.043579909950494766,0.041261546313762665,0.03858552873134613,0.0457632914185524,0.05139249190688133,0.03996826708316803,0.010654451325535774,0.04216670244932175,0.041322000324726105,0.04240139201283455,0.041380591690540314
0.007595451548695564,0.04229928180575371,0.0,0.0011497978121042252,0.0075513203628361225,0.02125232294201851,0.01883726939558983,0.000879563158378005,0.000879563158378005,0.000879563158378005,0.000879563158378005,0.01011716015636921,0.010791661217808723,0.020225632935762405,0.004991050809621811,0.0053451829589903355,0.016463497653603554,0.00783899798989296,0.018838688731193542,0.001652807230129838,0.005513207986950874,0.054028984159231186,0.01543327234685421,0.005637575872242451,0.0008165969047695398,0.0017605311004444957,0.006378144957125187,0.010922551155090332,0.0016008331440389156,0.007004655431956053,0.017747968435287476,0.004816192202270031,0.01855309307575226,0.013999449089169502,0.008662745356559753,0.010576598346233368,0.01028573326766491,0.017438363283872604,0.010660276748239994,0.0008982258150354028,0.006905741989612579,0.01182497851550579,0.012040449306368828,0.010231499560177326,0.01874515600502491,0.018103601410984993,0.004991050809621811,0.0038041784428060055,0.02728475257754326,0.03744479641318321,0.016463497653603554,0.005825057625770569,0.007359175011515617,0.018103601410984993,0.018866974860429764,0.030390799045562744,0.004607949871569872,0.01725795678794384,0.016088375821709633,0.0075831906870007515,0.0054533896036446095,0.035655006766319275,0.05739337205886841,0.018103601410984993,0.018593423068523407,0.01169048622250557,0.004124512895941734,0.007684393785893917,0.013222229667007923,0.0032444102689623833,0.010268881916999817,0.01672731712460518,0.014570120722055435,0.019130311906337738,0.01014697551727295,0.006283939816057682,0.0074470024555921555,0.011429628357291222,0.01975327357649803,0.016610736027359962,0.008754906244575977,0.0186581090092659,0.012757397256791592,0.012712916359305382,0.010305422358214855,0.04144031181931496,0.01874515600502491,0.018103601410984993,0.01874515600502491,0.018103601410984993,0.03160330653190613,0.06300555169582367,0.014500617980957031,0.005849085748195648,0.003400892950594425,0.004428527783602476,0.005762895103543997,0.0030393744818866253,0.008267817087471485,0.0038223222363740206,0.012175995856523514,0.002150906715542078,0.03785059601068497,0.0070427702739834785,0.004269520286470652,0.019687924534082413,0.007757705170661211
0.00671578710898757,0.04377784579992294,0.0011497978121042252,0.0,0.007993202656507492,0.022732645273208618,0.019083157181739807,0.0005440646200440824,0.0005440646200440824,0.0005440646200440824,0.0005440646200440824,0.009869405999779701,0.009979164227843285,0.020290372893214226,0.0038190502673387527,0.003519149264320731,0.017100602388381958,0.00671220850199461,0.01876038685441017,0.0014234238769859076,0.005984085611999035,0.0551043339073658,0.015261320397257805,0.0059115225449204445,0.0015484732575714588,0.0016430973773822188,0.005584209691733122,0.011402077972888947,0.0013584712287411094,0.00617389939725399,0.017830416560173035,0.005147549789398909,0.018888957798480988,0.013299495913088322,0.00877516157925129,0.010848471894860268,0.010566617362201214,0.01678714156150818,0.011581022292375565,0.00022783273016102612,0.005271502770483494,0.012958946637809277,0.011753547936677933,0.009981030598282814,0.018565505743026733,0.018126225098967552,0.0038190502673387527,0.003639230504631996,0.02735239826142788,0.03852248191833496,0.017100602388381958,0.006100588012486696,0.007545797154307365,0.018126225098967552,0.01739925891160965,0.030458971858024597,0.0039666034281253815,0.017489826306700706,0.017532628029584885,0.007728142198175192,0.00464536901563406,0.03668205440044403,0.05903782323002815,0.018126225098967552,0.01891733705997467,0.012206116691231728,0.00315600773319602,0.008193351328372955,0.014226660132408142,0.0026317727752029896,0.011558961123228073,0.01687701791524887,0.01490112580358982,0.019449926912784576,0.009782937355339527,0.006645330227911472,0.009125178679823875,0.012595516629517078,0.02033408172428608,0.01672333851456642,0.008485482074320316,0.018645592033863068,0.012909719720482826,0.01288892887532711,0.010660291649401188,0.04292559623718262,0.018565505743026733,0.018126225098967552,0.018565505743026733,0.018126225098967552,0.03006000630557537,0.06396046280860901,0.014654649421572685,0.004082204774022102,0.00274583394639194,0.0037835475523024797,0.006147895473986864,0.003084873780608177,0.009347949177026749,0.003944138064980507,0.012476700358092785,0.0021955897100269794,0.03921336680650711,0.006631444673985243,0.0043635983020067215,0.020099017769098282,0.009034826420247555
0.011994889006018639,0.03833905979990959,0.0075513203628361225,0.007993202656507492,0.0,0.012827840633690357,0.010606924071907997,0.007342411205172539,0.007342411205172539,0.007342411205172539,0.007342411205172539,0.00467761792242527,0.006404105573892593,0.01273604016751051,0.012958408333361149,0.010363227687776089,0.010287761688232422,0.00686061754822731,0.01149209775030613,0.007624964229762554,0.0046365512534976006,0.05090317875146866,0.012958641164004803,0.010138961486518383,0.009182139299809933,0.007938893511891365,0.005955198314040899,0.007425959222018719,0.009015493094921112,0.006607461720705032,0.01106530986726284,0.0035727121867239475,0.010678637772798538,0.010409282520413399,0.002426336519420147,0.0121458163484931,0.005188867449760437,0.011460131034255028,0.010398240759968758,0.007234861142933369,0.00997194554656744,0.005589466076344252,0.007606036961078644,0.005390845239162445,0.011945836246013641,0.010842549614608288,0.012958408333361149,0.007840171456336975,0.021140098571777344,0.03148205950856209,0.010287761688232422,0.010838381946086884,0.006190855987370014,0.010842549614608288,0.01301332376897335,0.02774130180478096,0.011233499273657799,0.01044878363609314,0.012408236041665077,0.005795963574200869,0.007155005820095539,0.03105035610496998,0.05330660194158554,0.010842549614608288,0.010336796753108501,0.004299698863178492,0.00933845154941082,0.0029053224716335535,0.009432537481188774,0.008954383432865143,0.004786453675478697,0.01030211616307497,0.009794440120458603,0.011694103479385376,0.00777486152946949,0.007161322981119156,0.011651081964373589,0.009604351595044136,0.01447168830782175,0.011412201449275017,0.006274968385696411,0.011853433214128017,0.008077709935605526,0.007900455966591835,0.006046400871127844,0.03809742256999016,0.011945836246013641,0.010842549614608288,0.011945836246013641,0.010842549614608288,0.02698115073144436,0.05496024340391159,0.007322036661207676,0.012455621734261513,0.010002831928431988,0.008788935840129852,0.012134792283177376,0.008565159514546394,0.012235207483172417,0.011295221745967865,0.012443257495760918,0.007768203970044851,0.0326278954744339,0.006065718829631805,0.005722992122173309,0.01384306512773037,0.00781922321766615
0.02100609429180622,0.03692556545138359,0.02125232294201851,0.022732645273208618,0.012827840633690357,0.0,0.004737262614071369,0.020244307816028595,0.020244307816028595,0.020244307816028595,0.020244307816028595,0.011228860355913639,0.010977094061672688,0.007593161426484585,0.03216278553009033,0.025572679936885834,0.008466426283121109,0.014178508892655373,0.007736615836620331,0.021370097994804382,0.014202679507434368,0.040809266269207,0.014625106938183308,0.018422983586788177,0.025968216359615326,0.02379382960498333,0.01658266969025135,0.010058261454105377,0.022407200187444687,0.0147248525172472,0.007743834052234888,0.01358888577669859,0.004536470398306847,0.021059628576040268,0.010548781603574753,0.021706588566303253,0.016050927340984344,0.011304507032036781,0.023468799889087677,0.020325571298599243,0.020086850970983505,0.010029368102550507,0.01363619789481163,0.015162495896220207,0.0072333235293626785,0.007714136969298124,0.03216278553009033,0.0171632319688797,0.019160766154527664,0.027901282534003258,0.008466426283121109,0.02016761153936386,0.01391980703920126,0.007714136969298124,0.011060250923037529,0.03248472139239311,0.031033847481012344,0.008684729225933552,0.010247962549328804,0.010280306451022625,0.015532977879047394,0.02882177196443081,0.05369681492447853,0.007714136969298124,0.004471794702112675,0.010934676975011826,0.025907989591360092,0.009002878330647945,0.01910572499036789,0.023171832785010338,0.009537845849990845,0.00940006971359253,0.011228173971176147,0.004440009593963623,0.023718632757663727,0.02249094843864441,0.026154231280088425,0.013017766177654266,0.010617844760417938,0.010325360111892223,0.01343532558530569,0.00579683855175972,0.007718560751527548,0.007398698478937149,0.010662360116839409,0.037880003452301025,0.0072333235293626785,0.007714136969298124,0.0072333235293626785,0.007714136969298124,0.03673655539751053,0.0439443401992321,0.01902061328291893,0.030467020347714424,0.02442123554646969,0.017682785168290138,0.02932211384177208,0.021470574662089348,0.01989683136343956,0.029324611648917198,0.03176847845315933,0.02212272584438324,0.029017843306064606,0.015028856694698334,0.015191706828773022,0.007757161743938923,0.018220145255327225
0.018414024263620377,0.0418393611907959,0.01883726939558983,0.019083157181739807,0.010606924071907997,0.004737262614071369,0.0,0.01763133704662323,0.01763133704662323,0.01763133704662323,0.01763133704662323,0.007418014109134674,0.007341389544308186,0.003576423740014434,0.029712732881307602,0.022496793419122696,0.004621555097401142,0.010274924337863922,0.00279051810503006,0.01929606683552265,0.01224555540829897,0.039906784892082214,0.011829588562250137,0.015850387513637543,0.02342536859214306,0.021649029105901718,0.013099857605993748,0.0111624076962471,0.020314157009124756,0.01133129931986332,0.003971712198108435,0.011307435110211372,0.00019856923609040678,0.01818409375846386,0.0072180661372840405,0.020787062123417854,0.01258351281285286,0.004860966466367245,0.023506736382842064,0.017061715945601463,0.015686895698308945,0.011381234973669052,0.010164342820644379,0.01142757199704647,0.0029977920930832624,0.003189370036125183,0.029712732881307602,0.014863919466733932,0.013015707954764366,0.031822554767131805,0.004621555097401142,0.01749522052705288,0.011357071809470654,0.003189370036125183,0.007048076018691063,0.03532582148909569,0.028133917599916458,0.004560587462037802,0.009520383551716805,0.008087264373898506,0.012946371920406818,0.03309372067451477,0.05421765521168709,0.003189370036125183,0.00027566676726564765,0.00896926037967205,0.0230666883289814,0.008869264274835587,0.015495339408516884,0.019830556586384773,0.012074878439307213,0.005271275527775288,0.008177832700312138,0.005645312834531069,0.02112816460430622,0.02071407437324524,0.02575007453560829,0.011119842529296875,0.010807035490870476,0.005618292838335037,0.009666265919804573,0.004367615561932325,0.005319529213011265,0.004835908301174641,0.007317179348319769,0.04256445914506912,0.0029977920930832624,0.003189370036125183,0.0029977920930832624,0.003189370036125183,0.028702376410365105,0.04435039311647415,0.015364980325102806,0.027100568637251854,0.021772904321551323,0.014269823208451271,0.02728755585849285,0.019268382340669632,0.021669957786798477,0.026859017089009285,0.028216946870088577,0.020468100905418396,0.03440622612833977,0.012050754390656948,0.012203874066472054,0.005065073724836111,0.018410593271255493
0.006648373790085316,0.041771356016397476,0.000879563158378005,0.0005440646200440824,0.007342411205172539,0.020244307816028595,0.01763133704662323,0.0,0.0,0.0,0.0,0.009240848012268543,0.009521114639937878,0.01911362074315548,0.00410581286996603,0.00395418144762516,0.015643440186977386,0.006346532143652439,0.017889155074954033,0.0012944800546392798,0.004689653404057026,0.05247935652732849,0.014386679045855999,0.005050567910075188,0.0014465197455137968,0.001318963011726737,0.005533873103559017,0.010375847108662128,0.001308106118813157,0.005946807563304901,0.01654157042503357,0.004040305037051439,0.0173651073127985,0.01324804499745369,0.007973015308380127,0.01045538205653429,0.010366146452724934,0.016663705930113792,0.010959851555526257,0.000276493257842958,0.005837611388415098,0.011728731915354729,0.011629829183220863,0.009938079863786697,0.01738607883453369,0.017092786729335785,0.00410581286996603,0.0030742608942091465,0.02659526653587818,0.036608144640922546,0.015643440186977386,0.005316408351063728,0.006822568364441395,0.017092786729335785,0.0169347133487463,0.02937150001525879,0.004212683066725731,0.016373656690120697,0.015660371631383896,0.006297315005213022,0.004244863521307707,0.034917425364255905,0.056510891765356064,0.017092786729335785,0.017141923308372498,0.01120644249022007,0.0035903342068195343,0.007080133073031902,0.013043584302067757,0.002931880299001932,0.009921013377606869,0.015856944024562836,0.013686377555131912,0.017789140343666077,0.009809429757297039,0.006224212236702442,0.007872222922742367,0.011211084201931953,0.01847756840288639,0.015680033713579178,0.008038601838052273,0.01727871224284172,0.012014327570796013,0.011731194332242012,0.009868418797850609,0.0408901646733284,0.01738607883453369,0.017092786729335785,0.01738607883453369,0.017092786729335785,0.030686235055327415,0.061506591737270355,0.014160108752548695,0.004696154501289129,0.002554271137341857,0.00373421935364604,0.005926894955337048,0.0024876403622329235,0.007860022597014904,0.0037826402112841606,0.012395842000842094,0.0017996462993323803,0.03726866841316223,0.00618706364184618,0.0038232048973441124,0.01879042200744152,0.007857359945774078
0.006648373790085316,0.041771356016397476,0.000879563158378005,0.0005440646200440824,0.007342411205172539,0.020244307816028595,0.01763133704662323,0.0,0.0,0.0,0.0,0.009240848012268543,0.009521114639937878,0.01911362074315548,0.00410581286996603,0.00395418144762516,0.015643440186977386,0.006346532143652439,0.017889155074954033,0.0012944800546392798,0.004689653404057026,0.05247935652732849,0.014386679045855999,0.005050567910075188,0.0014465197455137968,0.001318963011726737,0.005533873103559017,0.010375847108662128,0.001308106118813157,0.005946807563304901,0.01654157042503357,0.004040305037051439,0.0173651073127985,0.01324804499745369,0.007973015308380127,0.01045538205653429,0.010366146452724934,0.016663705930113792,0.010959851555526257,0.000276493257842958,0.005837611388415098,0.011728731915354729,0.011629829183220863,0.009938079863786697,0.01738607883453369,0.017092786729335785,0.00410581286996603,0.0030742608942091465,0.02659526653587818,0.036608144640922546,0.015643440186977386,0.005316408351063728,0.006822568364441395,0.017092786729335785,0.0169347133487463,0.02937150001525879,0.004212683066725731,0.016373656690120697,0.015660371631383896,0.006297315005213022,0.004244863521307707,0.034917425364255905,0.056510891765356064,0.017092786729335785,0.017141923308372498,0.01120644249022007,0.0035903342068195343,0.007080133073031902,0.013043584302067757,0.002931880299001932,0.009921013377606869,0.015856944024562836,0.013686377555131912,0.017789140343666077,0.009809429757297039,0.006224212236702442,0.007872222922742367,0.011211084201931953,0.01847756840288639,0.015680033713579178,0.008038601838052273,0.01727871224284172,0.012014327570796013,0.011731194332242012,0.009868418797850609,0.0408901646733284,0.01738607883453369,0.017092786729335785,0.01738607883453369,0.017092786729335785,0.030686235055327415,0.061506591737270355,0.014160108752548695,0.004696154501289129,0.002554271137341857,0.00373421935364604,0.005926894955337048,0.0024876403622329235,0.007860022597014904,0.0037826402112841606,0.012395842000842094,0.0017996462993323803,0.03726866841316223,0.00618706364184618,0.0038232048973441124,0.01879042200744152,0.007857359945774078
0.006648373790085316,0.041771356016397476,0.000879563158378005,0.0005440646200440824,0.007342411205172539,0.020244307816028595,0.01763133704662323,0.0,0.0,0.0,0.0,0.009240848012268543,0.009521114639937878,0.01911362074315548,0.00410581286996603,0.00395418144762516,0.015643440186977386,0.006346532143652439,0.017889155074954033,0.0012944800546392798,0.004689653404057026,0.05247935652732849,0.014386679045855999,0.005050567910075188,0.0014465197455137968,0.001318963011726737,0.005533873103559017,0.010375847108662128,0.001308106118813157,0.005946807563304901,0.01654157042503357,0.004040305037051439,0.0173651073127985,0.01324804499745369,0.007973015308380127,0.01045538205653429,0.010366146452724934,0.016663705930113792,0.010959851555526257,0.000276493257842958,0.005837611388415098,0.011728731915354729,0.011629829183220863,0.009938079863786697,0.01738607883453369,0.017092786729335785,0.00410581286996603,0.0030742608942091465,0.02659526653587818,0.036608144640922546,0.015643440186977386,0.005316408351063728,0.006822568364441395,0.017092786729335785,0.0169347133487463,0.02937150001525879,0.004212683066725731,0.016373656690120697,0.015660371631383896,0.006297315005213022,0.004244863521307707,0.034917425364255905,0.056510891765356064,0.017092786729335785,0.017141923308372498,0.01120644249022007,0.0035903342068195343,0.007080133073031902,0.013043584302067757,0.002931880299001932,0.009921013377606869,0.015856944024562836,0.013686377555131912,0.017789140343666077,0.009809429757297039,0.006224212236702442,0.007872222922742367,0.011211084201931953,0.01847756840288639,0.015680033713579178,0.008038601838052273,0.01727871224284172,0.012014327570796013,0.011731194332242012,0.009868418797850609,0.0408901646733284,0.01738607883453369,0.017092786729335785,0.01738607883453369,0.017092786729335785,0.030686235055327415,0.061506591737270355,0.014160108752548695,0.004696154501289129,0.002554271137341857,0.00373421935364604,0.005926894955337048,0.0024876403622329235,0.007860022597014904,0.0037826402112841606,0.012395842000842094,0.0017996462993323803,0.03726866841316223,0.00618706364184618,0.0038232048973441124,0.01879042200744152,0.007857359945774078
0.006648373790085316,0.041771356016397476,0.000879563158378005,0.0005440646200440824,0.007342411205172539,0.020244307816028595,0.01763133704662323,0.0,0.0,0.0,0.0,0.009240848012268543,0.009521114639937878,0.01911362074315548,0.00410581286996603,0.00395418144762516,0.015643440186977386,0.006346532143652439,0.017889155074954033,0.0012944800546392798,0.004689653404057026,0.05247935652732849,0.014386679045855999,0.005050567910075188,0.0014465197455137968,0.001318963011726737,0.005533873103559017,0.010375847108662128,0.001308106118813157,0.005946807563304901,0.01654157042503357,0.004040305037051439,0.0173651073127985,0.01324804499745369,0.007973015308380127,0.01045538205653429,0.010366146452724934,0.016663705930113792,0.010959851555526257,0.000276493257842958,0.005837611388415098,0.011728731915354729,0.011629829183220863,0.009938079863786697,0.01738607883453369,0.017092786729335785,0.00410581286996603,0.0030742608942091465,0.02659526653587818,0.036608144640922546,0.015643440186977386,0.005316408351063728,0.006822568364441395,0.017092786729335785,0.0169347133487463,0.02937150001525879,0.004212683066725731,0.016373656690120697,0.015660371631383896,0.006297315005213022,0.004244863521307707,0.034917425364255905,0.056510891765356064,0.017092786729335785,0.017141923308372498,0.01120644249022007,0.0035903342068195343,0.007080133073031902,0.013043584302067757,0.002931880299001932,0.009921013377606869,0.015856944024562836,0.013686377555131912,0.017789140343666077,0.009809429757297039,0.006224212236702442,0.007872222922742367,0.011211084201931953,0.01847756840288639,0.015680033713579178,0.008038601838052273,0.01727871224284172,0.012014327570796013,0.011731194332242012,0.009868418797850609,0.0408901646733284,0.01738607883453369,0.017092786729335785,0.01738607883453369,0.017092786729335785,0.030686235055327415,0.061506591737270355,0.014160108752548695,0.004696154501289129,0.002554271137341857,0.00373421935364604,0.005926894955337048,0.0024876403622329235,0.007860022597014904,0.0037826402112841606,0.012395842000842094,0.0017996462993323803,0.03726866841316223,0.00618706364184618,0.0038232048973441124,0.01879042200744152,0.007857359945774078
0.009112516418099403,0.041586585342884064,0.01011716015636921,0.009869405999779701,0.00467761792242527,0.011228860355913639,0.007418014109134674,0.009240848012268543,0.009240848012268543,0.009240848012268543,0.009240848012268543,0.0,0.005529397167265415,0.005645647644996643,0.01614200323820114,0.011344371363520622,0.008067509159445763,0.005667092278599739,0.0044334279373288155,0.010642236098647118,0.005237582139670849,0.04576460272073746,0.008346755057573318,0.009001977741718292,0.012312895618379116,0.011402396485209465,0.003514536190778017,0.009288659319281578,0.011407952755689621,0.003887574188411236,0.004086647182703018,0.004852202255278826,0.007558195851743221,0.011980501934885979,0.0021023117005825043,0.016311023384332657,0.0053165387362241745,0.004955645650625229,0.012981429696083069,0.008944758214056492,0.006794569082558155,0.0045814523473382,0.006090697832405567,0.004626093432307243,0.004683965817093849,0.003664893563836813,0.01614200323820114,0.006966840475797653,0.01835029572248459,0.03304491937160492,0.008067509159445763,0.009052089415490627,0.0028892296832054853,0.003664893563836813,0.006688293069601059,0.03129488602280617,0.012969259172677994,0.003619922325015068,0.008927853778004646,0.004833861719816923,0.008258932270109653,0.03321222960948944,0.05387774854898453,0.003664893563836813,0.007082235533744097,0.004154783673584461,0.012247316539287567,0.0041152359917759895,0.010817689821124077,0.008040275424718857,0.007453408092260361,0.0036956039257347584,0.008720913901925087,0.011143337935209274,0.010631643235683441,0.009014173410832882,0.01551782339811325,0.007873897440731525,0.011211680248379707,0.005959805566817522,0.003923551179468632,0.006619883701205254,0.004228923935443163,0.0034323835279792547,0.0032169390469789505,0.041582148522138596,0.004683965817093849,0.003664893563836813,0.004683965817093849,0.003664893563836813,0.026533490046858788,0.05140179023146629,0.009709442034363747,0.013332126662135124,0.011137424036860466,0.006501833908259869,0.014749890193343163,0.01002726424485445,0.01473614014685154,0.013878346420824528,0.01638425514101982,0.010926046408712864,0.035118576139211655,0.003239640034735203,0.006212744861841202,0.008124771527945995,0.011407158337533474
0.01284661702811718,0.04160069674253464,0.010791661217808723,0.009979164227843285,0.006404105573892593,0.010977094061672688,0.007341389544308186,0.009521114639937878,0.009521114639937878,0.009521114639937878,0.009521114639937878,0.005529397167265415,0.0,0.010226482525467873,0.01772433891892433,0.013023755513131618,0.007740302477031946,0.005281614139676094,0.008398685604333878,0.01110909879207611,0.007807878777384758,0.04615084081888199,0.008675595745444298,0.010944405570626259,0.013359048403799534,0.012147383764386177,0.008997349068522453,0.008955612778663635,0.011772630736231804,0.008214352652430534,0.008092192932963371,0.0070345764979720116,0.007281463593244553,0.011392664164304733,0.004255642183125019,0.015287981368601322,0.008023249916732311,0.006929831579327583,0.017092138528823853,0.009000523015856743,0.010250020772218704,0.01114540733397007,0.008958971127867699,0.007077871821820736,0.009142082184553146,0.0078346636146307,0.01772433891892433,0.010329965502023697,0.014639788307249546,0.03310922533273697,0.007740302477031946,0.011510543525218964,0.008830291219055653,0.0078346636146307,0.010180197656154633,0.032248154282569885,0.018058402463793755,0.007593072950839996,0.01311431359499693,0.005785524845123291,0.006723946426063776,0.0331215038895607,0.05730753764510155,0.0078346636146307,0.0070938123390078545,0.008861456997692585,0.013172208331525326,0.00539707625284791,0.01053292490541935,0.012239283882081509,0.008701440878212452,0.0073594339191913605,0.008019695058465004,0.008499426767230034,0.013806380331516266,0.011476862244307995,0.01732316054403782,0.012127012014389038,0.013662106357514858,0.008613702841103077,0.006968075409531593,0.008562738075852394,0.0065469443798065186,0.005938319955021143,0.006364588625729084,0.04240260273218155,0.009142082184553146,0.0078346636146307,0.009142082184553146,0.0078346636146307,0.02268983982503414,0.05346100032329559,0.010581037029623985,0.016866199672222137,0.01313253678381443,0.009951788932085037,0.01708177663385868,0.011631179600954056,0.016664918512105942,0.016942154616117477,0.017001554369926453,0.012334315106272697,0.03584197908639908,0.009229257702827454,0.007172077428549528,0.011567474342882633,0.011093731969594955
0.016230007633566856,0.04377984255552292,0.020225632935762405,0.020290372893214226,0.01273604016751051,0.007593161426484585,0.003576423740014434,0.01911362074315548,0.01911362074315548,0.01911362074315548,0.01911362074315548,0.005645647644996643,0.010226482525467873,0.0,0.030578527599573135,0.022791240364313126,0.009125316515564919,0.012583584524691105,0.0009398104157298803,0.020830467343330383,0.013924866914749146,0.043130096048116684,0.011903461068868637,0.01650397852063179,0.024406632408499718,0.023215346038341522,0.01141043659299612,0.013208577409386635,0.02116035856306553,0.009777390398085117,0.0026149426121264696,0.013285428285598755,0.0035228910855948925,0.020310882478952408,0.009122973307967186,0.024647977203130722,0.012932484038174152,0.00443424005061388,0.023677490651607513,0.01853593997657299,0.014508277177810669,0.009462292306125164,0.009835523553192616,0.011760673485696316,0.0010262085124850273,0.0013453104766085744,0.030578527599573135,0.013603335246443748,0.016831396147608757,0.03411564230918884,0.009125316515564919,0.017910156399011612,0.008818564005196095,0.0013453104766085744,0.006604156456887722,0.03776915371417999,0.026624616235494614,0.0032417476177215576,0.008367438800632954,0.010091063566505909,0.015120353549718857,0.03522029519081116,0.05831652879714966,0.0013453104766085744,0.004060736391693354,0.008374495431780815,0.023735612630844116,0.011258650571107864,0.020249012857675552,0.018059272319078445,0.015210503712296486,0.004358476959168911,0.011506746523082256,0.008469145745038986,0.021781330928206444,0.021947059780359268,0.028051825240254402,0.009660258889198303,0.01210753433406353,0.0065238866955041885,0.008570358157157898,0.003088974393904209,0.004332810640335083,0.0038149720057845116,0.006849338766187429,0.04462350904941559,0.0010262085124850273,0.0013453104766085744,0.0010262085124850273,0.0013453104766085744,0.033459849655628204,0.04876874014735222,0.01884623058140278,0.025902261957526207,0.022009989246726036,0.012542365118861198,0.0279146209359169,0.01981833018362522,0.02215838059782982,0.027013441547751427,0.031356196850538254,0.021861765533685684,0.036488547921180725,0.010029511526226997,0.01359635591506958,0.0029021138325333595,0.021012239158153534
0.011757392436265945,0.048265814781188965,0.004991050809621811,0.0038190502673387527,0.012958408333361149,0.03216278553009033,0.029712732881307602,0.00410581286996603,0.00410581286996603,0.00410581286996603,0.00410581286996603,0.01614200323820114,0.01772433891892433,0.030578527599573135,0.0,0.004061318002641201,0.024523276835680008,0.011065937578678131,0.0289202518761158,0.004314504563808441,0.009574143216013908,0.06297661364078522,0.02243083156645298,0.010373324155807495,0.003191064577549696,0.0029113171622157097,0.010287638753652573,0.018330585211515427,0.004655736032873392,0.012079003266990185,0.02687380090355873,0.009308305568993092,0.02955172024667263,0.018167240545153618,0.014589421451091766,0.01445360854268074,0.015651123598217964,0.026210403069853783,0.014115476980805397,0.004711796063929796,0.009505479596555233,0.018564283847808838,0.019383277744054794,0.016035739332437515,0.028473995625972748,0.027661610394716263,0.0,0.008454970084130764,0.03568636626005173,0.043898943811655045,0.024523276835680008,0.009087672457098961,0.013117989525198936,0.027661610394716263,0.025863030925393105,0.03254005312919617,0.0038489922881126404,0.02606647089123726,0.02449355460703373,0.013771165162324905,0.010201282799243927,0.04131648689508438,0.0630093365907669,0.027661610394716263,0.029079604893922806,0.01854909025132656,0.0039569539949297905,0.013430907391011715,0.016814714297652245,0.006068127229809761,0.016028951853513718,0.02521512657403946,0.020985178649425507,0.02903006225824356,0.0115940747782588,0.0077323392033576965,0.00834830291569233,0.019326932728290558,0.02728615328669548,0.02421250380575657,0.014682887122035027,0.02821693941950798,0.0214577317237854,0.0209784097969532,0.017327146604657173,0.04706305265426636,0.028473995625972748,0.027661610394716263,0.028473995625972748,0.027661610394716263,0.035142604261636734,0.07158143818378448,0.017935611307621002,0.003067735582590103,0.004920167848467827,0.010251360014081001,0.005827701650559902,0.006123465485870838,0.01202436350286007,0.003852535504847765,0.011914364993572235,0.004055177327245474,0.04453585296869278,0.011853810399770737,0.009657587856054306,0.030270610004663467,0.011668827384710312
0.007054401561617851,0.04361211508512497,0.0053451829589903355,0.003519149264320731,0.010363227687776089,0.025572679936885834,0.022496793419122696,0.00395418144762516,0.00395418144762516,0.00395418144762516,0.00395418144762516,0.011344371363520622,0.013023755513131618,0.022791240364313126,0.004061318002641201,0.0,0.020411629229784012,0.00760936364531517,0.02149677649140358,0.003855526214465499,0.007961014285683632,0.05562519282102585,0.015201733447611332,0.0074007706716656685,0.004681192804127932,0.0036301868967711926,0.0068456390872597694,0.013534244149923325,0.004897272679954767,0.00811847299337387,0.020373929291963577,0.0077201081439852715,0.02249697968363762,0.014240467920899391,0.011203080415725708,0.012128828093409538,0.01258125714957714,0.019713565707206726,0.011621932499110699,0.004139397758990526,0.006577980704605579,0.014266688376665115,0.013982429169118404,0.011815601959824562,0.020844697952270508,0.020742682740092278,0.004061318002641201,0.005948789417743683,0.03053279221057892,0.038069434463977814,0.020411629229784012,0.006936841644346714,0.00977320782840252,0.020742682740092278,0.01779881864786148,0.02904161997139454,0.00507065374404192,0.020160239189863205,0.01915637031197548,0.010350692085921764,0.0073958514258265495,0.036130599677562714,0.059279367327690125,0.020742682740092278,0.022072818130254745,0.013795600272715092,0.004035795107483864,0.009983276948332787,0.015322456136345863,0.004656688310205936,0.014241344295442104,0.019456690177321434,0.01613260805606842,0.02124178223311901,0.010015059262514114,0.00682225963100791,0.011454195715487003,0.015371437184512615,0.02317868173122406,0.019330136477947235,0.01021396741271019,0.020353130996227264,0.015270119532942772,0.015127845108509064,0.012646839022636414,0.04243943467736244,0.020844697952270508,0.020742682740092278,0.020844697952270508,0.020742682740092278,0.031766727566719055,0.06495971977710724,0.01621471717953682,0.003659893060103059,0.0053703635931015015,0.0068519338965415955,0.006822038907557726,0.006136416457593441,0.011171586811542511,0.00646353280171752,0.014220747165381908,0.004082590341567993,0.039084292948246,0.008259851485490799,0.007816921919584274,0.023232173174619675,0.011614609509706497
0.018506614491343498,0.04310440644621849,0.016463497653603554,0.017100602388381958,0.010287761688232422,0.008466426283121109,0.004621555097401142,0.015643440186977386,0.015643440186977386,0.015643440186977386,0.015643440186977386,0.008067509159445763,0.007740302477031946,0.009125316515564919,0.024523276835680008,0.020411629229784012,0.0,0.007805280387401581,0.007327323779463768,0.017758507281541824,0.008923141285777092,0.0407002791762352,0.011422092095017433,0.014038991183042526,0.020215656608343124,0.019030166789889336,0.012098938226699829,0.012151538394391537,0.018736079335212708,0.010992341674864292,0.005445287562906742,0.009221488609910011,0.0046852645464241505,0.01740701124072075,0.007136823609471321,0.018689678981900215,0.011348295956850052,0.0070449491031467915,0.021436408162117004,0.015344285406172276,0.014471710659563541,0.012439755722880363,0.011352377012372017,0.011338379234075546,0.007511676289141178,0.006702939979732037,0.024523276835680008,0.014489477500319481,0.012214587070047855,0.0327189639210701,0.0,0.013997465372085571,0.010581882670521736,0.006702939979732037,0.009625278413295746,0.03481993079185486,0.025281626731157303,0.005506920628249645,0.0119150560349226,0.00635984493419528,0.011943839490413666,0.03303098306059837,0.05230221152305603,0.006702939979732037,0.003979535773396492,0.009818840771913528,0.021490057930350304,0.008652152493596077,0.011395479552447796,0.018267927691340446,0.01020069606602192,0.005334028974175453,0.008296127431094646,0.009410830214619637,0.018241729587316513,0.01770462468266487,0.02035493776202202,0.011704038828611374,0.00796633493155241,0.0026326398365199566,0.010728178545832634,0.008462373167276382,0.007828637957572937,0.006963396444916725,0.007976872846484184,0.04394505172967911,0.007511676289141178,0.006702939979732037,0.007511676289141178,0.006702939979732037,0.0258481465280056,0.04500087350606918,0.012352791614830494,0.024355120956897736,0.01837950013577938,0.014194261282682419,0.023166954517364502,0.016279419884085655,0.019827954471111298,0.022422395646572113,0.023802103474736214,0.018198633566498756,0.03461500257253647,0.011421246454119682,0.0103380735963583,0.008977603167295456,0.016389593482017517
0.010020085610449314,0.04299415647983551,0.00783899798989296,0.00671220850199461,0.00686061754822731,0.014178508892655373,0.010274924337863922,0.006346532143652439,0.006346532143652439,0.006346532143652439,0.006346532143652439,0.005667092278599739,0.005281614139676094,0.012583584524691105,0.011065937578678131,0.00760936364531517,0.007805280387401581,0.0,0.010774949565529823,0.007942136377096176,0.003967910073697567,0.046698495745658875,0.010699290782213211,0.008641290478408337,0.00925197172909975,0.008120905607938766,0.005318521987646818,0.010475944727659225,0.008658853359520435,0.004492331296205521,0.009038528427481651,0.004206210374832153,0.010270318016409874,0.012129873037338257,0.0051929159089922905,0.014432568103075027,0.0075705572962760925,0.008465906605124474,0.01453671045601368,0.006169707514345646,0.0064837075769901276,0.010952770709991455,0.008915513753890991,0.0069923847913742065,0.010570850223302841,0.009811708703637123,0.011065937578678131,0.007206311449408531,0.017631351947784424,0.03445044904947281,0.007805280387401581,0.00830497220158577,0.006336606573313475,0.009811708703637123,0.00817965343594551,0.030618049204349518,0.012347085401415825,0.008756780996918678,0.013601789250969887,0.0037365900352597237,0.0038013989105820656,0.03327297791838646,0.056632429361343384,0.009811708703637123,0.009682217612862587,0.00827290304005146,0.008546870201826096,0.005515630356967449,0.009968450292944908,0.008333059027791023,0.008557547815144062,0.008213315159082413,0.008547872304916382,0.012309854850172997,0.010269748978316784,0.007700612768530846,0.01299215666949749,0.010845744982361794,0.012383915483951569,0.007989998906850815,0.0065322802402079105,0.010976120829582214,0.00830015353858471,0.00786491297185421,0.006817973684519529,0.042594656348228455,0.010570850223302841,0.009811708703637123,0.010570850223302841,0.009811708703637123,0.02362559735774994,0.05555235594511032,0.008987128734588623,0.010381143540143967,0.009216602891683578,0.007328237406909466,0.01308722048997879,0.008785686455667019,0.012777168303728104,0.01205114834010601,0.014758870005607605,0.008516506291925907,0.03595218062400818,0.005877837538719177,0.004904178902506828,0.01336190290749073,0.009735146537423134
