0,1,2,3,4,5,6,7,8,9,10,11,12,13,14,15,16,17,18,19,20,21,22,23,24,25,26,27,28,29,30,31,32,33,34,35,36,37,38,39,40,41,42,43,44,45,46,47,48,49,50,51,52,53,54,55,56,57,58,59,60,61,62,63,64,65,66,67,68,69,70,71,72,73,74,75,76,77,78,79,80,81,82,83,84,85,86,87,88,89,90,91,92,93,94,95,96,97,98,99,100,101,102,103,104,105,106
0.0,14.808259,6.9196725,6.4862742,8.637065,11.443684,10.751239,6.438205,6.438205,6.438205,6.438205,7.4159455,8.967693,10.172387,8.6904125,6.555607,10.705573,7.8775787,9.828746,6.7398663,7.3820105,19.400726,8.278975,5.643872,7.5924277,7.29914,5.543594,8.929291,7.053548,6.1287923,9.697139,7.421009,10.705646,9.62846,8.422555,9.856171,8.985961,9.698681,8.228311,6.308671,5.745847,8.492303,8.236779,8.326507,9.571612,9.616793,8.6904125,5.099935,13.520531,14.491844,10.705573,5.833852,6.4877977,9.616793,9.444887,13.714866,7.8189073,9.706108,9.166418,7.6828523,7.6058135,14.557252,20.499495,9.616793,10.663148,8.228258,7.9133205,8.290837,10.716652,5.366652,9.418095,9.530759,10.147662,10.640166,9.444688,8.558951,10.196685,9.024347,10.957083,9.995755,7.74649,9.730437,8.283708,8.450258,8.557131,14.374221,9.571612,9.616793,9.571612,9.616793,15.195659,20.344934,11.1600685,7.388071,7.1012363,4.5899754,8.275902,7.1049976,8.408255,8.50585,11.731276,6.8660336,14.611173,5.7341213,6.9561634,10.4398775,9.621101
14.808259,0.0,14.619194,14.905143,13.870261,14.364399,15.120163,14.524165,14.524165,14.524165,14.524165,14.577286,14.719486,15.414122,15.790895,14.765793,15.1999855,14.746661,15.422791,14.161573,14.38908,20.785837,15.093483,14.341815,15.129948,14.504879,14.822336,12.895434,14.622914,14.775737,15.357562,14.249023,15.084934,13.567075,14.27626,12.983272,14.137686,15.802711,13.692039,14.640393,15.442743,13.93188,13.746155,14.044055,15.32601,15.389171,15.790895,14.352404,16.925179,7.3223004,15.1999855,14.588111,14.586391,15.389171,15.355389,8.740192,15.680888,15.4248905,13.951778,14.264847,14.4848585,7.5901904,20.998755,15.389171,15.01673,14.185755,14.845456,13.304173,14.957946,15.054861,13.7264385,15.41909,14.103781,14.045867,14.154299,14.417514,15.176973,13.757111,15.37786,15.552217,14.271691,14.627882,14.32421,14.378361,14.072185,6.026987,15.32601,15.389171,15.32601,15.389171,18.872465,21.078342,15.385085,15.859781,15.020282,14.82572,14.97645,14.496336,14.014002,15.469851,16.351728,14.120192,7.480755,14.723665,14.400553,15.156199,14.254363
6.9196725,14.619194,0.0,2.6909766,6.8925633,11.676543,11.057038,2.319114,2.319114,2.319114,2.319114,7.994991,8.364364,11.482292,5.5734763,5.789539,10.298557,7.1543803,11.101256,3.1516225,5.873222,19.812849,10.113863,5.980006,2.2999852,3.242366,6.333386,8.438543,3.123661,6.6720023,10.71256,5.4805036,10.946514,9.207818,7.3474708,8.085051,7.9748764,10.64485,8.145913,2.3590717,6.6714325,8.764547,8.812086,8.035045,11.055701,10.829912,5.5734763,4.8579135,13.143161,14.7773,10.298557,6.112352,6.814236,10.829912,10.982422,13.324067,5.437388,10.530304,9.84348,6.969178,5.9528093,14.65257,19.973457,10.829912,10.962111,8.607569,5.01164,7.055931,8.982793,4.4883194,8.029268,10.368237,9.6089325,11.083429,7.8056226,6.1946483,6.8943305,8.414398,11.234595,10.448968,7.477317,11.003524,9.138868,9.108606,8.121039,14.153078,11.055701,10.829912,11.055701,10.829912,14.338917,20.691315,9.399803,6.054693,4.5780573,5.264786,6.036733,4.281468,7.0828567,4.938758,8.733045,3.5781612,14.73544,6.653649,5.267313,11.400328,7.077569
6.4862742,14.905143,2.6909766,0.0,7.0975585,12.053238,11.129908,1.8535058,1.8535058,1.8535058,1.8535058,7.8977723,8.046984,11.516093,4.924473,4.7100153,10.492842,6.6529226,11.087729,2.8894436,6.131608,20.009327,10.042474,6.0572486,3.1712356,3.1581147,5.9283166,8.57784,2.9395955,6.2613716,10.751954,5.695648,11.040508,9.008777,7.4029164,8.188933,8.130843,10.470282,8.485061,1.2006867,5.7994113,9.188931,8.7225,7.933675,11.013648,10.850671,4.924473,4.723643,13.199542,15.002353,10.492842,6.201662,6.9224124,10.850671,10.560144,13.328749,5.0806813,10.623065,10.225314,7.0323896,5.535039,14.904504,20.20884,10.850671,11.055715,8.775739,4.3810024,7.2786317,9.366273,4.001894,8.516736,10.441507,9.639622,11.137975,7.700209,6.391989,7.7488866,8.822367,11.446756,10.490544,7.3642387,10.972946,9.136805,9.1095915,8.24022,14.43725,11.013648,10.850671,11.013648,10.850671,14.039499,20.848604,9.466495,5.071308,4.126234,4.8449764,6.24445,4.3886037,7.5615816,5.0520725,8.876946,3.6526978,15.038918,6.463001,5.3300366,11.520592,7.635706
8.637065,13.870261,6.8925633,7.0975585,0.0,8.954033,8.203946,6.7984014,6.7984014,6.7984014,6.7984014,5.4115286,6.3095865,8.984586,9.186134,8.024357,8.110063,6.5617876,8.571057,6.8761544,5.4070935,19.496038,9.177522,7.848157,7.696778,7.0797806,6.1386714,6.792204,7.526449,6.422617,8.480022,4.734544,8.201347,7.916426,3.885723,8.6270485,5.635378,8.5090475,8.084032,6.722017,7.972471,5.9973826,6.8629656,5.754325,8.774809,8.31384,9.186134,6.901404,11.54392,13.5713415,8.110063,8.168428,6.221716,8.31384,9.037744,12.731647,8.6970215,8.198256,8.520214,6.045321,6.7143307,13.7318535,19.62184,8.31384,8.098071,5.20447,7.7006207,4.2941046,7.670345,7.5773535,5.539471,8.143117,7.812783,8.484247,6.976584,6.770155,8.841913,7.731524,9.672037,8.630536,6.298266,8.610793,7.119032,7.048171,6.232554,13.488985,8.774809,8.31384,8.774809,8.31384,13.318361,19.5687,6.6176825,9.016143,8.047063,7.3487415,8.803805,7.459399,8.661011,8.683358,8.994353,6.99479,13.668411,6.17264,5.9274893,9.477949,7.0033803
11.443684,14.364399,11.676543,12.053238,8.954033,0.0,5.348615,11.412408,11.412408,11.412408,11.412408,8.227092,8.320692,6.695546,14.507127,12.6423025,7.257359,9.290084,6.756102,11.656348,9.4618025,17.92663,9.582438,10.618957,13.017656,12.391923,10.192139,7.9182577,12.032322,9.537522,6.7788806,9.321621,5.270026,11.415051,8.024147,11.765528,10.017984,8.106742,12.321253,11.376979,11.194502,7.857915,9.140929,9.710827,6.555116,6.725686,14.507127,10.399489,10.811851,13.172156,7.257359,11.099856,9.282263,6.725686,7.984314,14.397588,14.416626,7.136528,7.951052,8.003928,9.846097,13.6004095,20.26623,6.725686,5.2186174,8.109769,12.842903,7.4826465,10.868139,12.237778,7.56934,7.4283667,8.419096,5.283308,12.324114,11.943972,13.090633,9.09596,8.055897,7.945897,9.078356,5.9433146,6.848864,6.7499766,8.166257,14.339249,6.555116,6.725686,6.555116,6.725686,15.431018,18.00545,10.908469,14.154825,12.628292,10.490648,13.840307,11.837601,11.193312,13.958612,14.446977,11.933728,13.355225,9.669888,9.671709,6.8908496,10.743013
10.751239,15.120163,11.057038,11.129908,8.203946,5.348615,0.0,10.715809,10.715809,10.715809,10.715809,6.7851043,6.852345,4.5868816,14.025168,11.908659,5.438973,7.9814334,4.1030045,11.119508,8.81741,17.636072,8.613446,9.796691,12.445689,11.880283,9.160276,8.372216,11.535837,8.463991,4.9897175,8.55013,1.0994349,10.647119,6.713046,11.471697,8.93434,5.378855,12.390108,10.503307,9.935347,8.482741,7.930126,8.48071,4.29408,4.39926,14.025168,9.707871,8.981523,13.973429,5.438973,10.335564,8.494191,4.39926,6.476818,14.880325,13.830174,5.30894,7.4370418,7.1322017,9.00492,14.485423,20.189556,4.39926,1.3213124,7.4131694,12.190229,7.5148406,9.889421,11.398034,8.674191,5.7305927,7.1184626,5.855388,11.6906185,11.579092,13.132404,8.359841,8.290047,6.0048847,7.744559,5.064349,5.6150928,5.366118,6.8449955,15.026447,4.29408,4.39926,4.29408,4.39926,13.813182,17.930485,9.913521,13.399882,12.027506,9.462465,13.455635,11.306527,11.754964,13.4833975,13.785037,11.536154,14.466065,8.764852,8.742482,5.627736,10.9043455
6.438205,14.524165,2.319114,1.8535058,6.7984014,11.412408,10.715809,0.0,0.0,0.0,0.0,7.6229086,7.8735156,11.17625,5.0980916,5.0027785,10.036765,6.460599,10.823237,2.7834847,5.4456835,19.580542,9.740395,5.6263065,3.0402932,2.8316643,5.882982,8.212883,2.887948,6.1334157,10.346788,5.0608144,10.605591,8.967554,7.0406604,8.025269,8.026824,10.400488,8.271263,1.3018458,6.0718775,8.736123,8.647347,7.9005437,10.661635,10.525994,5.0980916,4.3535995,13.001552,14.6131525,10.036765,5.806026,6.546748,10.525994,10.399346,13.132711,5.245592,10.255317,9.684366,6.3778563,5.3097153,14.536635,19.8621,10.525994,10.541341,8.402021,4.67218,6.7843933,8.914919,4.227492,7.8684864,10.090056,9.275842,10.6945915,7.6848702,6.1449103,7.136621,8.353381,10.894155,10.142532,7.1556435,10.592279,8.836066,8.7120285,7.930913,14.064325,10.661635,10.525994,10.661635,10.525994,14.145529,20.474638,9.291379,5.459758,3.9501488,4.789278,6.1190486,3.8762417,6.932196,4.912638,8.818304,3.3148541,14.641786,6.2274237,4.976503,11.152218,7.1199846
6.438205,14.524165,2.319114,1.8535058,6.7984014,11.412408,10.715809,0.0,0.0,0.0,0.0,7.6229086,7.8735156,11.17625,5.0980916,5.0027785,10.036765,6.460599,10.823237,2.7834847,5.4456835,19.580542,9.740395,5.6263065,3.0402932,2.8316643,5.882982,8.212883,2.887948,6.1334157,10.346788,5.0608144,10.605591,8.967554,7.0406604,8.025269,8.026824,10.400488,8.271263,1.3018458,6.0718775,8.736123,8.647347,7.9005437,10.661635,10.525994,5.0980916,4.3535995,13.001552,14.6131525,10.036765,5.806026,6.546748,10.525994,10.399346,13.132711,5.245592,10.255317,9.684366,6.3778563,5.3097153,14.536635,19.8621,10.525994,10.541341,8.402021,4.67218,6.7843933,8.914919,4.227492,7.8684864,10.090056,9.275842,10.6945915,7.6848702,6.1449103,7.136621,8.353381,10.894155,10.142532,7.1556435,10.592279,8.836066,8.7120285,7.930913,14.064325,10.661635,10.525994,10.661635,10.525994,14.145529,20.474638,9.291379,5.459758,3.9501488,4.789278,6.1190486,3.8762417,6.932196,4.912638,8.818304,3.3148541,14.641786,6.2274237,4.976503,11.152218,7.1199846
6.438205,14.524165,2.319114,1.8535058,6.7984014,11.412408,10.715809,0.0,0.0,0.0,0.0,7.6229086,7.8735156,11.17625,5.0980916,5.0027785,10.036765,6.460599,10.823237,2.7834847,5.4456835,19.580542,9.740395,5.6263065,3.0402932,2.8316643,5.882982,8.212883,2.887948,6.1334157,10.346788,5.0608144,10.605591,8.967554,7.0406604,8.025269,8.026824,10.400488,8.271263,1.3018458,6.0718775,8.736123,8.647347,7.9005437,10.661635,10.525994,5.0980916,4.3535995,13.001552,14.6131525,10.036765,5.806026,6.546748,10.525994,10.399346,13.132711,5.245592,10.255317,9.684366,6.3778563,5.3097153,14.536635,19.8621,10.525994,10.541341,8.402021,4.67218,6.7843933,8.914919,4.227492,7.8684864,10.090056,9.275842,10.6945915,7.6848702,6.1449103,7.136621,8.353381,10.894155,10.142532,7.1556435,10.592279,8.836066,8.7120285,7.930913,14.064325,10.661635,10.525994,10.661635,10.525994,14.145529,20.474638,9.291379,5.459758,3.9501488,4.789278,6.1190486,3.8762417,6.932196,4.912638,8.818304,3.3148541,14.641786,6.2274237,4.976503,11.152218,7.1199846
6.438205,14.524165,2.319114,1.8535058,6.7984014,11.412408,10.715809,0.0,0.0,0.0,0.0,7.6229086,7.8735156,11.17625,5.0980916,5.0027785,10.036765,6.460599,10.823237,2.7834847,5.4456835,19.580542,9.740395,5.6263065,3.0402932,2.8316643,5.882982,8.212883,2.887948,6.1334157,10.346788,5.0608144,10.605591,8.967554,7.0406604,8.025269,8.026824,10.400488,8.271263,1.3018458,6.0718775,8.736123,8.647347,7.9005437,10.661635,10.525994,5.0980916,4.3535995,13.001552,14.6131525,10.036765,5.806026,6.546748,10.525994,10.399346,13.132711,5.245592,10.255317,9.684366,6.3778563,5.3097153,14.536635,19.8621,10.525994,10.541341,8.402021,4.67218,6.7843933,8.914919,4.227492,7.8684864,10.090056,9.275842,10.6945915,7.6848702,6.1449103,7.136621,8.353381,10.894155,10.142532,7.1556435,10.592279,8.836066,8.7120285,7.930913,14.064325,10.661635,10.525994,10.661635,10.525994,14.145529,20.474638,9.291379,5.459758,3.9501488,4.789278,6.1190486,3.8762417,6.932196,4.912638,8.818304,3.3148541,14.641786,6.2274237,4.976503,11.152218,7.1199846
7.4159455,14.577286,7.994991,7.8977723,5.4115286,8.227092,6.7851043,7.6229086,7.6229086,7.6229086,7.6229086,0.0,5.807262,5.9963546,10.263091,8.345051,7.0322666,5.875727,5.331348,8.115067,5.6743712,18.512224,7.248338,7.2124186,8.950631,8.499461,4.6872926,7.4209633,8.505811,4.826066,5.12578,5.4923277,6.828721,8.452057,3.6395657,9.973816,5.791958,5.5382,9.0465,7.4826307,6.4639897,5.340676,6.083995,5.348531,5.482955,4.8315196,10.263091,6.4571424,10.591118,13.873359,7.0322666,7.316167,4.241375,4.8315196,6.4267426,13.584137,9.423172,4.802117,7.023765,5.404637,7.09129,14.178278,19.770117,4.8315196,6.607472,4.9212055,8.762105,5.054043,8.181529,7.226103,6.648728,4.840007,7.244023,8.091858,8.251859,7.6490655,10.135235,6.9083667,8.356686,6.140932,4.8870454,6.360673,5.0345287,4.5568037,4.4845085,14.317853,5.482955,4.8315196,5.482955,4.8315196,13.228323,18.966589,7.809605,9.345215,8.488932,6.290521,9.708347,8.034347,9.413832,9.616435,10.423536,8.289131,14.213727,4.486199,6.0572577,7.1959248,8.51569
8.967693,14.719486,8.364364,8.046984,6.3095865,8.320692,6.852345,7.8735156,7.8735156,7.8735156,7.8735156,5.807262,0.0,8.078571,10.820338,9.0363,6.9548697,5.7822237,7.3394303,8.393708,6.967673,18.72069,7.382932,8.075791,9.409693,8.873435,7.5357757,7.472046,8.786554,7.161039,7.2109556,6.69581,6.782209,8.311846,5.091036,9.6901245,7.059717,6.6377506,10.506883,7.6218505,8.03605,8.446488,7.4633107,6.560395,7.6672063,7.0860577,10.820338,8.054415,9.609717,14.057962,6.9548697,8.3450575,7.4562893,7.0860577,7.9253864,13.958568,11.059482,6.976525,8.744443,5.9810433,6.52885,14.338341,20.4782,7.0860577,6.72377,7.342022,9.1507845,5.8232307,8.166511,8.944376,7.359856,6.859829,6.909943,7.2028804,9.353785,8.61144,10.80004,8.762916,9.387625,7.424788,6.6370287,7.262423,6.3256097,5.99172,6.4103246,14.601762,7.6672063,7.0860577,7.6672063,7.0860577,12.472377,19.38905,8.061493,10.553649,9.317709,7.901748,10.546717,8.788493,10.22924,10.68891,10.656276,8.922289,14.55705,7.625646,6.724824,8.700229,8.541599
10.172387,15.414122,11.482292,11.516093,8.984586,6.695546,4.5868816,11.17625,11.17625,11.17625,11.17625,5.9963546,8.078571,0.0,14.241967,12.043018,7.4478693,8.858066,2.3651552,11.580897,9.42247,18.007166,8.666928,10.069184,12.729929,12.31619,8.636862,9.036857,11.797192,7.9679265,4.0153766,9.260369,4.5767636,11.162288,7.5789213,12.471564,9.022374,5.0922465,12.453739,10.981123,9.628764,7.705974,7.7675347,8.598017,2.505824,2.8117142,14.241967,9.376788,10.076341,14.380897,7.4478693,10.519209,7.594684,2.8117142,6.2986445,15.333652,13.535777,4.438327,6.9571266,8.000747,9.762888,14.847486,20.661345,2.8117142,4.895274,7.1311064,12.393686,8.475144,11.224004,10.994285,9.612688,5.175489,8.432459,7.061033,11.847576,11.957577,13.615935,7.8002687,8.62024,6.359242,7.3178554,4.3187056,5.12474,4.8631153,6.623133,15.374425,2.505824,2.8117142,2.505824,2.8117142,14.778958,18.576544,10.923753,13.192416,12.098486,9.005148,13.597388,11.428387,11.8089695,13.506406,14.508842,11.924445,14.806664,8.096262,9.221237,4.274252,11.608969
8.6904125,15.790895,5.5734763,4.924473,9.186134,14.507127,14.025168,5.0980916,5.0980916,5.0980916,5.0980916,10.263091,10.820338,14.241967,0.0,5.2964635,12.7005825,8.61673,13.884296,5.219896,7.918743,21.241865,12.241644,8.231525,4.4033527,4.2465754,8.180684,11.017345,5.342387,8.869507,13.32813,7.771927,13.944751,10.640574,9.703683,9.552792,10.048988,13.196422,9.46012,5.4713063,7.920892,11.141525,11.3203,10.227844,13.763067,13.539581,0.0,7.3390965,15.177477,16.09125,12.7005825,7.7737575,9.199826,13.539581,13.012152,13.769427,4.828446,13.111208,12.348332,9.546884,8.218767,15.85292,20.77413,13.539581,13.856953,11.033921,4.9464107,9.458051,10.234398,6.1559534,10.177403,12.9078045,11.607907,13.803487,8.434784,6.9698896,7.3453455,11.041667,13.37518,12.719975,9.798197,13.66677,11.934584,11.780101,10.658141,15.285332,13.763067,13.539581,13.763067,13.539581,15.092157,22.05217,10.588637,4.3968763,5.5199056,8.082227,6.021377,6.194421,8.672833,4.8632536,8.605948,5.0610185,16.07237,8.772011,7.9418626,14.233951,8.617641
6.555607,14.765793,5.789539,4.7100153,8.024357,12.6423025,11.908659,5.0027785,5.0027785,5.0027785,5.0027785,8.345051,9.0363,12.043018,5.2964635,0.0,11.335519,6.91144,11.687455,4.8964653,7.049672,20.070274,9.8902445,6.643991,5.549439,4.8461018,6.4892244,9.173694,5.555287,7.053954,11.337997,6.917682,11.886239,9.296488,8.285459,8.608508,8.803973,11.154776,8.479027,5.075727,6.3313227,9.536297,9.329016,8.4788885,11.495494,11.439361,5.2964635,5.993439,13.744793,14.750356,11.335519,6.5025754,7.760667,11.439361,10.491643,12.787373,5.870785,11.253478,10.528549,8.044615,6.8196197,14.691695,20.322237,11.439361,11.774832,9.214305,4.920293,7.922695,9.645181,5.3068976,9.397746,11.072702,9.838103,11.523861,7.7650876,6.4430814,8.704962,9.632186,12.130819,11.107978,7.945502,11.315116,9.759069,9.690491,8.820541,14.214242,11.495494,11.439361,11.495494,11.439361,14.30625,21.052332,9.87888,4.9341636,5.9475718,6.430052,6.5978312,6.3788548,8.26584,6.6053743,9.480057,5.094719,14.855364,7.126815,6.9694715,12.222751,8.526656
10.705573,15.1999855,10.298557,10.492842,8.110063,7.257359,5.438973,10.036765,10.036765,10.036765,10.036765,7.0322666,6.9548697,7.4478693,12.7005825,11.335519,0.0,6.960999,6.727953,10.599713,7.511218,17.884449,8.478838,9.140493,11.52942,11.082811,8.773456,8.798436,11.011646,8.343656,5.779137,7.703563,5.4311543,10.391885,6.6599493,10.798872,8.481018,6.466229,11.820299,9.913628,9.5202675,8.914895,8.41878,8.453317,6.8573623,6.395083,12.7005825,9.503427,8.6846285,14.039699,0.0,9.151666,8.14437,6.395083,7.582586,14.619355,13.079804,5.735742,8.337555,6.3040133,8.618351,14.347725,19.747375,6.395083,5.032766,7.8578124,11.742123,7.4519253,8.4648075,10.898454,8.004672,5.6429224,7.168816,7.648739,10.891846,10.687829,11.6078,8.516575,7.0685463,4.009177,8.187079,7.1767554,6.945234,6.5076647,7.19454,15.114977,6.8573623,6.395083,6.8573623,6.395083,13.04017,18.033352,8.917773,12.642911,11.0027895,9.374522,12.360874,10.337302,11.139199,12.309177,12.629341,10.81404,14.389047,8.498163,8.041973,7.5425105,10.22498
7.8775787,14.746661,7.1543803,6.6529226,6.5617876,9.290084,7.9814334,6.460599,6.460599,6.460599,6.460599,5.875727,5.7822237,8.858066,8.61673,6.91144,6.960999,0.0,8.246148,7.109639,4.945894,18.692093,8.234495,7.1240234,7.879713,7.2908263,5.816382,8.0869,7.5398088,5.322886,7.5436797,5.181648,7.938467,8.603672,5.620114,9.449352,6.8252535,7.298628,9.671844,6.3531303,6.42433,8.350116,7.416069,6.505537,8.162667,7.8442,8.61673,6.7009935,10.44011,14.0862,6.960999,7.0486436,6.3149123,7.8442,7.0106697,13.32601,9.197206,7.4121118,8.717545,4.7664547,4.775885,14.133647,20.15996,7.8442,7.718768,7.07762,7.351362,5.931165,7.873711,7.3836017,7.3068514,7.1964397,7.0729294,8.654491,8.022822,7.02254,9.402933,8.05074,8.919875,7.164446,6.3799987,8.191205,7.132553,6.8981085,6.5199103,14.356305,8.162667,7.8442,8.162667,7.8442,12.504126,19.594378,7.4165773,8.287833,7.8334603,6.766605,9.279391,7.6365256,8.935964,9.064968,9.9477625,7.4364414,14.3155155,6.0948462,5.57191,9.220649,7.903541
9.828746,15.422791,11.101256,11.087729,8.571057,6.756102,4.1030045,10.823237,10.823237,10.823237,10.823237,5.331348,7.3394303,2.3651552,13.884296,11.687455,6.727953,8.246148,0.0,11.206207,9.038467,17.954863,8.25818,9.546606,12.377854,11.948798,8.20077,8.709969,11.499092,7.6744666,3.5963645,8.853505,4.363279,10.800281,7.0100646,11.972701,8.539666,3.7471874,12.048891,10.5627575,9.093239,7.536453,7.377782,8.019748,2.3245528,1.401736,13.884296,9.129296,9.573412,14.324154,6.727953,9.92868,7.414112,1.401736,5.8942804,15.126766,13.285467,3.465008,6.990868,7.5805774,9.400544,14.8280115,20.464827,1.401736,4.3841467,6.851302,12.05468,8.006764,10.535942,10.623034,9.189929,4.21127,7.7412763,7.0255103,11.599329,11.460107,13.265627,8.072228,8.352322,5.6209044,7.021762,4.38195,4.81571,4.5168653,6.121754,15.354391,2.3245528,1.401736,2.3245528,1.401736,14.109289,18.368464,10.491884,12.894715,11.845715,8.688315,13.154452,11.197517,11.61468,13.23439,13.947875,11.543956,14.812418,7.7441816,8.710173,4.656065,11.388136
6.7398663,14.161573,3.1516225,2.8894436,6.8761544,11.656348,11.119508,2.7834847,2.7834847,2.7834847,2.7834847,8.115067,8.393708,11.580897,5.219896,4.8964653,10.599713,7.109639,11.206207,0.0,6.2679534,19.837074,10.283965,5.625393,3.6811368,2.042818,6.518898,7.955602,2.9376116,6.984164,10.957969,5.7275376,11.053303,8.780097,7.434709,7.559759,8.107759,10.800924,8.043317,2.836943,6.6680427,8.765464,8.740266,8.01053,11.159725,10.989629,5.219896,4.4316792,13.426311,14.405733,10.599713,6.0786314,7.2649336,10.989629,10.710404,12.667272,5.65535,10.817472,9.9636,7.1967154,6.0031395,14.292865,19.782175,10.989629,11.0201,8.767606,4.3605247,6.817544,9.179441,4.9411464,8.050426,10.689758,9.359121,10.701332,7.66197,6.4812856,7.5608068,8.697096,11.448382,10.736676,7.503266,10.972857,9.247478,9.165594,8.267637,13.653513,11.159725,10.989629,11.159725,10.989629,14.393317,20.467297,9.651829,5.569532,4.9342003,5.5183463,6.3769736,4.7057753,6.8339176,5.5706525,9.069741,2.5272741,14.378516,6.8916836,5.6747375,11.585413,7.3603926
7.3820105,14.38908,5.873222,6.131608,5.4070935,9.4618025,8.81741,5.4456835,5.4456835,5.4456835,5.4456835,5.6743712,6.967673,9.42247,7.918743,7.049672,7.511218,4.945894,9.038467,6.2679534,0.0,18.9283,8.768813,6.421848,6.6752925,6.2461925,4.595554,7.7575493,6.5849423,4.895207,8.081692,2.1497781,8.750245,8.461729,5.056658,8.997455,6.635163,8.899493,8.319593,5.613358,7.0258837,6.848298,7.5179963,6.530016,8.829391,8.591304,7.918743,5.889972,11.612815,13.908935,7.511218,6.4317107,4.681923,8.591304,8.645307,12.992959,7.8944936,7.9925137,8.581342,2.9105792,5.3803306,13.929836,19.67436,8.591304,8.4553995,6.3824887,7.377561,5.0299425,7.923774,6.6326137,5.8485456,7.880115,8.26604,9.139147,6.7661567,6.699409,7.780622,7.513197,8.767609,7.817725,6.916572,8.833128,7.5782733,7.300144,6.779682,13.947153,8.829391,8.591304,8.829391,8.591304,13.977752,19.56782,7.531919,7.9639635,6.5613627,6.2459793,7.8924165,6.1921315,8.034465,7.4480433,9.548455,6.0499187,14.043783,4.532042,4.7560534,9.710653,7.521191
19.400726,20.785837,19.812849,20.009327,19.496038,17.92663,17.636072,19.580542,19.580542,19.580542,19.580542,18.512224,18.72069,18.007166,21.241865,20.070274,17.884449,18.692093,17.954863,19.837074,18.9283,0.0,17.80166,18.665462,20.44538,20.178999,19.359308,18.335695,19.888132,19.207033,17.812904,18.947325,17.71367,19.78881,18.700706,19.663006,19.649792,18.153868,20.284176,19.66151,19.392511,19.039114,19.150278,19.56592,17.843834,17.996136,21.241865,19.148788,18.305773,20.058977,17.884449,18.679052,18.798103,17.996136,18.374731,21.147848,21.414186,18.020947,17.730192,18.219946,19.199915,20.168299,17.005268,17.996136,17.49625,19.36044,20.443674,18.559774,18.936113,19.957975,19.12569,18.017622,18.036394,18.154434,20.37696,19.979366,20.379608,18.158106,18.528603,17.791588,18.809284,17.996387,18.226778,17.919302,18.253937,20.465971,17.843834,17.996136,17.843834,17.996136,20.317451,13.581886,20.20015,20.99615,20.088861,19.17522,21.123676,19.616894,19.999092,20.888584,21.679564,19.947042,20.309332,19.099737,18.772287,17.647375,19.853796
8.278975,15.093483,10.113863,10.042474,9.177522,9.582438,8.613446,9.740395,9.740395,9.740395,9.740395,7.248338,7.382932,8.666928,12.241644,9.8902445,8.478838,8.234495,8.25818,10.283965,8.768813,17.80166,0.0,8.29284,11.054346,10.83687,8.242732,9.166379,10.498008,8.358424,7.8880506,8.88466,8.545236,10.056746,8.001253,10.879453,9.272966,7.942744,11.084602,9.636649,7.872523,9.201408,8.714428,8.752956,8.181023,8.058121,12.241644,8.984803,10.961801,14.079789,8.478838,8.225959,8.033424,8.058121,8.464345,14.551851,11.958795,7.9430385,8.121588,8.076742,9.116681,14.389671,20.183786,8.058121,8.418591,8.453537,10.857623,8.445039,9.597134,9.545346,9.520071,7.5482006,8.224692,9.315103,11.128082,9.970364,11.941778,8.84125,9.649206,7.7593346,7.7663026,7.6759796,6.6090984,6.3827066,7.255456,14.789996,8.181023,8.058121,8.181023,8.058121,13.85279,19.157768,10.852393,11.366935,10.42908,8.476728,11.568057,9.964534,10.964029,11.805094,12.816488,10.344793,14.5197935,8.241314,8.470508,8.929322,10.335647
5.643872,14.341815,5.980006,6.0572486,7.848157,10.618957,9.796691,5.6263065,5.6263065,5.6263065,5.6263065,7.2124186,8.075791,10.069184,8.231525,6.643991,9.140493,7.1240234,9.546606,5.625393,6.421848,18.665462,8.29284,0.0,6.9536104,6.253036,6.3408237,7.9055176,6.17424,6.7928014,9.250991,6.563618,9.782272,9.156913,7.6079254,8.41592,8.711353,9.24776,8.608598,5.6675334,5.9217205,8.485195,8.460628,8.086989,9.433669,9.332726,8.231525,4.448805,12.47484,14.147856,9.140493,2.3090498,6.7972717,9.332726,9.376772,13.183136,8.023639,9.195687,8.445439,6.606223,7.1109934,14.247661,19.380325,9.332726,9.602654,8.261904,7.5848913,7.336085,9.27093,5.7692986,8.600438,9.014176,8.413659,9.851603,9.146493,7.8924837,9.056388,8.337293,10.391013,8.957865,7.1955395,9.45722,7.953268,7.6835675,7.4607377,13.728329,9.433669,9.332726,9.433669,9.332726,14.274566,19.447235,10.41438,7.6479306,6.6816196,4.855627,7.8437896,6.5744495,7.6713896,8.022596,10.842693,5.7178235,14.071825,6.4764013,6.095961,10.059568,8.524486
7.5924277,15.129948,2.2999852,3.1712356,7.696778,13.017656,12.445689,3.0402932,3.0402932,3.0402932,3.0402932,8.950631,9.409693,12.729929,4.4033527,5.549439,11.52942,7.879713,12.377854,3.6811368,6.6752925,20.44538,11.054346,6.9536104,0.0,2.7508163,6.9968305,9.632554,3.6217597,7.554377,11.874917,6.3674335,12.3611765,9.823378,8.373072,8.579522,8.693092,11.831606,8.510534,3.4904034,7.353628,9.708426,9.892009,8.936302,12.294927,12.052409,4.4033527,5.701426,14.031338,15.456539,11.52942,6.7899146,7.706729,12.052409,12.11309,13.663189,4.4224596,11.664285,10.923524,8.1177435,6.773148,15.269534,20.210306,12.052409,12.321927,9.590375,4.657111,8.139809,9.41194,4.638067,8.866989,11.473916,10.601867,12.39769,7.939388,6.113757,6.857869,9.492433,12.297237,11.528352,8.353647,12.247823,10.402947,10.320069,9.145759,14.671751,12.294927,12.052409,12.294927,12.052409,14.584665,21.363556,9.772654,5.309034,4.557823,6.3530297,5.3932567,4.550338,7.5602527,4.1630087,8.251557,3.6682827,15.362634,7.498497,6.30742,12.674326,7.4552083
7.29914,14.504879,3.242366,3.1581147,7.0797806,12.391923,11.880283,2.8316643,2.8316643,2.8316643,2.8316643,8.499461,8.873435,12.31619,4.2465754,4.8461018,11.082811,7.2908263,11.948798,2.042818,6.2461925,20.178999,10.83687,6.253036,2.7508163,0.0,6.78086,8.7701435,3.240799,7.3699207,11.5389385,5.816156,11.830211,9.095753,7.7268248,7.886904,8.257812,11.427542,8.074374,3.3399093,7.201975,9.171199,9.409279,8.41044,11.899039,11.646691,4.2465754,5.0382237,13.760743,14.834668,11.082811,6.3361344,7.547162,11.646691,11.523147,12.875713,4.924782,11.322189,10.615704,7.5486054,6.3273425,14.671293,19.89198,11.646691,11.721007,9.181165,4.152878,7.2594633,8.947405,5.009509,8.178633,11.147575,9.905199,11.596823,7.521392,5.96854,6.8570127,9.236407,11.924355,11.206188,7.9245825,11.774356,10.048786,9.880978,8.725194,14.030505,11.899039,11.646691,11.899039,11.646691,14.314636,20.885687,9.431788,5.183395,4.680095,6.2657423,5.6152697,4.513107,6.929115,4.7528977,8.323668,2.3987901,14.721446,7.2405586,5.9098125,12.324895,7.137434
5.543594,14.822336,6.333386,5.9283166,6.1386714,10.192139,9.160276,5.882982,5.882982,5.882982,5.882982,4.6872926,7.5357757,8.636862,8.180684,6.4892244,8.773456,5.816382,8.20077,6.518898,4.595554,19.359308,8.242732,6.3408237,6.9968305,6.78086,0.0,8.187986,6.770448,2.7204206,7.8740745,4.2384663,9.152094,8.703244,5.871343,9.617271,6.5373983,8.096263,8.2496,5.731799,4.973545,6.1245213,6.5143075,6.087688,7.909173,7.8669643,8.180684,4.639669,12.375428,14.384947,8.773456,6.395573,2.8387806,7.8669643,7.836972,13.35461,7.0314684,7.883031,7.9638114,5.553571,6.457711,14.431889,20.107569,7.8669643,9.0393,5.5382795,7.255956,6.096755,9.371858,4.6406155,7.3848248,7.7107635,8.781302,9.726571,7.259846,7.0067925,9.1671915,7.167907,9.154137,7.8491025,6.107254,8.157516,6.6018834,6.607214,6.268926,14.403212,7.909173,7.8669643,7.909173,7.8669643,14.256043,19.961618,8.539744,6.7483687,6.625544,4.3450627,7.9137716,6.517836,8.254325,7.633224,10.039672,6.540202,14.567205,1.4492508,5.1433067,9.285971,8.6683445
8.929291,12.895434,8.438543,8.57784,6.792204,7.9182577,8.372216,8.212883,8.212883,8.212883,8.212883,7.4209633,7.472046,9.036857,11.017345,9.173694,8.798436,8.0869,8.709969,7.955602,7.7575493,18.335695,9.166379,7.9055176,9.632554,8.7701435,8.187986,0.0,8.119734,7.8506446,8.853112,7.2717485,8.386504,8.555061,7.00484,8.852667,8.342316,9.235502,9.219476,8.081454,8.952936,7.1662736,7.7665067,8.050345,8.867122,8.762564,11.017345,7.6739187,11.654631,12.510023,8.798436,8.538829,7.7277827,8.762564,9.219678,11.965664,11.076928,8.8191805,8.289803,7.2079935,7.9807434,12.666414,19.16079,8.762564,8.328212,7.7538204,8.908636,5.444768,9.602863,9.109768,6.747725,8.85595,8.103945,6.519416,9.094689,9.296679,10.581391,8.458963,9.706734,9.257563,7.875277,8.333499,7.3279033,7.300829,7.3866386,12.6393585,8.867122,8.762564,8.867122,8.762564,14.868808,18.438929,10.004987,10.742938,9.296698,8.026355,10.374287,8.606904,9.041099,10.455934,11.795334,8.282252,12.580673,7.937236,6.517265,8.263845,9.1509
7.053548,14.622914,3.123661,2.9395955,7.526449,12.032322,11.535837,2.887948,2.887948,2.887948,2.887948,8.505811,8.786554,11.797192,5.342387,5.555287,11.011646,7.5398088,11.499092,2.9376116,6.5849423,19.888132,10.498008,6.17424,3.6217597,3.240799,6.770448,8.119734,0.0,7.0414524,11.177505,6.132171,11.458304,9.216307,8.002114,8.167388,8.524596,11.0958,8.346592,2.9103765,6.9283576,9.206021,9.198493,8.563836,11.409097,11.290758,5.342387,4.7817807,13.558409,14.812029,11.011646,6.550413,7.2450833,11.290758,11.188959,13.082672,5.457225,11.082143,10.366052,7.5656877,6.3001766,14.631517,19.975697,11.290758,11.446469,9.423165,4.3523164,7.621931,9.6397505,4.8053374,8.555673,10.971537,10.07128,11.35204,8.12694,6.878014,7.525193,8.878384,11.580542,11.027329,7.7348137,11.3905945,9.684991,9.568299,8.59081,14.1039,11.409097,11.290758,11.409097,11.290758,14.5342455,20.756886,10.119259,5.723202,4.5488553,5.4794784,6.578261,4.44843,6.8899746,5.114185,9.274482,3.3960567,14.748515,7.0720444,5.122782,11.418239,7.5701413
6.1287923,14.775737,6.6720023,6.2613716,6.422617,9.537522,8.463991,6.1334157,6.1334157,6.1334157,6.1334157,4.826066,7.161039,7.9679265,8.869507,7.053954,8.343656,5.322886,7.6744666,6.984164,4.895207,19.207033,8.358424,6.7928014,7.554377,7.3699207,2.7204206,7.8506446,7.0414524,0.0,7.3097625,4.6200986,8.401655,8.857239,5.9290204,9.918351,6.7282887,7.7774415,8.791457,5.9369984,5.2722664,6.5596447,6.477218,6.210443,7.279238,7.447918,8.869507,4.915177,12.078833,14.278961,8.343656,6.9815702,3.0912762,7.447918,7.3274813,13.4590225,7.8293962,7.5080786,7.625031,5.2993817,5.9433002,14.360843,20.306505,7.447918,8.394321,5.6570334,7.487327,6.058199,9.6948395,5.331279,7.413191,7.4376802,8.58772,9.066086,7.664395,7.477117,9.766635,6.9131136,8.817601,7.503411,5.940311,7.5707655,6.0954323,6.1307297,6.1926265,14.478713,7.279238,7.447918,7.279238,7.447918,14.331374,19.917831,8.650855,7.4779425,7.053786,4.4551115,8.63827,7.028086,8.620888,8.215095,10.595423,7.2076817,14.524884,2.5907326,5.126299,8.399717,8.804442
9.697139,15.357562,10.71256,10.751954,8.480022,6.7788806,4.9897175,10.346788,10.346788,10.346788,10.346788,5.12578,7.2109556,4.0153766,13.32813,11.337997,5.779137,7.5436797,3.5963645,10.957969,8.081692,17.812904,7.8880506,9.250991,11.874917,11.5389385,7.8740745,8.853112,11.177505,7.3097625,0.0,8.316298,5.0025277,10.638257,6.7210665,11.832358,8.2202015,4.837451,12.067081,10.211597,9.021378,7.555621,7.538789,7.9109125,2.9043484,2.9188838,13.32813,8.898918,9.826805,14.2857065,5.779137,9.400801,6.846458,2.9188838,5.536654,15.192061,12.891391,2.1603365,7.1546416,6.6192713,8.895309,14.754528,20.083158,2.9188838,4.7646513,6.7552238,11.77132,7.761457,10.083256,10.352837,8.417376,2.920577,8.1065,7.2714806,11.186417,11.041595,12.587179,7.678063,7.163215,4.4061866,6.703382,4.8619623,5.119242,4.5965295,6.1769986,15.305272,2.9043484,2.9188838,2.9043484,2.9188838,14.180818,18.310692,10.0489235,12.512433,11.09611,8.588893,12.667139,10.474229,11.156366,12.517445,13.749613,11.190296,14.640169,7.3686795,8.431088,5.09616,10.951223
7.421009,14.249023,5.4805036,5.695648,4.734544,9.321621,8.55013,5.0608144,5.0608144,5.0608144,5.0608144,5.4923277,6.69581,9.260369,7.771927,6.917682,7.703563,5.181648,8.853505,5.7275376,2.1497781,18.947325,8.88466,6.563618,6.3674335,5.816156,4.2384663,7.2717485,6.132171,4.6200986,8.316298,0.0,8.515965,8.143806,4.5695167,8.622343,6.2884026,8.769738,8.119763,5.1545873,6.9074116,6.434035,7.1985,6.327418,8.732936,8.488137,7.771927,5.6388144,11.543952,13.801914,7.703563,6.8099513,4.32898,8.488137,8.668278,12.765539,7.6199703,8.20301,8.304997,3.8173463,5.5141063,13.824852,19.60355,8.488137,8.270071,6.2028856,6.9309664,4.4380836,7.8108053,6.361434,5.684549,8.124179,7.8216505,8.950656,6.356952,6.5363398,7.6887136,7.1660542,8.901288,7.908679,6.701987,8.692231,7.320998,7.064505,6.3909287,13.823498,8.732936,8.488137,8.732936,8.488137,13.844214,19.474728,7.071054,7.715037,6.6600785,6.0715184,7.8277535,6.061706,8.00297,7.4046664,9.019846,5.7225027,13.975216,4.195383,4.3071704,9.642646,7.2445016
10.705646,15.084934,10.946514,11.040508,8.201347,5.270026,1.0994349,10.605591,10.605591,10.605591,10.605591,6.828721,6.782209,4.5767636,13.944751,11.886239,5.4311543,7.938467,4.363279,11.053303,8.750245,17.71367,8.545236,9.782272,12.3611765,11.830211,9.152094,8.386504,11.458304,8.401655,5.0025277,8.515965,0.0,10.551923,6.6403756,11.485705,8.876344,5.617769,12.417823,10.3921585,9.868009,8.557005,7.831885,8.415243,4.38263,4.5946403,13.944751,9.678334,9.231281,13.947437,5.4311543,10.321555,8.456454,4.5946403,6.3305097,14.910006,13.762645,5.4406586,7.3752146,7.051717,8.870361,14.467614,20.333038,4.5946403,1.6618859,7.3558455,12.126924,7.455655,9.993447,11.356989,8.63851,5.840703,7.1848426,5.6776834,11.594271,11.558436,13.091843,8.221883,8.17079,6.10757,7.6846995,5.001194,5.5473237,5.3328295,6.9016705,14.982813,4.38263,4.5946403,4.38263,4.5946403,14.043136,18.066565,9.826524,13.324109,11.903134,9.408622,13.379402,11.201581,11.691372,13.388189,13.817872,11.48628,14.455508,8.749092,8.776439,5.712961,10.794024
9.62846,13.567075,9.207818,9.008777,7.916426,11.415051,10.647119,8.967554,8.967554,8.967554,8.967554,8.452057,8.311846,11.162288,10.640574,9.296488,10.391885,8.603672,10.800281,8.780097,8.461729,19.78881,10.056746,9.156913,9.823378,9.095753,8.703244,8.555061,9.216307,8.857239,10.638257,8.143806,10.551923,0.0,7.9238076,8.960926,6.881842,10.691439,9.777747,8.823907,9.401002,9.328911,7.1678634,6.9377728,10.81223,10.712539,10.640574,9.038142,12.890094,13.428432,10.391885,9.611295,9.033106,10.712539,10.272604,12.701933,10.5197735,10.686649,10.072586,8.670276,8.858422,13.806327,20.274403,10.712539,10.595574,9.159224,9.043274,7.8166146,9.572351,9.573163,8.385325,10.634043,9.389973,9.813964,7.1946483,9.324348,10.822345,9.384312,11.451072,10.714164,8.245969,10.709534,9.485374,9.473771,8.477471,13.257478,10.81223,10.712539,10.81223,10.712539,14.838376,20.359823,8.987007,10.324891,9.258785,9.328161,9.237119,9.002726,10.319116,10.220068,11.083967,8.7730875,13.616386,8.846156,8.58968,11.400859,8.888427
8.422555,14.27626,7.3474708,7.4029164,3.885723,8.024147,6.713046,7.0406604,7.0406604,7.0406604,7.0406604,3.6395657,5.091036,7.5789213,9.703683,8.285459,6.6599493,5.620114,7.0100646,7.434709,5.056658,18.700706,8.001253,7.6079254,8.373072,7.7268248,5.871343,7.00484,8.002114,5.9290204,6.7210665,4.5695167,6.6403756,7.9238076,0.0,9.144246,5.6203575,6.8819637,8.87535,6.901084,7.4668994,6.1112823,6.64933,5.6351476,7.2713137,6.5899997,9.703683,7.1320066,10.593399,13.640623,6.6599493,7.764882,5.6168838,6.5899997,7.496864,13.171054,9.446491,6.350936,7.9104085,4.9822197,6.483881,13.923156,19.64781,6.5899997,6.481333,5.651115,8.207039,3.5492823,7.141556,7.9253373,5.350999,6.278535,6.878304,7.901402,7.594443,7.1024566,9.208885,7.319204,8.50956,7.0018725,5.689522,7.5338187,6.2548127,5.8706303,5.346015,14.008646,7.2713137,6.5899997,7.2713137,6.5899997,12.916722,18.990305,6.466738,9.517459,8.270181,7.2516904,9.485485,7.617818,9.2061405,9.231576,9.469814,7.656443,13.938693,5.760578,5.850152,8.492182,7.3057284
9.856171,12.983272,8.085051,8.188933,8.6270485,11.765528,11.471697,8.025269,8.025269,8.025269,8.025269,9.973816,9.6901245,12.471564,9.552792,8.608508,10.798872,9.449352,11.972701,7.559759,8.997455,19.663006,10.879453,8.41592,8.579522,7.886904,9.617271,8.852667,8.167388,9.918351,11.832358,8.622343,11.485705,8.960926,9.144246,0.0,9.628326,11.725934,9.742205,8.036547,9.885884,10.136324,9.91112,9.498944,12.107959,11.878415,9.552792,8.538378,13.106308,13.411149,10.798872,8.722595,9.968812,11.878415,11.882061,12.112962,9.975208,11.644396,10.842758,9.254624,9.096182,13.577516,19.871016,11.878415,11.360198,10.407442,8.659417,8.481429,9.818535,9.208157,9.303498,11.532888,9.784383,10.933691,9.612135,9.187309,9.221863,10.070248,11.7710705,11.34299,9.414496,11.622788,10.561648,10.411043,9.339675,12.994957,12.107959,11.878415,12.107959,11.878415,14.868527,20.193113,10.754919,10.152789,8.899776,9.1081085,9.104274,8.353381,8.713752,9.56866,11.20235,7.627314,13.467693,9.744273,8.666497,12.217058,8.691651
8.985961,14.137686,7.9748764,8.130843,5.635378,10.017984,8.93434,8.026824,8.026824,8.026824,8.026824,5.791958,7.059717,9.022374,10.048988,8.803973,8.481018,6.8252535,8.539666,8.107759,6.635163,19.649792,9.272966,8.711353,8.693092,8.257812,6.5373983,8.342316,8.524596,6.7282887,8.2202015,6.2884026,8.876344,6.881842,5.6203575,9.628326,0.0,8.150335,9.303182,7.840436,8.230301,6.7833796,4.4480853,3.2161822,8.679581,8.196423,10.048988,7.8043256,11.619455,13.834058,8.481018,8.75954,6.5447736,8.196423,8.4789915,13.183823,9.385003,7.9334116,8.426667,7.0051017,7.5447288,14.065286,20.20742,8.196423,8.876566,6.2720375,8.288339,6.361439,8.3050165,8.235523,7.123168,7.899443,8.511881,9.501141,6.420953,7.4291506,9.607129,7.579653,9.305161,8.38294,5.9991126,8.931925,7.519934,7.480031,6.461208,13.936293,8.679581,8.196423,8.679581,8.196423,13.317505,20.186605,6.8852115,9.6390505,8.664104,8.0500345,9.203026,8.185941,9.403998,9.324503,9.745515,8.217279,14.0058365,6.547002,6.7542686,9.605981,8.095932
9.698681,15.802711,10.64485,10.470282,8.5090475,8.106742,5.378855,10.400488,10.400488,10.400488,10.400488,5.5382,6.6377506,5.0922465,13.196422,11.154776,6.466229,7.298628,3.7471874,10.800924,8.899493,18.153868,7.942744,9.24776,11.831606,11.427542,8.096263,9.235502,11.0958,7.7774415,4.837451,8.769738,5.617769,10.691439,6.8819637,11.725934,8.150335,0.0,11.955831,10.04307,8.398603,8.397761,7.705209,7.6487327,4.785641,3.6929598,13.196422,8.976884,8.5214405,14.73482,6.466229,9.4275055,7.707996,3.6929598,6.1792984,15.20309,12.757644,4.1653624,8.075651,7.6093187,8.974535,15.226791,20.748743,3.6929598,5.5914054,7.366065,11.4901495,8.102717,9.798245,10.208511,9.558739,4.03562,7.5056767,8.193356,11.436145,10.751166,12.784281,8.581256,8.744587,5.383191,6.779969,6.0782404,5.830315,5.443847,6.1432824,15.693437,4.785641,3.6929598,4.785641,3.6929598,11.941306,18.912384,9.698995,12.291587,11.412533,8.49176,12.828633,10.841432,11.531956,12.810554,13.000344,11.151508,15.2090025,7.8893867,8.284468,6.487111,10.814847
8.228311,13.692039,8.145913,8.485061,8.084032,12.321253,12.390108,8.271263,8.271263,8.271263,8.271263,9.0465,10.506883,12.453739,9.46012,8.479027,11.820299,9.671844,12.048891,8.043317,8.319593,20.284176,11.084602,8.608598,8.510534,8.074374,8.2496,9.219476,8.346592,8.791457,12.067081,8.119763,12.417823,9.777747,8.87535,9.742205,9.303182,11.955831,0.0,8.344842,9.361945,8.62468,9.739953,9.349919,12.167679,11.839132,9.46012,8.0014105,14.400195,13.482558,11.820299,8.714301,8.561294,11.839132,12.224362,11.816911,8.669338,11.714985,10.685854,9.229674,8.954021,13.227684,19.890959,11.839132,12.2764845,9.299199,8.860967,8.306,10.263642,8.162252,9.072312,11.566191,11.064736,11.976752,9.178934,7.9368405,9.661781,10.464116,12.178758,11.861403,9.658627,12.091533,10.691034,10.735001,9.841418,13.1035,12.167679,11.839132,12.167679,11.839132,15.301792,20.695316,10.806583,9.391755,9.025929,8.531774,8.397988,8.854031,8.92283,9.240666,9.947441,7.8013263,13.221355,8.3305435,8.194837,12.353942,9.058936
