0,1,2,3,4,5,6,7,8,9,10,11,12,13,14,15,16,17,18,19,20,21,22,23,24,25,26,27,28,29,30,31,32,33,34,35,36,37,38,39,40,41,42,43,44,45,46,47,48,49,50,51,52,53,54,55,56,57,58,59,60,61,62,63,64,65,66,67,68,69,70,71,72,73,74,75,76,77,78,79,80,81,82,83,84,85,86,87,88,89,90,91,92,93,94,95,96,97,98,99,100,101,102,103,104,105,106,107,108,109,110,111,112,113,114,115,116,117,118
0.0,10.097013,7.874295,13.958166,13.357071,13.174544,20.02548,13.670959,13.045454,12.945708,13.585769,21.380234,13.178629,6.050611,12.55995,6.166067,21.833294,22.017157,8.030391,12.743935,13.315905,11.850478,4.110064,12.85632,13.67307,14.52845,12.733916,21.762491,14.11739,7.565675,13.324899,13.151777,2.077776,10.795927,7.5800505,14.583457,14.006061,13.728522,22.113623,20.826359,13.728522,19.664309,13.599926,12.320807,8.056087,13.241004,5.476456,13.505146,5.1440725,4.986198,8.956832,13.654696,15.533653,10.906495,13.566134,13.967727,23.100134,13.541346,11.173099,12.82773,10.971987,12.064349,3.9907634,12.911611,12.9674425,13.5384445,13.772943,14.352167,4.332909,21.550312,23.362461,13.303475,11.383203,14.245054,11.522487,12.888943,22.113623,11.600058,4.6145425,14.273063,13.178629,11.965098,13.569789,4.1622396,14.475949,4.267896,13.612816,13.434906,10.253266,12.057921,14.0934105,13.13737,9.029507,21.510408,13.119558,13.144981,12.94843,12.183537,13.111166,12.261458,13.425504,13.236514,11.41794,14.110205,10.818994,13.696887,10.795927,12.884613,14.397438,12.412743,5.338073,12.85632,10.36323,4.742991,5.831307,6.1908154,13.636682,10.860845,13.878038
10.097013,0.0,11.830463,9.203532,9.919515,8.880206,20.21101,9.962461,8.75529,8.8869505,8.820604,19.609327,9.116633,11.109444,8.706173,10.07842,19.71752,19.424496,9.725083,8.578075,10.178378,8.129101,9.512674,8.86102,10.784951,10.28781,8.3387575,20.067516,8.94829,9.772982,7.6111465,9.800115,10.611407,10.44985,10.354255,9.961358,9.098066,9.800773,20.94115,20.134222,9.800773,18.911228,8.183645,8.866345,11.01487,7.980148,11.099473,9.9242525,9.220915,10.195365,9.906618,10.117484,10.386708,11.712382,9.551096,7.884602,21.085215,8.124268,7.600456,9.969388,9.465768,8.550495,10.447728,10.418828,10.060825,10.170696,10.485803,9.483687,9.874877,20.058542,22.231504,10.062846,9.109457,10.13648,9.80891,7.477356,20.94115,9.634589,10.086283,10.191854,9.116633,7.4468627,10.093412,10.226121,8.911219,9.902485,10.084374,9.404473,10.686813,8.663142,11.13149,9.121357,9.35186,19.143948,10.137337,9.563277,9.7787075,9.363101,9.353139,9.177734,10.126699,9.906688,12.321648,8.84918,9.904413,10.515945,10.44985,8.988053,10.513707,9.626197,9.944783,8.86102,7.488603,10.302856,10.701831,10.898178,9.601603,6.799397,8.416682
7.874295,11.830463,0.0,13.025134,11.790792,12.564203,20.469141,14.550898,13.381783,13.720122,14.963029,21.828161,15.048213,8.208655,14.68095,7.7077055,21.974606,22.014364,7.0889463,12.433156,11.917828,11.478273,6.915654,11.968395,11.904396,13.062325,14.63441,22.026783,13.37397,6.042316,14.24749,11.344864,7.524344,12.475622,6.0944066,13.579803,13.176669,15.239997,22.442593,20.841234,15.239997,19.733187,13.376694,11.230327,9.24678,12.63652,6.284258,14.212263,7.648773,6.1978498,7.5510945,12.189382,15.313232,7.5305285,12.021919,14.406378,23.434721,12.920137,12.118182,11.09769,9.063552,11.30906,6.7247972,10.991232,11.233502,11.740562,11.901408,13.879513,6.719473,21.731163,23.601036,11.556975,10.253985,12.653508,9.843593,13.306645,22.442593,9.888818,8.175763,12.550577,15.048213,12.247003,11.947707,6.4186926,13.755424,6.7922792,11.975796,12.201756,8.105766,11.771604,11.803654,14.629208,7.500292,21.623962,11.166274,11.561387,11.272575,11.076753,11.526151,10.840181,12.142215,11.31528,8.3338375,13.527453,10.733553,12.112816,12.475622,11.591072,12.471894,11.022145,6.189207,11.968395,11.092166,6.5433917,6.23814,6.314738,12.482753,11.515887,14.393204
13.958166,9.203532,13.025134,0.0,7.8128247,7.263236,21.415178,11.684781,10.255546,10.726813,11.145823,20.238235,12.032272,14.00505,11.993022,12.922276,20.241789,20.229546,10.935449,9.221901,8.35483,7.311556,12.695063,7.444155,9.300871,7.8726015,11.400431,21.105679,8.307726,10.934534,9.810888,7.8857346,14.053109,13.575334,11.422551,7.944206,7.2123775,12.169624,21.929955,21.064777,12.169624,19.940277,7.3257103,7.3638988,13.549047,5.946488,13.578024,11.274935,12.463624,12.993953,11.826582,7.6459002,8.730028,11.251674,8.019909,9.4904785,21.603664,6.2651258,10.430501,8.3218355,9.134632,7.5700226,13.535356,8.715422,8.542692,7.43071,7.6989965,8.109652,12.827652,21.16756,23.100853,8.285508,8.487628,7.2520328,8.988002,9.40553,21.929955,8.597963,13.313044,7.235741,12.032272,8.007295,8.21679,13.268889,7.9858694,13.025854,7.5128484,6.577018,9.92198,9.190346,8.913559,11.456305,9.5580845,19.999388,8.199576,7.9082956,7.9807444,8.652747,6.2932076,8.078598,8.750064,6.6919327,11.807621,7.096449,10.967451,8.447583,13.575334,8.690135,5.732014,8.525065,12.633632,7.444155,10.135,13.246345,13.003077,13.010978,8.0748415,8.36144,8.263469
13.357071,9.919515,11.790792,7.8128247,0.0,4.0393825,21.669106,11.427123,9.831646,9.8055315,11.354215,20.476637,12.10923,13.706314,12.000638,12.5021715,20.076834,20.107603,10.124524,7.6776724,7.1282043,5.949865,11.760111,6.1152253,7.030554,9.195369,11.342367,21.364632,9.770939,10.119075,10.568644,6.989,13.429694,12.290779,10.230275,9.361397,8.411669,12.202487,22.144232,21.390259,12.202487,20.094988,8.529335,5.4526353,13.692449,7.589175,12.234821,10.932189,11.638327,11.464459,11.959101,4.642355,10.240736,10.085565,6.870723,10.367653,22.046007,8.154888,8.73747,5.3774457,7.435282,5.645079,12.453909,5.2326274,5.5434403,5.793627,4.9769177,9.547596,11.952536,21.175327,23.403648,5.710405,8.490589,8.289339,8.140292,8.772797,22.144232,7.5956473,13.112386,7.5252085,12.10923,7.377062,7.428755,12.033057,8.924936,11.93681,5.7641945,6.0175257,9.317487,7.8795333,6.608683,11.307498,8.088273,19.794619,5.095108,6.0549884,5.575224,5.441279,6.3970103,7.546665,7.2154593,6.741153,10.624999,8.104998,11.62861,7.0016336,12.290779,6.9289184,6.6435037,5.367531,11.088375,6.1152253,8.261397,11.842127,11.727104,11.776991,7.3674345,7.89826,9.890288
13.174544,8.880206,12.564203,7.263236,4.0393825,0.0,20.95441,10.140935,8.621188,8.635874,10.200082,19.999481,11.303931,13.409336,11.214344,12.243974,19.593477,19.394241,10.322706,6.914576,7.5082846,6.306657,11.781822,5.8900084,7.461213,8.546249,10.398748,20.755732,8.798169,10.522016,9.381638,7.529606,13.278145,12.358243,10.586248,8.338466,7.5587273,11.300682,21.544115,20.87933,11.300682,19.786825,7.113344,6.2896957,13.02886,6.692632,12.284985,9.695381,11.388415,11.716383,11.822371,4.6195574,8.699092,10.883507,6.1060243,9.044665,21.046322,7.1997967,8.317927,6.1524897,7.952343,6.2033877,12.428291,7.084065,6.876843,6.428228,6.2410765,8.312904,12.030412,20.88195,22.863543,6.267167,7.88613,7.7106066,8.36358,7.7709966,21.544115,7.887942,12.5481,7.5184083,11.303931,6.693295,7.9911427,12.141886,7.90587,12.071789,6.146373,6.0489964,9.950754,7.3702397,7.517229,10.546753,8.762474,19.06821,6.1815996,6.8458967,5.815501,6.555365,6.520384,7.1092553,7.1435366,7.324454,11.38464,6.8903213,11.228522,7.375523,12.358243,7.0330553,6.8919964,6.6513205,11.26684,5.8900084,8.047716,11.926706,11.663776,11.745941,6.7518935,7.16426,8.049937
20.02548,20.21101,20.469141,21.415178,21.669106,20.95441,0.0,20.838818,20.1322,20.368534,21.333538,21.029684,22.001057,19.488409,21.676172,19.109568,17.365608,16.389132,20.63717,21.137323,21.973036,21.75633,20.020174,21.7543,22.103281,20.490566,21.749487,16.831085,20.308285,20.383324,21.06516,21.65456,20.090641,21.50232,20.64119,20.470741,21.286303,21.894379,16.245712,18.177053,21.894379,16.11097,20.9686,21.687563,17.979223,21.336369,19.466425,20.487997,19.4391,20.135387,19.615099,20.994165,20.789013,21.157492,21.254389,20.439077,16.053104,21.02153,20.806782,22.032156,20.442228,21.741976,19.996056,22.460047,22.315357,21.693174,22.265217,21.183582,19.893728,17.062176,16.825884,21.814945,19.913801,20.512205,20.830694,20.380966,16.245712,20.784204,19.33773,21.54672,22.001057,21.350832,22.071943,20.09873,21.251616,19.992598,22.24491,22.132713,20.452244,20.529617,21.811237,21.706814,20.709465,15.746205,21.958275,22.05211,21.317286,22.272017,21.237501,20.042233,21.794943,21.318247,21.127575,21.547962,20.093994,22.09078,21.50232,21.149591,21.287518,22.26948,19.88596,21.7543,20.587006,19.992414,19.170828,19.299568,20.967083,21.050247,21.226978
13.670959,9.962461,14.550898,11.684781,11.427123,10.140935,20.838818,0.0,6.23069,5.8805027,8.112988,18.756533,9.021766,13.321844,9.112614,12.630999,19.047186,18.866138,13.380259,8.529221,11.901436,10.760086,12.875392,10.737285,12.145699,10.716306,8.405544,20.000448,10.795575,13.244527,8.974267,12.939308,13.931291,10.755234,14.016839,11.194319,11.877272,9.190558,20.75521,20.161688,9.190558,19.181011,10.976454,11.095346,12.797737,10.828278,13.291796,3.9408374,12.123121,13.024143,13.416854,10.472835,11.983364,14.473076,10.98666,10.199123,21.076502,10.627809,7.310682,11.53127,11.857702,10.87764,13.346125,12.411551,11.892994,12.380125,12.191591,11.030344,13.142132,20.295877,22.09384,11.333141,11.354852,10.777211,11.939303,7.4250445,20.75521,12.130599,13.44116,12.3254385,9.021766,9.603519,11.990139,13.149615,10.751297,12.859266,11.887054,11.977217,14.010588,9.28184,12.087884,9.326991,12.352305,18.471788,11.392884,11.357862,10.831037,11.370284,11.278249,10.773874,11.050467,11.792076,14.767745,11.423346,12.824069,12.204373,10.755234,10.534733,12.038774,11.617676,12.812064,10.737285,7.7103415,13.017823,12.993805,13.006594,10.555841,10.084218,10.961925
13.045454,8.75529,13.381783,10.255546,9.831646,8.621188,20.1322,6.23069,0.0,4.249554,7.8959303,18.489613,9.630562,12.758227,9.699377,11.545013,18.09192,17.683851,11.992275,6.7236743,10.53246,9.124233,11.857787,9.147332,10.967113,9.161593,8.3580065,18.967669,8.387337,11.835855,7.927676,11.115429,13.132936,11.454131,12.651808,9.7753525,10.230764,9.685451,19.644909,19.332403,9.685451,18.071976,9.233101,9.434136,11.667781,9.064077,12.272304,5.2580585,11.20056,12.113196,12.301265,8.909258,10.4546795,12.87564,8.819194,8.519852,20.297007,8.8391285,6.1113853,9.996273,10.600469,9.142126,12.536576,11.019129,10.475076,10.68594,10.726205,9.014937,12.122827,19.037586,20.979399,9.922891,9.997891,9.133765,10.343045,5.7620234,19.644909,10.515613,12.460863,10.6592045,9.630562,7.7868986,10.31016,12.2816515,8.435805,12.00728,10.207622,10.610614,12.669113,7.9007406,10.685505,9.765344,10.983636,17.41429,9.840542,9.500507,9.086241,9.805914,9.573702,9.189461,9.784301,10.2483225,13.002793,9.696983,11.047911,10.730264,11.454131,8.558519,10.460829,10.23003,11.81292,9.147332,6.3242545,12.15382,11.93778,11.969449,9.087789,8.736538,9.027102
12.945708,8.8869505,13.720122,10.726813,9.8055315,8.635874,20.368534,5.8805027,4.249554,0.0,7.835102,18.603714,9.183467,12.8712635,9.2489,11.803144,18.756954,18.06209,12.170056,6.158654,10.682972,9.059356,11.917103,8.903724,10.852406,10.091672,7.982076,19.607754,9.390512,12.101307,8.341779,11.411551,13.109306,10.902494,12.940191,10.336071,10.673998,9.340064,20.358671,20.091232,9.340064,18.853476,9.425096,9.288003,12.238761,9.235879,12.375441,5.338732,11.211679,12.077486,12.888365,9.205263,10.849412,13.368655,9.453023,8.601045,20.969093,9.2005825,5.6933107,9.947831,10.78731,9.015212,12.540066,10.778413,10.260322,10.759696,10.576757,9.670316,12.178451,19.53754,21.624111,9.842026,10.45796,9.850873,10.982035,5.5984516,20.358671,11.047869,12.666999,11.049305,9.183467,7.505368,10.699398,12.27064,9.091952,12.020437,10.278376,10.504056,12.97731,8.206813,10.92009,9.302048,11.100629,17.863323,9.808971,9.615206,9.242384,9.503486,9.809823,9.618581,9.84087,10.420858,13.705664,9.782943,11.651554,10.831117,10.902494,8.6822815,10.823849,9.948025,11.812443,8.903724,6.0814357,12.115786,12.096912,12.16466,9.665346,8.544639,9.441734
13.585769,8.820604,14.963029,11.145823,11.354215,10.200082,21.333538,8.112988,7.8959303,7.835102,0.0,17.824389,5.004324,13.548833,5.5663652,12.829301,19.310146,19.084564,13.448091,9.27652,11.962613,10.55667,13.094363,10.807965,12.318264,11.465154,5.207258,20.255564,10.746426,13.256129,5.4064264,12.464126,14.060965,10.341361,14.079803,11.678127,10.870324,4.286269,21.164202,20.471346,4.286269,19.084032,9.935925,11.019268,12.942789,10.125081,13.80502,8.357272,12.465492,13.427593,13.814905,10.9375305,10.666533,14.794799,11.029109,9.605292,21.303318,9.7722025,7.7075305,11.506777,12.163652,10.8065815,13.65253,12.345537,11.871934,12.267477,12.08,11.166525,13.168959,20.33749,22.389484,11.587718,11.721924,11.636625,12.129516,7.358656,21.164202,12.314619,13.611951,12.244693,5.004324,9.380714,11.934535,13.527964,10.723577,13.076055,11.843645,11.450035,13.806525,9.862573,12.45243,5.778762,12.13612,18.80875,11.564286,11.45192,11.149142,11.329356,11.599728,11.361075,11.367009,12.025166,14.834289,10.410798,12.1482725,12.411305,10.341361,10.91072,12.225305,11.511631,13.14467,10.807965,8.241022,13.425423,13.490068,13.535999,10.858013,9.694622,9.444005
21.380234,19.609327,21.828161,20.238235,20.476637,19.999481,21.029684,18.756533,18.489613,18.603714,17.824389,0.0,18.587212,21.389093,18.422508,20.89378,16.830626,18.579664,21.14628,19.217068,20.611647,20.260134,21.217253,20.256796,20.727652,19.826273,18.713947,18.064123,19.527386,20.893108,18.08786,20.785393,21.508974,19.417927,21.5989,19.752647,20.300543,18.088676,20.146809,21.009653,18.088676,17.329018,19.89267,20.27071,20.609816,19.902966,21.598982,18.737974,20.844759,21.536037,20.785923,20.21584,20.106537,21.881853,20.17263,19.619783,21.669304,19.849375,19.121012,20.937368,20.588207,20.346704,21.650106,21.077097,20.758856,20.856564,20.63724,19.931694,21.2154,17.41066,21.076864,20.559473,20.2017,20.031782,20.432768,18.4607,20.146809,20.632399,21.057446,20.850613,18.587212,20.104397,20.557825,21.54269,19.642946,21.196325,20.516516,20.58727,21.49367,19.722565,20.779383,18.770817,20.814947,18.390045,20.668428,20.156559,20.320606,20.804768,20.392944,20.065216,20.414333,20.555056,21.916166,20.285044,20.968338,20.858904,19.417927,19.940676,20.368332,20.791971,21.339115,20.256796,19.265528,21.583332,21.342436,21.492594,20.01275,19.880045,19.760937
13.178629,9.116633,15.048213,12.032272,12.10923,11.303931,22.001057,9.021766,9.630562,9.183467,5.004324,18.587212,0.0,13.389941,3.1923838,12.977485,20.08556,20.346844,13.641842,10.526111,12.436041,11.127678,12.849541,11.696823,12.878607,12.5031185,4.5250483,21.016434,12.183084,13.484639,7.6849976,13.025076,13.738166,9.38917,14.214786,12.463496,11.860736,5.1011915,22.036005,21.269932,5.1011915,19.826437,11.37503,11.654654,13.374779,10.920608,13.844126,9.58145,12.343104,13.227904,14.0394535,12.073438,11.975235,14.989514,12.334155,11.236065,22.228312,10.78889,8.265121,12.318017,12.590687,11.4005165,13.441473,12.839431,12.501621,13.039842,12.819033,12.305356,12.982278,20.999004,23.233057,12.557686,12.344062,12.700912,12.592002,8.567535,22.036005,12.81322,13.557673,13.016614,0.0,10.262245,12.497822,13.296397,12.076804,12.766372,12.627428,11.941084,14.0383415,10.362474,13.202614,3.8689685,12.293958,20.009453,12.438366,12.372873,12.224309,11.784793,12.374782,12.098172,12.0081005,12.684926,15.107975,11.626684,12.663615,12.964081,9.38917,11.818188,12.986389,12.026085,13.078388,11.696823,8.755994,13.276625,13.628132,13.712245,11.7210045,10.268929,11.024762
6.050611,11.109444,8.208655,14.00505,13.706314,13.409336,19.488409,13.321844,12.758227,12.8712635,13.548833,21.389093,13.389941,0.0,13.261121,2.9889934,21.587133,21.76874,8.903792,13.284171,13.846578,12.806288,6.0609984,13.50496,14.24794,14.229611,13.148778,21.537256,13.527382,8.749275,13.377323,13.578644,6.1303144,12.030174,8.460568,14.512347,14.367544,13.983931,21.637465,20.395761,13.983931,19.392391,13.963208,13.050558,5.513195,13.571868,5.8758044,12.955921,5.6229835,6.2867565,9.358714,13.668189,15.185633,11.005766,13.780234,14.3282385,22.87121,13.734427,11.553252,13.382119,11.176537,12.796661,5.2784786,13.752794,13.728776,14.041668,14.449492,14.541185,6.0744777,21.18202,22.805786,13.783284,11.146238,13.984271,11.560428,12.745392,21.637465,11.656272,6.2912283,14.433093,13.389941,12.650871,14.060603,5.766007,14.624077,5.989839,14.366041,14.09605,10.742935,12.004128,14.432839,13.323822,9.115372,21.326094,13.528618,13.908108,13.3109,13.185819,13.233819,12.10435,13.722979,13.374356,11.135316,14.223058,9.660719,14.188618,12.030174,13.626116,14.245396,13.280054,6.150564,13.50496,10.822267,5.728641,5.7657304,6.1833897,13.532212,12.142669,14.050752
12.55995,8.706173,14.68095,11.993022,12.000638,11.214344,21.676172,9.112614,9.699377,9.2489,5.5663652,18.422508,3.1923838,13.261121,0.0,12.818467,20.072313,20.287819,13.283648,10.3245125,12.30022,11.036944,12.473561,11.644296,12.698089,12.5141115,5.2271447,20.987122,12.197624,13.057239,7.282536,12.946216,13.157136,8.428568,13.849795,12.487549,11.777235,4.4375935,21.975151,21.146128,4.4375935,19.748325,11.275778,11.539102,13.201907,11.029387,13.503854,9.808368,12.114082,12.851421,13.552453,12.108561,12.346469,14.663565,12.237261,11.144227,22.193806,10.919363,8.292597,12.1653805,12.354012,11.324956,13.070105,12.639599,12.368747,12.9194765,12.698046,12.290934,12.574895,21.02303,23.247932,12.419459,12.23312,12.614326,12.424412,8.650992,21.975151,12.656857,13.08421,12.983793,3.1923838,10.231931,12.41597,12.88155,12.1456585,12.379241,12.516495,11.941656,13.709519,10.27469,13.04055,4.434812,11.946147,19.838676,12.308081,12.151291,12.095169,11.611458,12.229299,11.987029,11.820151,12.551357,14.862329,11.757775,12.595366,12.812467,8.428568,11.487226,12.958096,11.89312,12.742268,11.644296,8.638235,12.93608,13.317449,13.405136,11.662997,9.910248,11.088351
6.166067,10.07842,7.7077055,12.922276,12.5021715,12.243974,19.109568,12.630999,11.545013,11.803144,12.829301,20.89378,12.977485,2.9889934,12.818467,0.0,20.842638,20.918129,7.732264,12.148776,12.792621,11.617674,5.4524612,12.383167,13.25087,13.054171,12.47013,20.81405,12.061386,7.579015,12.401039,12.370752,6.197517,11.75692,7.4443703,13.417707,13.289179,13.463955,21.015974,19.959688,13.463955,18.800266,12.82172,11.795447,5.0289354,12.475482,5.2955256,12.13134,4.9501004,5.72676,8.793164,12.421234,14.208585,10.161746,12.34867,13.031748,22.19141,12.656341,10.537119,12.239209,10.092446,11.552738,4.9611006,12.605187,12.575386,12.848664,13.29396,13.327391,5.478924,20.478655,22.207638,12.572689,10.171065,12.737385,10.454508,11.521372,21.015974,10.575813,5.936169,13.215936,12.977485,11.493822,12.951621,5.282432,13.266984,5.491587,13.258295,13.124156,9.813512,10.960394,13.282444,12.915869,8.206708,20.483793,12.314471,12.567616,12.002068,12.055194,11.904382,10.961667,12.738617,12.083373,10.243846,13.098475,8.681912,13.051194,11.75692,12.3799,13.0065365,12.178427,5.392618,12.383167,9.667488,5.1832585,4.9734135,5.4604793,12.409061,11.114057,12.873692
21.833294,19.71752,21.974606,20.241789,20.076834,19.593477,17.365608,19.047186,18.09192,18.756954,19.310146,16.830626,20.08556,21.587133,20.072313,20.842638,0.0,12.784984,21.401806,19.717794,20.809013,20.348774,21.662228,20.49618,21.00804,19.024479,19.945774,12.85874,19.092785,21.107834,19.02979,20.690084,21.9203,21.116028,21.57073,19.163591,20.31362,19.987272,13.02716,17.279917,19.987272,11.765443,19.781609,20.402378,20.189198,20.160564,21.42915,18.621016,21.042189,21.831118,20.90477,19.43894,19.886927,21.459427,19.583874,19.504318,17.031115,19.66743,19.321257,20.721216,20.554577,20.44396,21.863304,21.164715,21.004957,20.573233,20.934946,19.758928,21.646584,11.256497,13.68936,20.40275,20.029484,19.25286,20.256788,18.608164,13.02716,20.487604,21.104172,20.288507,20.08556,20.041023,20.697094,21.917591,19.532635,21.637514,20.931128,20.931782,21.436064,19.611277,20.518862,20.316051,21.102137,11.790961,20.482609,20.411673,19.86383,20.829573,20.107521,19.641958,20.531237,20.35443,21.267384,20.33147,20.662457,20.751047,21.116028,19.86397,19.978554,20.984266,21.478552,20.49618,19.302734,21.737762,21.158539,21.188435,19.514856,20.135818,19.70634
22.017157,19.424496,22.014364,20.229546,20.107603,19.394241,16.389132,18.866138,17.683851,18.06209,19.084564,18.579664,20.346844,21.76874,20.287819,20.918129,12.784984,0.0,21.365421,18.996464,20.426434,20.117508,21.60798,19.8715,20.355705,18.455921,19.74281,12.959298,18.804573,21.189322,18.748955,20.052055,22.14401,21.265936,21.499224,19.180475,19.806063,20.122446,12.903647,17.23064,20.122446,13.231994,19.299175,20.097036,20.461412,19.648827,21.484055,18.587955,21.054052,21.714434,20.979836,19.235641,19.573853,21.925562,19.057436,18.507343,15.803333,19.105724,19.288176,20.027649,20.173422,20.110842,21.865088,20.754477,20.664005,20.321003,20.702877,19.493376,21.741236,12.738951,14.398412,19.719456,19.744577,18.87542,20.086975,18.299717,12.903647,20.142313,21.391335,19.965435,20.346844,19.267557,20.373182,21.895456,19.070173,21.659723,20.703014,20.701982,21.155384,19.294884,19.880379,20.528854,20.96432,4.5953336,19.934841,20.118988,19.293106,20.382998,19.92747,19.246054,20.090925,20.30975,21.593927,19.768356,20.39809,20.367476,21.265936,19.33765,20.220259,20.524082,21.353617,19.8715,19.411379,21.65677,21.132421,21.172436,19.15543,19.7758,19.16841
8.030391,9.725083,7.0889463,10.935449,10.124524,10.322706,20.63717,13.380259,11.992275,12.170056,13.448091,21.14628,13.641842,8.903792,13.283648,7.732264,21.401806,21.365421,0.0,10.100226,9.713727,8.732252,6.198056,9.557822,10.333508,11.977017,13.049531,21.459572,10.498048,2.9613242,12.273779,9.573899,7.602707,12.108556,3.5116775,11.345044,10.85477,13.938408,22.086754,21.010872,13.938408,19.729223,10.847561,8.6633005,9.72291,10.002858,7.347109,12.886691,6.952905,6.6197057,8.242325,10.581118,13.172464,7.7577085,9.662727,12.05684,22.629513,10.959745,10.53801,9.686437,7.507213,8.542441,6.8326855,9.127833,9.20386,9.479497,10.1662,11.184697,6.3761597,21.366009,23.365543,9.897097,8.364449,10.8870535,8.391862,11.506054,22.086754,8.302713,7.4191146,10.607528,13.641842,10.101711,9.622539,6.551859,11.020921,6.831978,10.166969,9.910605,7.275468,10.341278,10.661447,13.338716,7.396069,20.996157,9.559866,8.817974,9.644543,9.144278,9.148627,8.956227,10.474936,8.951135,8.640055,10.885113,10.230121,9.794407,12.108556,10.0122385,10.2973585,8.926653,6.168556,9.557822,9.422387,6.685043,6.8817153,7.1397524,10.637884,9.291513,11.651578
12.743935,8.578075,12.433156,9.221901,7.6776724,6.914576,21.137323,8.529221,6.7236743,6.158654,9.27652,19.217068,10.526111,13.284171,10.3245125,12.148776,19.717794,18.996464,10.100226,0.0,7.8803587,6.5260677,11.410226,5.8263874,7.9387503,9.294022,9.352859,20.672136,8.522758,10.265926,8.487328,9.070403,12.8114605,11.070466,10.982642,9.13354,8.72432,10.315284,21.38797,20.723795,10.315284,19.749733,8.00689,6.247733,13.051926,7.35535,12.16088,8.230885,11.227032,11.481943,11.377618,7.8111024,10.278242,11.726644,7.352887,7.955905,21.64663,8.077929,6.5624585,7.622033,8.660087,6.178202,12.2070465,7.7625246,7.120095,7.901835,7.623368,8.2837,11.6931095,20.623177,22.778498,7.6560583,8.921159,8.537749,9.349454,6.5996957,21.38797,9.264385,12.507394,9.179652,10.526111,6.6515265,7.961539,11.769531,7.2014885,11.691402,7.455731,7.703381,10.896268,8.050787,8.6863,10.110639,9.950958,18.821667,7.389048,6.51677,7.38737,6.8551974,7.78727,7.950442,7.4249516,8.21741,12.5034275,8.031468,11.850888,8.176647,11.070466,6.1726255,8.824905,6.8209805,11.228452,5.8263874,6.453433,11.722366,11.806498,11.843866,8.3257265,7.0768795,9.064973
13.315905,10.178378,11.917828,8.35483,7.1282043,7.5082846,21.973036,11.901436,10.53246,10.682972,11.962613,20.611647,12.436041,13.846578,12.30022,12.792621,20.809013,20.426434,9.713727,7.8803587,0.0,6.08202,11.745842,6.3055787,4.329271,8.722256,11.579962,21.383442,9.962661,9.96606,11.1079235,7.227931,13.274715,12.549281,10.027734,8.389257,6.1975107,12.763427,22.25839,21.6068,12.763427,20.386326,8.723102,5.7968335,14.034586,7.0835147,12.615712,11.657178,11.728997,11.702332,11.873625,7.722132,10.24745,10.336918,7.636701,10.775938,22.14743,8.398807,9.371546,6.512973,5.5738134,5.6506753,12.530792,6.210999,5.871479,6.3206496,6.4510555,7.317143,12.071066,21.587952,23.7509,7.2163177,6.630243,7.314862,6.178801,9.653452,22.25839,5.743198,12.86169,5.726614,12.436041,8.009174,3.8129468,12.126842,8.670194,12.07014,6.8897877,6.668161,7.50463,7.345441,5.8283195,11.837381,9.2019825,20.163254,6.759923,6.520109,7.0861263,6.1939325,6.6124735,6.0479965,4.6513824,6.8555727,11.323038,8.239912,12.068181,3.1466966,12.549281,7.6419926,7.422672,5.58823,11.456845,6.3055787,9.066011,12.060041,12.06305,12.116728,6.3594127,7.478497,10.185767
11.850478,8.129101,11.478273,7.311556,5.949865,6.306657,21.75633,10.760086,9.124233,9.059356,10.55667,20.260134,11.127678,12.806288,11.036944,11.617674,20.348774,20.117508,8.732252,6.5260677,6.08202,0.0,10.379387,4.2223897,7.29349,9.076895,10.127752,21.069355,8.60759,8.883992,9.565927,6.842946,11.924622,11.567081,9.194779,8.958796,7.3875675,11.522842,21.875252,21.094585,11.522842,19.945618,6.8627653,2.9235914,12.972614,5.4130416,11.668955,10.227348,10.449012,10.648255,11.213298,7.0313478,9.925033,10.917946,6.7709737,9.29455,21.848322,6.874629,7.559882,5.7032948,7.237611,2.2016273,11.333628,5.1278477,5.127272,6.0432105,6.068599,7.952998,10.7542305,21.066465,23.275194,6.3075514,7.684064,8.40668,7.7150207,7.8832493,21.875252,7.382768,11.76396,7.482786,11.127678,4.922465,6.3578258,11.003547,7.5171967,10.7993765,6.471516,5.8339143,8.862022,7.621587,7.6242065,10.886866,8.312492,19.942066,5.6627145,5.014261,6.2188954,4.247069,6.1675506,7.1905937,6.9876704,6.608526,11.157505,6.6390595,10.809199,6.7301,11.567081,6.096035,7.5685863,4.1483717,10.356954,4.2223897,7.20722,10.941014,11.239756,11.318652,7.5419254,4.7759585,8.400684
4.110064,9.512674,6.915654,12.695063,11.760111,11.781822,20.020174,12.875392,11.857787,11.917103,13.094363,21.217253,12.849541,6.0609984,12.473561,5.4524612,21.662228,21.60798,6.198056,11.410226,11.745842,10.379387,0.0,11.312713,12.217264,13.142284,12.231759,21.358694,12.605534,5.8711343,12.768395,11.534413,3.617336,10.722337,5.8969684,13.249445,12.711199,13.572117,22.032423,20.800957,13.572117,19.610382,12.461447,10.714661,7.756292,11.801816,4.4164877,12.56754,3.2610722,2.634696,8.385512,12.103817,14.359957,9.439936,11.874454,12.971426,22.768671,12.165276,9.908454,11.286884,9.314273,10.450534,2.492118,11.372777,11.41906,12.022232,12.185692,12.836199,2.3202782,21.219772,23.342152,11.7206745,9.639113,12.787479,9.861219,11.835467,22.032423,9.754316,4.7487154,12.764209,12.849541,10.672884,11.8824625,1.8937905,12.8624525,2.2832682,12.003974,12.01373,8.875432,10.454315,12.505808,12.80088,7.6891594,21.21121,11.576874,11.456685,11.310783,10.601831,11.487854,10.575763,11.90197,11.670324,10.11136,12.763238,9.825627,12.080323,10.722337,11.343294,12.876723,10.8572645,3.0806448,11.312713,8.954976,2.7059088,4.5979967,4.9156847,12.104381,9.702231,12.790978
12.85632,8.86102,11.968395,7.444155,6.1152253,5.8900084,21.7543,10.737285,9.147332,8.903724,10.807965,20.256796,11.696823,13.50496,11.644296,12.383167,20.49618,19.8715,9.557822,5.8263874,6.3055787,4.2223897,11.312713,0.0,6.0038214,8.647141,10.583746,21.283699,9.076552,9.801606,10.028446,6.638574,12.902653,12.361535,9.841419,8.580203,7.322564,11.97295,22.053572,21.236332,11.97295,20.355972,6.9012637,3.5287697,13.485213,4.9224014,12.15685,10.448703,11.323039,11.3202305,11.096687,6.354158,9.7934675,11.131909,5.8900914,8.7584095,21.826553,6.427027,8.397073,4.8817506,7.4734,3.7956445,12.154935,5.242489,4.967802,5.6957664,5.068891,7.59753,11.615283,21.350218,23.450283,4.932562,7.48975,7.56972,8.108171,8.403148,22.053572,7.4411087,12.602752,7.1842675,11.696823,4.865479,6.628759,11.781291,7.049742,11.6584215,5.4687405,5.3104663,9.235419,8.028391,6.788756,11.38868,8.923894,19.758884,4.8467274,5.008225,5.041448,4.5527825,5.722625,6.65618,6.4948506,6.2296753,11.74796,5.847956,11.313449,6.2193193,12.361535,5.661826,7.3376703,4.527788,11.036139,0.0,8.17098,11.649475,11.75158,11.711824,7.266255,6.2021904,8.451654
13.67307,10.784951,11.904396,9.300871,7.030554,7.461213,22.103281,12.145699,10.967113,10.852406,12.318264,20.727652,12.878607,14.24794,12.698089,13.25087,21.00804,20.355705,10.333508,7.9387503,4.329271,7.29349,12.217264,6.0038214,0.0,8.990834,12.040985,21.81397,10.897381,10.47519,11.628153,7.460919,13.684895,12.933252,10.348179,8.883496,7.305572,13.110709,22.559752,21.776419,13.110709,20.777485,9.158198,6.6429405,14.4323435,7.9517083,12.618939,12.021292,12.291198,11.882045,11.756996,7.212387,10.898883,10.720551,7.2251735,10.834904,22.518831,8.835881,9.9191475,5.3011465,5.94149,6.850714,12.920792,5.9489417,5.7407737,6.680248,6.025519,8.731924,12.437284,21.873522,23.989542,5.696359,7.535032,7.517315,7.174853,10.216903,22.559752,6.5648317,13.415566,6.3450456,12.878607,8.089863,5.9707203,12.455798,9.555087,12.438172,6.5604205,6.8513165,8.016607,7.7099686,4.283041,12.285249,9.092307,20.148756,5.7145686,6.746462,6.021083,6.1366444,6.926771,6.4839616,4.879205,7.1811013,11.571377,8.670088,12.736767,4.1033454,12.933252,7.615417,8.238046,5.8198433,11.645392,6.0038214,9.595022,12.350209,12.172164,12.169544,7.036883,8.471504,10.669599
14.52845,10.28781,13.062325,7.8726015,9.195369,8.546249,20.490566,10.716306,9.161593,10.091672,11.465154,19.826273,12.5031185,14.229611,12.5141115,13.054171,19.024479,18.455921,11.977017,9.294022,8.722256,9.076895,13.142284,8.647141,8.990834,0.0,11.804618,19.525839,8.718895,11.802411,10.442332,8.765211,14.517466,13.839722,12.1123,7.690944,7.8291526,12.83336,20.321177,19.48855,12.83336,18.884525,9.174435,9.001263,13.564061,8.099428,13.600235,10.321215,12.821036,13.239386,12.1061,8.144096,9.401232,12.003069,7.7829113,10.034164,20.484198,7.637187,10.2148285,8.508816,8.876662,9.099082,13.881693,10.033787,9.95801,9.538272,9.737071,7.7428713,13.255628,20.01728,21.719961,8.524984,8.040317,5.0347366,7.643115,9.270332,20.321177,7.7837996,13.680597,7.2899165,12.5031185,8.822741,8.492285,13.611951,8.644157,13.276042,9.664664,9.660678,10.756917,7.7304983,7.842009,12.362867,10.707099,18.083662,8.429213,9.33702,7.856111,9.831948,8.108755,6.9294205,7.775639,8.746538,11.738872,9.0977125,11.169088,8.774794,13.839722,8.641096,8.443587,9.84441,12.829596,8.647141,10.087172,13.509116,13.046328,13.041716,5.6501994,9.560616,9.742899
12.733916,8.3387575,14.63441,11.400431,11.342367,10.398748,21.749487,8.405544,8.3580065,7.982076,5.207258,18.713947,4.5250483,13.148778,5.2271447,12.47013,19.945774,19.74281,13.049531,9.352859,11.579962,10.127752,12.231759,10.583746,12.040985,11.804618,0.0,20.443909,11.400965,12.91956,7.4848795,12.261627,13.254316,9.685268,13.631481,11.804392,11.028833,6.6808696,21.604345,21.032688,6.6808696,19.588305,10.411424,10.652558,13.023663,10.016071,13.26792,8.759861,11.650993,12.57379,13.481353,11.192496,11.33835,14.302167,11.296583,10.042121,21.732527,9.9307785,7.245478,11.281549,11.907828,10.37433,12.858988,11.967232,11.521857,12.068615,11.89999,11.434375,12.447035,20.592783,22.881268,11.527021,11.642271,11.889259,12.04619,7.3804603,21.604345,12.152637,13.01567,12.253754,4.5250483,9.052282,11.775826,12.657182,11.133559,12.200006,11.788767,11.23172,13.468333,9.52646,12.440038,5.251559,11.588869,19.523342,11.465962,11.546451,11.176419,10.703089,11.457006,11.35113,11.192111,11.886142,14.587161,10.715506,12.076066,12.1289625,9.685268,10.87215,12.31798,11.010776,12.426106,10.583746,7.8748603,12.6081505,13.070278,13.068735,10.99089,9.011788,10.177591
21.762491,20.067516,22.026783,21.105679,21.364632,20.755732,16.831085,20.000448,18.967669,19.607754,20.255564,18.064123,21.016434,21.537256,20.987122,20.81405,12.85874,12.959298,21.459572,20.672136,21.383442,21.069355,21.358694,21.283699,21.81397,19.525839,20.443909,0.0,19.642925,21.240091,20.0057,21.27214,21.732111,21.7209,21.592995,19.911812,20.832937,21.190351,11.049187,14.560073,21.190351,11.003088,20.620096,21.24661,20.151663,20.79195,21.378637,19.734205,20.776897,21.605143,21.064106,20.7068,20.586605,21.644619,20.519644,20.235876,15.1185465,20.402073,19.945393,21.559792,20.919703,21.151918,21.587358,22.083963,21.90987,21.299942,21.91572,20.386335,21.431604,12.629751,14.140577,21.398136,20.213072,19.956232,20.608223,19.423944,11.049187,20.706926,20.804585,20.807873,21.016434,20.777197,21.245798,21.660189,20.329454,21.357725,21.883713,21.781118,21.404364,20.127935,21.367414,21.265892,21.33489,12.313369,21.43658,21.41678,20.782042,21.611004,20.912842,20.093594,21.371391,21.19828,21.567064,21.019562,20.577818,21.500751,21.7209,20.771759,20.93644,21.771757,21.297096,21.283699,20.02456,21.508667,21.111467,21.110538,20.28513,20.516996,20.43268
14.11739,8.94829,13.37397,8.307726,9.770939,8.798169,20.308285,10.795575,8.387337,9.390512,10.746426,19.527386,12.183084,13.527382,12.197624,12.061386,19.092785,18.804573,10.498048,8.522758,9.962661,8.60759,12.605534,9.076552,10.897381,8.718895,11.400965,19.642925,0.0,10.826344,8.989356,9.656522,14.103321,13.70187,11.844293,8.230717,8.689735,12.170553,20.445051,20.184551,12.170553,18.901276,8.175907,9.023564,12.524782,7.7317004,13.522046,9.930461,12.105882,13.148293,12.281676,9.234769,9.226216,12.061669,7.9268923,8.681429,20.544523,8.057574,9.730934,10.068192,10.0625725,8.774526,13.432415,10.814901,10.36881,9.8154745,10.448624,8.00352,12.846414,19.866392,21.67572,9.950905,8.830937,8.330794,9.345325,7.935011,20.445051,9.478325,12.945982,9.093767,12.183084,8.901257,8.970732,13.260158,6.8211126,13.046693,10.08841,9.643687,11.535914,8.920484,10.276169,11.953452,11.18489,18.608276,9.674331,8.751328,9.296396,10.213811,8.646676,8.252203,9.828108,9.067627,11.559405,8.370968,11.040214,10.131787,13.70187,9.507355,8.948556,10.294725,12.598004,9.076552,9.442567,13.161329,12.897466,13.046498,8.362181,9.262779,8.098643
7.565675,9.772982,6.042316,10.934534,10.119075,10.522016,20.383324,13.244527,11.835855,12.101307,13.256129,20.893108,13.484639,8.749275,13.057239,7.579015,21.107834,21.189322,2.9613242,10.265926,9.96606,8.883992,5.8711343,9.801606,10.47519,11.802411,12.91956,21.240091,10.826344,0.0,12.180325,9.642142,7.087487,11.785373,3.6574726,11.608671,10.953491,13.689102,21.881979,20.688383,13.689102,19.342138,10.898749,8.838567,9.356713,10.23623,6.747013,12.775527,6.7610536,6.1569095,7.564618,10.629468,13.355562,7.655623,9.830137,12.198976,22.529657,10.941072,10.413733,9.688074,7.6434855,8.876733,6.507921,9.142314,9.334961,9.688467,10.246147,11.476508,5.7879233,21.108297,23.098104,9.843753,8.6191635,10.98882,8.461327,11.469567,21.881979,8.356057,7.177688,10.659957,13.484639,10.083982,9.845577,6.172251,11.161691,6.345437,10.027291,10.046554,6.974037,10.413623,10.621451,13.226985,6.985007,20.779728,9.584811,8.947122,9.568827,9.130839,9.319002,9.250167,10.676376,9.181088,8.477862,11.251534,10.178028,10.059219,11.785373,9.810516,10.518667,9.056631,5.7344217,9.801606,9.24216,6.3823934,6.4022775,6.5274277,10.719163,9.246742,11.911568
13.324899,7.6111465,14.24749,9.810888,10.568644,9.381638,21.06516,8.974267,7.927676,8.341779,5.4064264,18.08786,7.6849976,13.377323,7.282536,12.401039,19.02979,18.748955,12.273779,8.487328,11.1079235,9.565927,12.768395,10.028446,11.628153,10.442332,7.4848795,20.0057,8.989356,12.180325,0.0,11.394235,13.766376,11.028638,13.117982,10.465307,9.496846,6.276205,20.885208,20.29954,6.276205,18.941322,8.420847,10.067277,12.743867,9.111497,13.64508,9.03591,12.35264,13.17071,12.614344,10.252078,9.850096,13.858332,9.993184,8.493301,20.922771,8.854788,8.369318,10.770905,11.2936735,9.901734,13.409306,11.456322,11.056159,11.156803,11.286166,10.056387,12.877776,20.181639,22.174871,10.73768,10.853919,10.417944,11.127126,7.238496,20.885208,11.351055,13.101184,11.019271,7.6849976,8.710927,10.9477215,13.249602,9.498823,12.929664,11.050978,10.558191,12.787589,9.660612,11.572666,7.672725,11.533468,18.404297,10.721887,10.409926,10.406889,10.663084,10.44817,10.45693,10.701144,10.876246,13.815438,9.297728,11.4746275,11.451358,11.028638,10.237088,10.977939,10.784963,12.820125,10.028446,8.553544,13.197233,13.226218,13.292531,9.872539,8.903393,7.9160266
13.151777,9.800115,11.344864,7.8857346,6.989,7.529606,21.65456,12.939308,11.115429,11.411551,12.464126,20.785393,13.025076,13.578644,12.946216,12.370752,20.690084,20.052055,9.573899,9.070403,7.227931,6.842946,11.534413,6.638574,7.460919,8.765211,12.261627,21.27214,9.656522,9.642142,11.394235,0.0,13.130322,13.45857,9.50601,9.449784,7.890338,13.507166,22.095936,21.189848,13.507166,19.904562,8.639806,6.2281866,13.523715,6.725162,12.322964,12.4814625,11.606529,11.422841,10.754002,7.74635,11.15333,10.369663,7.1111574,11.000805,21.850697,7.511837,10.264368,5.746492,7.3352976,6.524944,12.267852,6.3314238,6.6960607,6.617769,6.9562535,9.444539,11.612656,21.206017,23.396769,6.3571043,8.182131,8.066992,7.5116377,9.953333,22.095936,7.0823827,12.696718,7.493583,13.025076,8.091254,7.6034164,11.927454,8.869533,11.699435,7.2020454,6.524969,8.468215,8.897444,7.2258234,12.770973,8.273943,19.885752,5.944056,7.162956,5.8777432,6.482267,6.892378,7.789753,7.3263364,7.202844,10.794632,8.03428,10.862146,7.1064744,13.45857,7.199207,7.996373,6.30629,11.031335,6.638574,9.842211,11.750517,11.854267,11.813654,7.714896,7.860276,10.094496
2.077776,10.611407,7.524344,14.053109,13.429694,13.278145,20.090641,13.931291,13.132936,13.109306,14.060965,21.508974,13.738166,6.1303144,13.157136,6.197517,21.9203,22.14401,7.602707,12.8114605,13.274715,11.924622,3.617336,12.902653,13.684895,14.517466,13.254316,21.732111,14.103321,7.087487,13.766376,13.130322,0.0,11.339989,7.1320405,14.551438,14.051848,14.303554,22.13833,20.82108,14.303554,19.723272,13.683141,12.381192,7.991346,13.312411,5.0795417,13.710477,4.9618573,4.7087245,8.861512,13.708775,15.6556835,10.631645,13.465332,14.207001,23.109308,13.631574,11.356671,12.873559,10.933943,12.122028,3.641515,12.923123,12.988057,13.509005,13.788085,14.217782,3.9503953,21.55942,23.413908,13.29432,11.2348795,14.182813,11.331934,13.1545315,22.13833,11.397639,4.051259,14.191292,13.738166,12.151822,13.484125,3.7464437,14.406639,4.185286,13.520769,13.468855,10.1433325,12.095611,14.080605,13.710295,9.068897,21.61096,13.151259,13.064941,12.888809,12.234368,13.052589,12.17299,13.429437,13.204953,11.087629,14.207175,10.782372,13.588595,11.339989,12.822203,14.356519,12.471555,5.0415826,12.902653,10.495236,4.4502664,5.4556217,5.8084407,13.60886,10.974505,13.931442
10.795927,10.44985,12.475622,13.575334,12.290779,12.358243,21.50232,10.755234,11.454131,10.902494,10.341361,19.417927,9.38917,12.030174,8.428568,11.75692,21.116028,21.265936,12.108556,11.070466,12.549281,11.567081,10.722337,12.361535,12.933252,13.839722,9.685268,21.7209,13.70187,11.785373,11.028638,13.45857,11.339989,0.0,12.491173,13.824827,13.390874,9.233534,22.494236,21.737198,9.233534,20.180094,13.347079,11.794254,12.650869,12.953451,11.652104,11.595594,10.567924,10.693165,12.266291,12.975326,14.792921,13.410658,13.344107,12.863667,23.161055,13.130059,8.581243,12.470262,11.860113,11.603015,11.03267,12.279675,12.157737,13.137799,12.832687,13.81977,10.891376,21.537376,23.699354,12.889365,12.316138,13.618849,12.275758,10.532202,22.494236,12.455597,12.082163,13.907823,9.38917,11.52062,12.715687,10.744832,13.854335,10.316483,13.000976,12.925055,12.620578,11.119411,13.282073,9.166633,11.062116,20.780857,12.493183,12.49884,12.653545,11.604119,12.871226,12.383775,12.375793,12.858777,14.081945,13.58105,13.246926,13.235127,0.0,12.151465,13.776412,11.629349,10.893214,12.361535,8.428982,10.865704,11.69068,11.740279,12.54182,10.663349,13.754617
