0,1,2,3,4,5,6,7,8,9,10,11,12,13,14,15,16,17,18,19,20,21,22,23,24,25,26,27,28,29,30,31,32,33,34,35,36,37,38,39,40,41,42,43,44,45,46,47,48,49,50,51,52,53,54,55,56,57,58,59,60,61,62,63,64,65,66,67,68,69,70,71,72,73,74,75,76,77,78,79,80,81,82,83,84,85,86,87,88,89,90,91,92,93,94,95,96,97,98,99,100,101,102,103,104,105,106
0.0,4.323422,7.0403123,8.331054,8.72851,8.577336,7.422526,9.177,8.439518,9.719574,10.957305,9.053222,9.316112,7.711828,7.23902,7.038273,7.8239846,6.8999324,6.8875403,7.87953,8.583075,7.582993,10.7968,8.016943,9.666642,13.160655,8.81523,8.216042,8.192683,9.722013,7.1058936,8.509132,7.4749837,8.203409,8.939424,8.577336,10.649018,10.246753,21.759056,9.785231,9.323697,18.172012,9.471544,7.888752,6.968032,7.431517,8.539021,9.963201,7.611472,8.691958,8.983867,8.71191,6.7323604,7.081254,6.6311736,9.560888,11.232353,8.09835,7.9724035,8.514728,8.680492,11.330814,8.762841,14.265195,6.3804016,7.7195373,8.849975,6.957243,6.496956,10.665768,9.677213,8.2179575,10.345568,8.666721,3.7596502,8.027541,8.016943,8.016943,10.106082,9.308732,10.086332,9.482853,9.044079,8.442015,8.987465,7.7642174,8.958447,12.762856,9.596441,9.625577,9.249005,5.8973484,7.9543214,9.428875,9.332478,11.919331,9.480861,8.053188,14.3509445,7.814343,10.398909,10.819145,6.997634,10.8703165,7.848607,7.3528767,8.254288
4.323422,0.0,7.254524,8.400142,8.635962,7.515042,7.312823,8.563947,7.4741926,11.175009,9.390127,9.440024,9.267369,7.60008,7.0618324,6.669465,6.9696784,5.3388195,6.192425,7.758325,7.326108,6.851448,8.722133,7.086949,9.185891,13.514662,8.555201,7.4615936,8.070274,11.128794,6.467228,7.9847336,6.255884,7.005894,8.696454,7.515042,10.042855,11.551659,22.470388,8.639733,10.968859,17.097803,11.091597,7.9876246,6.2304564,7.4246526,7.8032784,8.061926,6.557212,8.373693,10.59558,8.270784,5.709448,7.1645603,7.0011435,8.502716,9.861399,7.7940726,8.128928,7.882135,7.5809674,10.422546,8.004008,14.654716,5.9939213,7.5802636,7.2301993,6.939685,5.6352434,9.904574,8.244115,6.8247657,11.750772,7.8422523,4.141643,7.864307,7.086949,7.086949,7.8835344,8.9940405,8.372464,8.336029,8.98906,7.656149,8.640628,7.9936705,8.197353,12.624956,8.14661,9.122276,10.85801,6.0699277,8.255034,10.9630995,8.563849,13.074129,9.196558,8.269751,14.354925,6.9110713,9.713167,9.489207,6.980413,10.129743,6.912221,8.690153,7.9564734
7.0403123,7.254524,0.0,9.758615,8.949508,9.679658,8.113209,9.607789,9.765733,11.239454,11.705044,10.891183,9.917642,8.294613,7.7015166,7.4329515,8.401001,8.574534,7.4606137,8.603854,9.766605,8.574398,11.613843,9.391731,11.174291,13.243089,10.105949,8.484486,8.705765,11.1822815,7.1856656,9.374502,9.316227,9.623091,10.537371,9.679658,11.857731,10.824757,21.544498,10.643794,10.0702,18.372576,10.974649,9.435139,8.173162,9.293163,9.902352,11.115339,7.455048,8.537001,10.680369,8.414127,7.917129,7.5191555,7.706165,11.129111,11.598558,8.444408,9.676158,9.365604,10.457701,12.300986,9.465538,14.033391,6.750593,8.677241,9.121802,8.892313,7.0232797,12.305686,10.996628,8.933829,10.938069,10.249679,7.3884153,8.788461,9.391731,9.391731,10.059461,10.616235,11.151815,10.508711,10.487526,9.49263,8.654726,9.421044,10.482705,12.475639,10.613867,11.04408,10.990464,7.388529,9.848942,10.949722,11.021768,13.012891,10.135602,8.789717,14.417526,8.678207,12.091829,11.692562,8.0574875,12.423643,9.317721,8.849335,8.82444
8.331054,8.400142,9.758615,0.0,7.577529,7.388395,7.6924453,6.49345,6.6574173,10.168879,10.050867,7.1977177,6.9530206,7.3933253,7.9478436,7.996165,7.122794,6.9185777,6.6328645,6.137276,7.960605,5.6331706,9.711602,7.1534386,6.104367,11.828394,6.6717277,7.944632,8.801363,10.102017,7.4146934,9.107011,6.3608236,7.0960994,7.8003087,7.388395,8.222706,11.123584,21.270761,8.43481,10.004364,16.939035,10.921703,7.706413,5.948759,7.0073905,6.524433,8.587843,8.12411,7.615536,10.330632,8.640726,7.3401656,7.6877832,5.653627,6.3789973,8.804862,8.521641,4.065721,5.165224,6.0847044,10.41384,10.8864355,12.710646,9.318495,7.7972617,9.279032,7.1393514,7.2712765,8.928153,8.021025,7.766176,11.184553,6.651109,8.50325,7.222613,7.1534386,7.1534386,9.762595,6.966872,8.342752,7.906661,7.9175463,8.913159,7.6081076,4.3382115,6.242578,11.421508,7.9201784,8.128987,10.666617,7.300041,4.976407,10.255452,5.982835,11.6717205,6.9229755,7.5282845,12.3986435,10.34353,8.2239485,8.691553,6.455794,8.936025,7.459682,8.348549,6.9499354
8.72851,8.635962,8.949508,7.577529,0.0,9.940559,4.206852,5.495803,9.1059265,12.134738,11.703244,10.211922,4.179746,4.4566364,5.000084,5.1913214,5.539326,8.432668,6.859694,8.270492,10.375031,7.8293095,11.6832075,9.724885,10.238082,12.639897,9.605625,6.3211436,4.858648,12.063457,7.052632,7.346087,8.195293,9.669218,10.178944,9.940559,10.42341,12.563939,21.751505,10.375701,11.367035,17.858625,12.660713,10.305255,7.964884,9.758609,8.227194,10.798429,7.8148704,7.326595,11.9483595,6.3165145,8.299064,7.4957414,6.716845,9.892819,10.725951,6.933968,8.3640375,6.271638,8.746307,11.864874,8.988115,12.735497,7.853356,9.398742,10.268521,9.464068,7.2831216,10.180859,10.078623,9.645475,12.718781,8.835826,9.041317,5.1748285,9.724885,9.724885,10.614401,9.944651,10.586864,10.265398,10.356169,10.792555,5.7130847,8.490462,9.10423,11.803367,10.502908,10.796122,12.585924,7.941929,8.17357,12.073114,9.713885,13.764749,4.5406275,3.874221,12.996532,11.296677,10.989962,10.674954,7.036991,11.58258,9.533257,10.256825,5.7162843
8.577336,7.515042,9.679658,7.388395,9.940559,0.0,9.116077,9.138956,3.1161501,11.194477,7.7992353,7.7716374,9.779358,9.434125,9.453802,9.3817425,8.56908,5.987605,7.0731306,8.316653,6.4125743,5.300576,6.5797105,3.4484072,6.141769,13.341867,5.6988177,9.091517,10.515605,11.200216,8.072468,10.278285,6.106905,3.2780232,6.6936164,0.0,8.604711,12.027771,22.023012,7.4721794,10.390429,16.494968,11.212752,5.5003743,5.3060017,5.3742185,6.7115645,5.9578247,8.454811,9.538509,10.7413845,9.984672,7.1418476,9.114603,8.102077,5.3667974,8.570819,9.580064,6.910307,8.111284,6.538655,9.800992,11.414093,14.637331,9.648313,7.6534095,7.7660923,5.0901127,7.041775,9.946217,6.8000226,5.876508,11.571641,6.0766516,7.9791055,9.071932,3.4484072,3.4484072,8.9654875,5.6471643,6.356322,4.99231,6.628484,7.4243937,9.410455,6.9316025,6.0939107,12.4965515,3.8428514,7.320631,10.969208,6.6345654,7.434066,11.102624,5.872323,12.107502,9.579205,9.788795,13.9766445,8.877044,7.945223,7.8993063,8.26645,8.324846,5.54725,8.94393,9.176706
7.422526,7.312823,8.113209,7.6924453,4.206852,9.116077,0.0,6.373576,8.200634,11.603538,11.783869,10.130377,5.969497,4.913577,4.620662,4.4174614,4.890774,7.6441627,5.7886868,7.320122,9.482065,6.8374987,11.24359,8.678925,10.085655,12.140395,9.176769,6.0677357,5.1551423,11.535854,5.8830395,6.545935,7.405039,8.739556,9.729569,9.116077,10.678336,12.051717,21.50931,10.513588,10.463416,17.557781,12.065686,9.507122,6.9973245,9.041266,8.5572815,10.055149,7.078903,6.8842793,11.244163,6.0695047,7.7843027,6.928176,5.8392916,9.731873,10.896525,6.7859716,8.156255,6.7176046,8.829868,11.98772,8.525557,12.478651,7.410455,9.176611,9.026407,8.437849,6.030585,10.591732,9.334535,8.5254345,11.675992,9.070292,7.3403826,4.309522,8.678925,8.678925,10.52767,9.583685,10.003737,9.357906,9.870176,9.694708,5.326351,8.216869,8.7900095,11.449301,10.052229,10.966954,11.830991,6.5917964,8.0956335,11.431161,9.582096,13.391493,6.1155457,4.7084875,12.86133,9.871789,11.252778,10.941835,6.8215413,11.892356,8.791686,9.554449,6.3885946
9.177,8.563947,9.607789,6.49345,5.495803,9.138956,6.373576,0.0,8.535298,12.136319,10.769086,9.479986,5.1809916,6.2375216,5.641565,5.5060434,5.0298495,7.5181246,6.6786537,7.7293277,9.759971,7.2543664,10.481731,9.15742,8.980942,12.76543,9.111158,5.9622083,6.7726984,12.030867,6.913049,7.910223,7.4728427,8.921986,9.835239,9.138956,9.762873,12.686225,22.224182,9.588409,12.263492,17.242662,12.8796215,9.795236,7.4077406,9.322791,6.9680743,9.681467,7.7390175,7.3405185,12.334669,7.217076,7.885353,7.969908,6.90218,8.645953,9.806023,7.1895947,7.430977,4.2016845,7.585172,11.175803,9.409856,12.988895,8.034138,9.4214325,9.22851,9.215024,7.1984696,9.189641,9.441335,9.18189,13.393671,7.7390566,9.375651,5.8645477,9.15742,9.15742,9.860136,9.40153,9.627949,9.6354685,9.871045,10.090027,6.556884,7.592602,8.359783,11.952033,9.518493,10.017481,12.833371,8.386588,7.4918942,12.225184,8.581559,13.830215,4.8798857,5.788698,12.719986,11.022111,9.996837,9.441857,7.0623307,10.664087,9.07432,10.461812,4.3833866
8.439518,7.4741926,9.765733,6.6574173,9.1059265,3.1161501,8.200634,8.535298,0.0,11.215673,8.639932,7.726957,8.949608,8.643182,8.846451,8.735487,7.8157363,5.7411094,6.774252,7.60952,6.188555,4.780382,6.7581186,2.9569004,6.101384,12.533828,5.2356453,8.663653,9.937365,11.124027,7.6261854,9.476718,5.4719696,2.8995836,6.3545523,3.1161501,8.331771,12.216628,21.731281,8.007823,10.157566,16.39326,11.165132,5.7857347,5.364229,5.5809555,6.8106637,5.5412817,8.23593,8.948703,10.728007,9.485246,6.9914613,8.395113,7.24437,4.7792935,8.366717,8.969879,6.480726,7.482011,5.678027,9.871673,11.028854,13.868761,9.729983,7.5804634,7.9043045,5.0736766,6.9688187,9.360609,5.754586,5.561362,11.215783,6.2830505,7.9881663,8.226013,2.9569004,2.9569004,8.962835,5.2983813,6.062201,4.778248,6.324458,7.9687934,8.752329,6.5882883,4.864155,11.798407,4.552325,7.67686,10.866066,6.2643304,6.995308,11.195954,5.1282463,12.1151085,8.7404375,9.054984,13.191265,9.243405,7.829261,7.8803844,7.796147,8.49241,5.8629675,8.826018,8.813738
9.719574,11.175009,11.239454,10.168879,12.134738,11.194477,11.603538,12.136319,11.215673,0.0,13.107936,8.686897,12.360361,11.293571,11.536712,11.776751,12.519537,11.058617,11.660981,10.95518,11.327211,11.011029,13.789112,10.857105,10.675683,13.036571,10.586893,12.303329,12.30279,2.48073,12.224001,12.123519,11.478875,11.16521,10.641204,11.194477,12.274697,4.1530643,19.837551,11.649534,8.473297,18.454124,5.9332805,9.408164,10.686685,9.366443,11.014604,13.377452,12.4956,12.379438,7.5983768,12.621228,11.477125,11.067429,10.415131,11.521833,13.4090185,11.635486,9.199941,11.632553,11.687901,11.810137,13.055905,13.799313,11.925529,9.95963,12.184703,9.300832,11.685421,12.768896,12.95425,11.740735,8.3716135,11.085578,9.86483,12.003345,10.857105,10.857105,14.259094,10.643899,13.139948,12.061903,10.860388,9.928696,12.41368,9.168409,10.8461,13.050085,12.0034075,10.839246,6.382239,9.994165,8.667759,1.9944589,11.04591,5.821848,12.629856,11.736859,14.916299,11.345489,11.805887,13.101047,11.146749,12.03064,10.183088,6.878472,11.566866
10.957305,9.390127,11.705044,10.050867,11.703244,7.7992353,11.783869,10.769086,8.639932,13.107936,0.0,9.468804,11.554688,10.928355,11.303465,11.446228,10.942265,8.703139,10.353203,11.244698,9.325991,9.583236,8.29755,9.133641,7.9215627,15.293105,8.654643,10.6341305,11.794973,12.945381,11.195103,11.7806,9.031365,8.653112,10.262166,7.7992353,10.4392185,13.609367,23.532808,5.6775293,13.269429,16.919138,12.96128,9.323338,9.266202,8.861086,8.086516,9.276783,10.753506,12.174494,12.924799,12.126149,9.0425005,11.4698105,11.175818,7.7388153,9.269471,11.527805,8.976173,10.170829,8.49779,9.261759,12.030959,16.87802,10.73279,9.100106,10.015384,9.096694,10.223567,10.688745,10.546628,9.792624,14.528942,6.953004,10.773483,11.783861,9.133641,9.133641,9.516181,8.086381,8.956297,9.223967,10.301637,9.398878,12.064185,8.778753,8.867839,14.4031105,6.6669297,7.0493245,13.0207,10.125059,9.988042,13.277552,8.423034,13.684946,11.372395,11.45583,16.189676,10.71817,7.594784,8.018839,10.946155,7.3177633,6.89491,11.033312,10.36833
9.053222,9.440024,10.891183,7.1977177,10.211922,7.7716374,10.130377,9.479986,7.726957,8.686897,9.468804,0.0,9.770895,9.556093,10.113657,10.392822,10.165095,8.256979,9.300403,9.473405,9.281199,7.995902,9.797149,7.671848,6.1249714,13.234334,6.320663,9.993212,10.689678,8.635573,10.273623,10.031835,8.304249,7.5457726,6.4850245,7.7716374,6.781637,9.801441,20.976099,7.4949,10.019187,17.27198,8.972619,6.15361,7.6684656,5.72018,7.619504,9.422127,10.486074,10.70391,9.360754,11.112313,8.570764,9.665817,8.882596,6.3072844,8.690412,10.000247,6.0314555,8.518178,7.289724,8.3392725,11.629092,14.310399,10.509899,6.703926,10.570118,6.1504107,9.398503,8.286341,9.33755,8.867271,10.994338,6.78516,9.336005,10.104739,7.671848,7.671848,11.045527,6.689788,8.760223,9.653206,6.4677,9.314084,10.61277,5.8401437,6.6838946,12.7378235,8.068025,5.575134,9.27956,8.020625,5.9623117,9.10874,5.904147,8.754346,9.9153,9.729413,14.143737,10.885868,6.2278214,8.597945,8.660613,6.6792593,6.9063244,8.15059,8.841191
9.316112,9.267369,9.917642,6.9530206,4.179746,9.779358,5.969497,5.1809916,8.949608,12.360361,11.554688,9.770895,0.0,4.638062,6.3320956,6.5671334,6.1093554,8.452739,7.161905,8.023303,10.314592,7.768711,11.601434,9.704644,9.798963,12.681203,9.40704,6.9702406,5.701086,12.311209,7.4397197,8.235083,8.136174,9.573685,9.9405,9.779358,9.853867,12.915472,21.939182,10.061796,11.895317,17.5693,12.862612,10.303019,7.9558105,9.7398405,7.792607,10.555707,8.113284,7.244,12.416228,6.2068696,8.412203,7.669769,6.989076,9.403995,10.080684,7.826182,8.025284,5.6949306,8.35743,11.824583,9.814896,12.929914,8.983068,9.462321,10.399411,9.610786,7.8294263,9.62067,9.751394,9.727402,13.147644,8.456672,9.843787,4.6300836,9.704644,9.704644,10.318096,9.669934,10.142292,10.198248,10.074837,10.847675,5.3277535,8.153379,8.601029,11.833919,10.265091,10.593874,12.791816,8.635277,7.8439326,12.400543,9.263187,13.95075,1.9659492,4.141535,12.683413,11.83736,10.76315,10.15279,6.885578,11.389804,9.505795,10.398039,5.4303765
7.711828,7.60008,8.294613,7.3933253,4.4566364,9.434125,4.913577,6.2375216,8.643182,11.293571,10.928355,9.556093,4.638062,0.0,4.7599173,5.1315627,5.587915,7.3056927,6.6633406,7.515592,9.348561,7.7037597,11.28235,9.233427,9.4586735,11.8287,9.097905,6.5742507,4.6604533,11.208562,6.9354167,7.4079685,7.5772114,9.203242,9.560958,9.434125,9.930874,11.861962,21.39264,9.624248,10.784812,16.8687,11.696531,9.6339,7.697962,9.020761,7.811748,10.35894,7.254645,7.0536427,11.066996,5.846093,7.485802,6.345156,6.1532106,9.420417,10.121418,7.291806,7.8726115,6.358513,8.26819,11.378659,8.410624,12.741334,7.473167,8.541837,9.46186,8.75425,7.068634,9.891005,9.545106,9.143618,12.008662,8.274962,8.142602,5.3408737,9.233427,9.233427,9.64741,9.350011,9.936274,9.8102045,9.917724,9.722173,5.842883,7.92748,8.235383,11.06627,9.870501,10.2694435,11.688543,7.4097576,7.647715,11.265152,9.241663,13.028762,4.9967,4.218589,12.710071,10.540248,10.550018,9.94057,6.384959,11.100045,8.708603,9.130118,5.998703
7.23902,7.0618324,7.7015166,7.9478436,5.000084,9.453802,4.620662,5.641565,8.846451,11.536712,11.303465,10.113657,6.3320956,4.7599173,0.0,2.5824652,4.4348536,7.221177,6.5686193,7.6286125,9.470959,7.7851477,11.185511,9.318878,9.85095,12.5024605,9.4729805,5.647109,4.911239,11.486984,6.4090686,7.397682,7.5685987,9.314865,10.177652,9.453802,10.775868,11.931775,21.882809,10.242706,11.184944,17.75675,11.948148,9.808893,7.6070304,9.212885,7.888588,10.389353,6.9749107,6.8936925,11.37439,6.120788,6.9835167,6.3927097,5.9139934,9.703525,10.804556,6.799849,8.286995,6.277548,8.618703,11.713179,7.93332,13.126373,6.181447,9.101378,8.894976,8.915596,6.6211553,10.390364,10.001504,9.095,12.274049,8.565314,7.698855,5.960371,9.318878,9.318878,9.900086,9.856574,10.294774,9.76891,10.280738,9.650998,6.5465584,8.320978,9.026869,11.746963,10.137349,10.608931,11.77439,7.2126184,8.183102,11.398551,9.598898,13.513216,6.3549147,4.9969735,13.17326,9.807322,10.904253,10.521595,6.493309,11.510114,9.1061735,9.453851,5.6966414
7.038273,6.669465,7.4329515,7.996165,5.1913214,9.3817425,4.4174614,5.5060434,8.735487,11.776751,11.446228,10.392822,6.5671334,5.1315627,2.5824652,0.0,3.7483847,7.0677114,5.951701,7.332235,9.385849,7.3753366,10.899754,9.054001,10.140378,12.677564,9.659172,5.36337,5.2251873,11.72694,5.6426153,7.2848554,7.5380383,9.071728,10.094328,9.3817425,10.842759,12.153902,21.963985,10.435927,11.28418,18.006088,12.1349325,9.785746,7.24313,9.310114,8.180894,9.998468,6.2669697,6.585836,11.380109,5.8409324,6.929795,6.463367,5.5641656,9.875307,10.921171,6.506741,8.471755,6.2810025,8.6142645,11.858173,7.769545,13.217005,5.802449,9.151637,8.662858,8.866655,5.9599867,10.519013,9.656083,8.705363,12.321904,8.91594,7.3086996,5.423861,9.054001,9.054001,9.75735,10.114982,10.120439,9.738189,10.23592,9.628134,6.251867,8.48151,9.162263,11.913744,10.183546,10.859456,11.908264,6.8316717,8.462214,11.577822,9.749616,13.807532,6.506134,5.216598,13.263967,9.552445,11.141849,10.642165,6.443593,11.779891,9.072796,9.631238,5.768466
7.8239846,6.9696784,8.401001,7.122794,5.539326,8.56908,4.890774,5.0298495,7.8157363,12.519537,10.942265,10.165095,6.1093554,5.587915,4.4348536,3.7483847,0.0,6.5532813,5.3349085,7.238606,8.993498,6.60142,10.053401,8.396358,9.368361,12.774488,9.180366,5.7716484,6.3239493,12.438804,5.374788,7.20516,6.5510864,8.214023,9.612575,8.56908,9.999718,13.003494,22.359837,9.81184,11.800304,17.544792,12.781766,9.585538,6.696532,9.026966,7.3939867,8.934619,6.4910297,6.775588,12.208148,6.4380136,6.9540706,7.0428886,5.3680167,8.895027,9.795109,6.814844,8.159136,4.9274917,7.720508,11.582143,8.615632,13.189806,6.976114,9.267052,8.397241,8.681331,5.597792,9.801581,8.565181,8.108126,12.91334,8.294322,7.76151,5.0580006,8.396358,8.396358,9.018132,9.557154,8.954836,8.727344,9.814094,9.521554,5.8926334,8.213007,8.353171,11.652848,9.316384,10.470387,12.535705,7.036043,8.173449,12.397854,8.865846,14.255767,5.7756476,5.773352,12.744186,9.8722,10.537593,9.702021,6.4536557,11.294121,8.647123,10.142521,5.695669
6.8999324,5.3388195,8.574534,6.9185777,8.432668,5.987605,7.6441627,7.5181246,5.7411094,11.058617,8.703139,8.256979,8.452739,7.3056927,7.221177,7.0677114,6.5532813,0.0,6.0050826,6.9114866,6.3667884,5.835885,7.1758413,5.8031936,7.33227,12.618497,7.2656617,7.5314646,8.528658,11.08359,6.5973916,8.658477,4.448501,5.532624,7.3610253,5.987605,8.332554,11.717649,22.049221,7.559086,11.286745,15.889096,11.222034,7.188783,5.449423,6.7317996,6.4138722,6.3188486,6.665742,7.829126,10.86752,8.150167,5.059987,6.879628,6.345779,6.5898404,8.245029,7.9729977,6.788965,6.7937465,5.6065903,9.5948715,9.0877,14.056272,7.481507,7.1629443,6.792617,6.537557,6.022513,8.635362,6.4110703,5.9807086,12.067979,6.310182,6.612586,7.86525,5.8031936,5.8031936,7.2101493,7.458137,6.794841,6.939688,7.819201,7.776943,8.273586,6.8551116,6.2338066,11.738893,6.5795264,8.10804,11.144085,6.4936166,6.9718037,10.958286,6.590136,12.5494795,8.356551,8.128344,13.266018,7.8156185,8.333844,7.8431253,6.163053,8.868213,6.406653,8.865125,7.6734004
6.8875403,6.192425,7.4606137,6.6328645,6.859694,7.0731306,5.7886868,6.6786537,6.774252,11.660981,10.353203,9.300403,7.161905,6.6633406,6.5686193,5.951701,5.3349085,6.0050826,0.0,6.495495,8.128376,3.9996493,9.041594,6.806084,9.067189,12.88489,8.370537,6.621243,7.066455,11.678691,3.317576,8.431065,6.1853223,6.7265,8.232883,7.0731306,9.421734,12.106981,21.914984,9.006896,10.824472,17.296791,11.85529,8.203896,3.9966977,7.6720324,7.160283,7.801314,4.708912,6.571672,11.164024,6.6459947,6.2838674,7.0826926,5.1443405,8.437932,9.49778,7.7527075,6.8621883,5.9392734,7.258465,11.223404,9.492669,13.617858,6.227355,8.020368,7.884755,7.1889954,2.0003705,10.257422,7.769865,6.50292,11.886994,7.752587,6.4997706,5.644667,6.806084,6.806084,8.793338,8.790796,8.012233,8.085519,8.563953,8.77548,6.387952,6.812976,7.718287,12.210462,8.312024,9.716556,11.674397,5.363448,7.4058876,11.477629,8.386876,13.371265,7.24761,6.508165,13.276086,8.590242,10.223683,9.615049,5.8499637,10.7475605,7.373857,9.05044,6.0096602
7.87953,7.758325,8.603854,6.137276,8.270492,8.316653,7.320122,7.7293277,7.60952,10.95518,11.244698,9.473405,8.023303,7.515592,7.6286125,7.332235,7.238606,6.9114866,6.495495,0.0,6.826944,6.710966,10.384839,7.681547,8.825592,11.390041,8.474169,7.659664,8.390174,11.0734825,6.2967005,9.709262,6.8958364,7.8079205,8.9681015,8.316653,10.339327,11.474333,21.437101,10.034517,10.569937,17.25529,11.472027,8.719858,6.797696,8.413064,8.186012,9.130773,5.8100514,6.5990424,10.260979,6.879307,7.2677956,7.1789665,5.653704,8.711794,10.502798,8.744375,6.656525,6.9769683,7.914944,12.067563,10.789268,12.644219,8.513907,8.378727,7.7286196,8.057691,6.8749404,10.871432,8.567219,7.5837197,11.37755,8.483747,8.104151,7.0392084,7.681547,7.681547,9.599868,8.781587,9.206775,8.300015,9.029895,9.223321,7.2074413,6.7567167,7.8677254,11.4029255,9.090347,10.353291,11.346263,7.550666,7.3848615,10.815527,8.518477,12.946815,8.077654,7.896579,12.339513,8.2869,10.621343,10.56463,6.714746,11.279479,8.521155,8.562837,8.269247
8.583075,7.326108,9.766605,7.960605,10.375031,6.4125743,9.482065,9.759971,6.188555,11.327211,9.325991,9.281199,10.314592,9.348561,9.470959,9.385849,8.993498,6.3667884,8.128376,6.826944,0.0,7.396131,8.12706,5.9058113,7.6531444,12.524337,7.619926,8.966722,10.379147,11.416655,8.280516,10.684816,6.52128,5.8917217,8.047141,6.4125743,9.578037,11.873465,21.554895,8.736507,11.166149,16.412777,11.435605,7.725559,7.397859,6.923888,8.192153,7.2374983,7.538333,8.9251795,9.787217,9.328838,7.3554454,8.674613,8.287594,6.9182906,9.430192,10.028274,7.9088445,8.609125,6.980372,10.609231,11.471611,14.028839,9.833175,7.315948,7.11935,7.0284185,8.178537,10.431255,7.347495,6.1216106,11.9430275,7.710556,8.254703,9.525052,5.9058113,5.9058113,8.565725,7.738518,7.4316235,6.090021,8.292009,8.192908,9.5307865,7.9979935,7.0559344,11.964357,6.929656,9.036999,11.180603,7.807433,8.141894,11.287673,7.062332,12.843223,10.123263,10.300019,13.592831,7.664686,9.1324415,9.056722,8.317595,9.581558,7.545594,8.990571,10.030041
7.582993,6.851448,8.574398,5.6331706,7.8293095,5.300576,6.8374987,7.2543664,4.780382,11.011029,9.583236,7.995902,7.768711,7.7037597,7.7851477,7.3753366,6.60142,5.835885,3.9996493,6.710966,7.396131,0.0,7.8951435,5.0176105,7.607755,12.478131,6.474184,7.442227,8.671535,10.989071,5.6186233,8.684434,5.627983,5.079454,6.971074,5.300576,8.734983,11.822522,21.565222,8.28634,9.997117,16.917479,11.159607,6.726688,2.3794053,6.2744703,6.6046233,6.717501,6.5178556,7.726447,10.519206,8.167874,6.677607,7.66872,5.671556,6.6361814,8.892495,8.08816,5.70343,6.305362,6.3067026,10.330889,10.358611,13.414324,8.137314,7.7204084,7.8606367,5.79145,4.6934032,9.600569,6.8015504,5.8546996,11.066563,6.9307637,7.168034,6.5554867,5.0176105,5.0176105,9.042659,6.864473,6.9042993,6.555195,7.1359034,8.082245,7.448556,5.7559013,6.1971054,11.844294,6.464003,8.438588,10.84279,5.398801,6.386747,10.923812,6.7330937,12.334469,7.764776,7.646732,13.03478,9.03024,8.857285,8.569328,6.5787444,9.4337845,6.1110053,8.486139,7.0241013
10.7968,8.722133,11.613843,9.711602,11.6832075,6.5797105,11.24359,10.481731,6.7581186,13.789112,8.29755,9.797149,11.601434,11.28235,11.185511,10.899754,10.053401,7.1758413,9.041594,10.384839,8.12706,7.8951435,0.0,6.3975644,8.394093,14.952866,8.188174,10.639982,11.984334,13.646598,9.764527,11.518138,7.4853096,5.8834105,7.6213427,6.5797105,8.790456,14.148734,23.172766,7.8998957,14.181889,16.724447,13.610417,8.113518,7.8315854,8.243047,8.796611,3.54795,9.755692,11.179354,13.443212,11.767902,7.8322577,10.766425,10.469522,6.6734853,8.012496,11.089475,9.105511,9.43886,6.681702,9.133601,11.925022,16.394705,10.724884,8.472588,9.208317,8.086011,8.876523,9.789797,5.868441,6.671042,14.540602,7.72697,10.502447,11.084106,6.3975644,6.3975644,8.413552,8.236436,6.0132346,7.6748276,8.052024,10.209142,11.3105135,9.082255,7.317692,14.228326,6.0482254,8.562743,13.610388,9.226968,9.703087,13.823576,6.8329244,14.42495,11.354037,11.711353,15.420337,10.072645,8.036087,8.003599,9.934444,8.363388,7.575464,11.821715,10.604825
8.016943,7.086949,9.391731,7.1534386,9.724885,3.4484072,8.678925,9.15742,2.9569004,10.857105,9.133641,7.671848,9.704644,9.233427,9.318878,9.054001,8.396358,5.8031936,6.806084,7.681547,5.9058113,5.0176105,6.3975644,0.0,6.7127476,12.736877,5.127747,8.811007,10.295062,10.7787,7.6355586,9.841261,5.9355288,1.5757287,5.552391,3.4484072,8.325549,11.648037,21.604944,8.039948,10.05158,16.65528,10.74176,4.757733,5.278539,4.8052225,7.550651,5.4111295,8.0866785,9.054792,9.946155,9.766315,6.808641,8.429888,7.56645,5.393676,8.536901,9.177977,6.6827374,8.076371,6.1755395,9.833912,11.151254,14.074277,9.508704,6.881414,7.8470616,3.9587343,6.812147,9.681791,5.6809115,4.821646,10.859452,6.9149456,7.5978203,8.700315,0.0,0.0,8.994107,5.629996,5.97406,5.280236,5.500689,8.091957,9.169012,6.7411366,5.742754,12.170947,4.71982,7.486426,10.474496,5.999582,7.097765,10.817613,5.543569,11.76927,9.570496,9.644577,13.588357,8.614493,7.8514056,8.415561,7.698709,8.448411,5.755108,8.557826,9.20382
9.666642,9.185891,11.174291,6.104367,10.238082,6.141769,10.085655,8.980942,6.101384,10.675683,7.9215627,6.1249714,9.798963,9.4586735,9.85095,10.140378,9.368361,7.33227,9.067189,8.825592,7.6531444,7.607755,8.394093,6.7127476,0.0,13.071687,5.4717793,9.843326,10.8444395,10.491489,9.84218,10.515792,7.074301,6.4946423,7.255282,6.141769,7.3127728,11.657017,21.696615,7.357503,10.999223,16.32107,10.990054,6.541155,7.6261296,6.036829,7.1498127,7.848455,10.099114,9.912823,11.02289,10.820202,7.8261294,9.411506,8.684848,4.1873426,7.9445505,10.195472,5.5350575,7.8344603,5.938815,9.103273,11.803828,14.397397,10.757896,7.4631495,9.584904,6.6079073,9.271356,8.895456,8.056851,8.165096,12.133701,5.6374764,9.704837,10.135663,6.7127476,6.7127476,9.915566,5.4338617,7.638716,7.5301137,7.041819,8.584415,10.22502,5.5851483,5.425088,12.316604,5.9374614,5.7924013,10.863876,8.563026,6.2944417,10.883851,3.8872437,11.18574,9.576593,10.005493,13.887439,10.653378,6.0939884,7.308704,8.57974,6.434122,7.0836678,9.343418,9.341401
13.160655,13.514662,13.243089,11.828394,12.639897,13.341867,12.140395,12.76543,12.533828,13.036571,15.293105,13.234334,12.681203,11.8287,12.5024605,12.677564,12.774488,12.618497,12.88489,11.390041,12.524337,12.478131,14.952866,12.736877,13.071687,0.0,12.857048,12.798878,13.1868725,13.026627,12.781382,13.270988,12.664892,13.081044,13.237025,13.341867,14.125121,13.7006645,20.249428,14.39957,12.45214,15.4751835,13.88982,12.985052,12.892649,13.135671,12.9251995,14.1843605,13.104318,12.603747,13.115732,12.747437,13.534381,11.676823,11.799563,13.2968,14.105508,13.161743,12.220008,12.423668,12.937807,14.666492,15.136957,8.477439,14.458704,13.15053,12.913849,12.870262,13.23956,14.623931,13.283767,12.951226,13.117475,13.462784,13.368678,12.599237,12.736877,12.736877,14.147034,12.826097,13.829556,12.820511,13.622188,13.148534,12.255731,12.513446,12.150227,7.1196947,13.699114,14.49497,13.957444,13.149947,12.102936,13.202108,12.955366,14.501978,12.625496,12.930181,8.040246,14.089475,14.48473,13.680596,12.51185,14.9792385,13.447188,12.127676,13.566338
8.81523,8.555201,10.105949,6.6717277,9.605625,5.6988177,9.176769,9.111158,5.2356453,10.586893,8.654643,6.320663,9.40704,9.097905,9.4729805,9.659172,9.180366,7.2656617,8.370537,8.474169,7.619926,6.474184,8.188174,5.127747,5.4717793,12.857048,0.0,9.063275,10.489916,10.32357,9.147318,9.65015,6.740408,5.298613,5.777564,5.6988177,7.8761845,11.455391,21.46393,7.599406,9.90254,17.073538,10.093162,4.653216,6.6635675,4.3634677,7.488052,7.813023,9.537209,9.804905,9.7983265,10.390558,7.128711,8.9274645,8.117087,5.0613585,8.244463,9.534364,6.0674486,8.280337,6.500578,9.206163,11.36202,14.120486,10.289794,6.6611257,9.176035,4.76585,8.529319,8.852929,7.792714,7.504006,10.931407,6.2775593,8.97936,9.1986475,5.127747,5.127747,10.049097,2.1576324,6.9292645,7.1026874,4.9282565,8.872744,9.649716,6.0235047,5.915756,12.45047,5.0636992,5.521237,9.940387,7.1496763,6.5208817,10.75707,5.348646,10.813942,9.391162,9.4128065,13.883317,10.111265,6.187285,8.046792,8.263117,6.4410024,5.8690906,8.582781,9.121753
8.216042,7.4615936,8.484486,7.944632,6.3211436,9.091517,6.0677357,5.9622083,8.663653,12.303329,10.6341305,9.993212,6.9702406,6.5742507,5.647109,5.36337,5.7716484,7.5314646,6.621243,7.659664,8.966722,7.442227,10.639982,8.811007,9.843326,12.798878,9.063275,0.0,6.773417,12.203853,6.871307,7.526808,7.7181745,8.700727,10.045405,9.091517,10.759466,12.689486,21.93714,9.636661,11.658393,17.728357,12.47027,9.525311,7.3819737,8.999798,8.097601,9.930147,6.3292117,7.0083594,11.311199,6.4105253,7.5215592,7.8963556,6.953097,9.391105,10.39025,7.0610156,8.317537,6.867839,8.734635,11.567777,8.519641,13.348637,7.1091065,8.635095,8.193659,8.728547,6.715727,10.218305,9.774853,8.77488,12.849638,8.600505,8.110672,6.3017693,8.811007,8.811007,9.767236,9.516103,9.578936,9.817808,10.144955,9.686268,7.032969,8.341413,9.106397,12.217185,9.554615,10.088547,12.13107,7.3823996,8.7075815,12.320139,9.484439,14.031399,6.798543,6.0674424,13.378692,9.754742,10.410177,9.986446,7.2575097,11.017319,8.774632,10.218607,5.768244
8.192683,8.070274,8.705765,8.801363,4.858648,10.515605,5.1551423,6.7726984,9.937365,12.30279,11.794973,10.689678,5.701086,4.6604533,4.911239,5.2251873,6.3239493,8.528658,7.066455,8.390174,10.379147,8.671535,11.984334,10.295062,10.8444395,13.1868725,10.489916,6.773417,0.0,12.387049,6.8161907,8.317783,8.731995,10.242191,10.836774,10.515605,11.177978,12.547536,22.182417,10.6446905,12.170778,17.713364,12.83961,10.804072,8.401249,10.212603,8.569197,11.209824,7.375755,7.4200287,12.093366,5.66543,7.910193,7.350885,7.4719257,10.578852,11.306292,7.8958516,8.945184,7.019417,9.335505,12.493633,8.279135,13.719197,6.6645913,9.481249,10.119122,9.871791,7.3465323,10.972975,10.913354,9.865213,13.288916,9.240119,8.759038,5.8987494,10.295062,10.295062,10.316356,10.8145,10.846451,10.873621,11.011279,10.75969,6.351954,8.924001,9.92973,12.411961,11.003748,11.269757,12.800427,8.325754,9.028653,12.105782,10.462175,14.23126,5.9537206,4.4396276,13.985058,10.565853,11.741507,11.033403,6.957467,12.20659,9.787343,10.406137,6.269182
9.722013,11.128794,11.1822815,10.102017,12.063457,11.200216,11.535854,12.030867,11.124027,2.48073,12.945381,8.635573,12.311209,11.208562,11.486984,11.72694,12.438804,11.08359,11.678691,11.0734825,11.416655,10.989071,13.646598,10.7787,10.491489,13.026627,10.32357,12.203853,12.387049,0.0,12.249053,11.824326,11.478178,11.107883,10.55097,11.200216,12.210429,5.086206,19.981262,11.577578,8.457374,18.595972,5.946586,9.271192,10.746459,9.353448,11.030929,13.295339,12.579611,12.44908,7.7431297,12.769225,11.499119,11.038289,10.355725,11.392818,13.272706,11.500254,9.132563,11.608163,11.627778,11.538836,13.022473,13.805728,11.916899,9.92357,12.308807,9.250751,11.646706,12.60268,12.811388,11.842622,8.441399,11.042528,9.886088,11.97933,10.7787,10.7787,14.333906,10.437753,13.0616,12.19018,10.742496,9.984311,12.454204,9.0393095,10.647445,13.061852,11.933475,10.617372,6.33673,9.900719,8.742127,3.449621,10.914559,5.745102,12.593092,11.673387,14.93772,11.505507,11.582915,12.968014,11.157085,11.795402,10.051469,6.8561735,11.458169
7.1058936,6.467228,7.1856656,7.4146934,7.052632,8.072468,5.8830395,6.913049,7.6261854,12.224001,11.195103,10.273623,7.4397197,6.9354167,6.4090686,5.6426153,5.374788,6.5973916,3.317576,6.2967005,8.280516,5.6186233,9.764527,7.6355586,9.84218,12.781382,9.147318,6.871307,6.8161907,12.249053,0.0,8.574955,6.9602504,7.678329,9.168402,8.072468,10.206096,12.437998,21.932606,10.003011,11.3010235,17.760523,12.468116,9.057785,5.5272374,8.595063,7.8976445,8.57614,4.5834093,6.2167416,11.612938,6.181887,6.4694796,7.0547156,5.451053,9.236808,10.095777,8.103902,7.9203835,6.318345,7.9970775,11.932198,9.494405,13.660199,6.3574753,8.681927,7.8276834,8.166702,3.4184098,10.840839,8.495243,6.8363857,12.182892,8.60392,7.1036706,5.7117653,7.6355586,7.6355586,8.683901,9.578556,8.753999,8.264651,9.358515,9.131744,6.0001426,7.8445807,8.621339,12.236315,9.165855,10.680308,12.253213,6.3801684,8.396863,11.935359,9.17379,14.034295,7.3793125,6.802968,13.29133,8.297031,11.128999,10.221976,6.277169,11.668563,8.545516,9.463533,6.8393435
8.509132,7.9847336,9.374502,9.107011,7.346087,10.278285,6.545935,7.910223,9.476718,12.123519,11.7806,10.031835,8.235083,7.4079685,7.397682,7.2848554,7.20516,8.658477,8.431065,9.709262,10.684816,8.684434,11.518138,9.841261,10.515792,13.270988,9.65015,7.526808,8.317783,11.824326,8.574955,0.0,8.339567,9.745748,10.211301,10.278285,10.318474,12.4670925,21.889277,10.273576,11.844894,17.89091,12.019189,9.994137,8.643141,9.557948,9.360001,10.644822,9.208985,9.226836,12.1464,8.608727,8.686578,8.648739,8.230504,10.114896,10.417875,6.3105226,9.527365,8.175075,9.471996,10.54453,7.564436,13.139345,9.189666,9.549187,9.69793,9.209653,8.360812,8.693875,10.016702,9.685433,12.17811,9.843839,8.21661,7.4730377,9.841261,9.841261,10.81097,10.116268,10.365404,10.756348,10.362964,9.945392,8.038163,9.43328,9.41731,12.3718815,10.695876,10.4890995,11.877995,8.356031,9.336733,12.188557,9.955793,13.218802,8.078862,7.6458507,13.858289,10.966284,10.445597,10.500104,8.585665,11.126493,9.288331,10.810236,7.6944366
7.4749837,6.255884,9.316227,6.3608236,8.195293,6.106905,7.405039,7.4728427,5.4719696,11.478875,9.031365,8.304249,8.136174,7.5772114,7.5685987,7.5380383,6.5510864,4.448501,6.1853223,6.8958364,6.52128,5.627983,7.4853096,5.9355288,7.074301,12.664892,6.740408,7.7181745,8.731995,11.478178,6.9602504,8.339567,0.0,5.5626383,7.119009,6.106905,8.163341,12.141031,22.170681,7.7717767,11.306603,16.510597,11.474017,7.034176,5.8037014,6.567466,6.5760126,6.22069,7.3205304,8.058173,11.29621,8.322154,5.2014003,7.485456,6.796381,6.125453,8.256732,8.198538,6.651438,6.294532,5.455224,9.936602,9.72003,13.78595,8.390365,7.618049,7.5752606,6.5530944,6.414678,8.413369,6.0944023,6.1178985,12.180857,6.1089168,7.177886,7.394899,5.9355288,5.9355288,8.01407,6.828871,6.6809793,6.679013,7.369579,8.269801,7.823851,6.7471,5.9740577,11.888245,6.604689,8.115437,11.384428,6.75153,6.604098,11.445643,6.1561823,12.7760725,7.991138,8.103855,13.14828,8.673146,8.337782,8.068351,6.755298,8.912094,6.659242,9.264153,7.7695465
8.203409,7.005894,9.623091,7.0960994,9.669218,3.2780232,8.739556,8.921986,2.8995836,11.16521,8.653112,7.5457726,9.573685,9.203242,9.314865,9.071728,8.214023,5.532624,6.7265,7.8079205,5.8917217,5.079454,5.8834105,1.5757287,6.4946423,13.081044,5.298613,8.700727,10.242191,11.107883,7.678329,9.745748,5.5626383,0.0,5.5749254,3.2780232,8.024636,11.906062,21.968744,7.617972,10.669262,16.56884,11.135446,4.979463,5.2263856,4.9087377,7.171074,4.7742047,8.039472,9.143919,10.511061,9.735597,6.663066,8.655136,7.7150655,4.9697127,8.089026,9.126337,6.6516438,7.7750845,5.8001866,9.616547,10.982566,14.326103,9.424525,6.865238,7.719752,4.2400727,6.7254834,9.218848,5.3378015,4.8043256,11.509932,6.487613,7.6967144,8.686481,1.5757287,1.5757287,8.689519,5.7072515,5.4811006,5.367403,5.6758914,8.123637,9.18099,6.6933002,5.623024,12.342257,4.4992175,7.158627,10.911239,6.121011,7.0712595,11.16032,5.248444,12.07963,9.413809,9.565551,13.723717,8.557563,7.4624677,8.059499,7.7864633,8.0820465,5.5895476,8.925555,8.975039
8.939424,8.696454,10.537371,7.8003087,10.178944,6.6936164,9.729569,9.835239,6.3545523,10.641204,10.262166,6.4850245,9.9405,9.560958,10.177652,10.094328,9.612575,7.3610253,8.232883,8.9681015,8.047141,6.971074,7.6213427,5.552391,7.255282,13.237025,5.777564,10.045405,10.836774,10.55097,9.168402,10.211301,7.119009,5.5749254,0.0,6.6936164,5.8488164,11.403885,21.087637,8.077321,11.00816,17.05684,10.14207,5.10341,7.0659413,5.192037,8.355604,6.94413,9.36236,9.731815,10.193932,10.551641,7.366118,8.935761,8.503528,6.3121653,7.729071,10.071298,7.03574,8.670693,6.410251,9.0683565,11.713078,14.442547,10.402393,6.0726585,9.682394,5.406914,8.354336,8.664391,6.4505386,6.9377446,11.2742195,7.3368106,8.996874,9.677726,5.552391,5.552391,9.963814,6.524937,6.0704827,8.4519,3.1724684,9.899111,10.062927,6.9617305,6.3353868,12.964046,7.148267,7.293531,10.288369,7.164413,6.7662954,10.80194,5.938652,11.024107,9.992648,9.962868,14.088705,10.186165,7.5876136,8.773267,8.019409,7.9491177,6.7276883,8.986786,9.439169
8.577336,7.515042,9.679658,7.388395,9.940559,0.0,9.116077,9.138956,3.1161501,11.194477,7.7992353,7.7716374,9.779358,9.434125,9.453802,9.3817425,8.56908,5.987605,7.0731306,8.316653,6.4125743,5.300576,6.5797105,3.4484072,6.141769,13.341867,5.6988177,9.091517,10.515605,11.200216,8.072468,10.278285,6.106905,3.2780232,6.6936164,0.0,8.604711,12.027771,22.023012,7.4721794,10.390429,16.494968,11.212752,5.5003743,5.3060017,5.3742185,6.7115645,5.9578247,8.454811,9.538509,10.7413845,9.984672,7.1418476,9.114603,8.102077,5.3667974,8.570819,9.580064,6.910307,8.111284,6.538655,9.800992,11.414093,14.637331,9.648313,7.6534095,7.7660923,5.0901127,7.041775,9.946217,6.8000226,5.876508,11.571641,6.0766516,7.9791055,9.071932,3.4484072,3.4484072,8.9654875,5.6471643,6.356322,4.99231,6.628484,7.4243937,9.410455,6.9316025,6.0939107,12.4965515,3.8428514,7.320631,10.969208,6.6345654,7.434066,11.102624,5.872323,12.107502,9.579205,9.788795,13.9766445,8.877044,7.945223,7.8993063,8.26645,8.324846,5.54725,8.94393,9.176706
10.649018,10.042855,11.857731,8.222706,10.42341,8.604711,10.678336,9.762873,8.331771,12.274697,10.4392185,6.781637,9.853867,9.930874,10.775868,10.842759,9.999718,8.332554,9.421734,10.339327,9.578037,8.734983,8.790456,8.325549,7.3127728,14.125121,7.8761845,10.759466,11.177978,12.210429,10.206096,10.318474,8.163341,8.024636,5.8488164,8.604711,0.0,12.593677,21.404182,7.805432,13.067977,16.704199,12.168511,8.109287,8.690786,7.9392223,8.751733,8.002673,10.221119,9.998781,12.590384,10.919125,8.187463,9.517941,9.628129,6.614008,5.7615576,10.682754,8.238603,8.725326,6.4802384,8.244658,12.063603,15.13108,11.250464,7.114405,10.646289,8.495225,9.626108,7.4816885,7.343035,8.376922,13.41629,7.5534863,10.756441,10.504231,8.325549,8.325549,9.654404,8.363418,7.437939,10.001513,6.7529626,10.988929,10.366079,8.209021,6.878266,13.39344,8.6526785,7.718183,12.429334,9.408718,7.80383,12.575649,5.943713,12.485249,9.836389,10.275744,14.29569,11.732455,7.4911566,8.057927,8.450024,7.7597876,8.813245,11.060477,9.506501
10.246753,11.551659,10.824757,11.123584,12.563939,12.027771,12.051717,12.686225,12.216628,4.1530643,13.609367,9.801441,12.915472,11.861962,11.931775,12.153902,13.003494,11.717649,12.106981,11.474333,11.873465,11.822522,14.148734,11.648037,11.657017,13.7006645,11.455391,12.689486,12.547536,5.086206,12.437998,12.4670925,12.141031,11.906062,11.403885,12.027771,12.593677,0.0,19.658756,11.651991,9.723846,18.859955,7.321226,10.152754,11.400128,10.164519,11.839571,13.8109255,12.628648,12.306717,8.617907,12.588699,11.521528,11.276519,11.158965,12.423699,13.408431,12.210253,10.294761,12.210192,12.5313015,12.280053,13.234757,14.006055,12.167695,9.948739,12.466253,10.118576,12.02206,13.467068,13.489125,11.833913,9.295422,11.857895,10.423589,12.535801,11.648037,11.648037,14.336558,11.594918,13.738931,12.724744,11.583718,10.662853,12.258264,10.1964035,11.9721365,13.634294,12.728612,11.531038,7.933156,10.555694,9.75741,4.43107,11.953384,7.2674313,13.220563,12.23481,15.525241,11.260456,12.534683,13.636783,11.293005,12.681697,11.027688,8.107596,12.01759
21.759056,22.470388,21.544498,21.270761,21.751505,22.023012,21.50931,22.224182,21.731281,19.837551,23.532808,20.976099,21.939182,21.39264,21.882809,21.963985,22.359837,22.049221,21.914984,21.437101,21.554895,21.565222,23.172766,21.604944,21.696615,20.249428,21.46393,21.93714,22.182417,19.981262,21.932606,21.889277,22.170681,21.968744,21.087637,22.023012,21.404182,19.658756,0.0,22.11313,19.500496,24.026546,20.384157,21.202066,21.72345,21.240957,22.003565,22.7312,22.061554,21.64429,19.7085,21.85557,22.268076,21.371874,21.154446,22.190237,21.819254,22.279037,21.16389,21.97115,22.033895,21.744873,23.249365,20.756678,22.963715,21.085945,21.739586,21.276638,22.067352,22.584213,21.943905,21.403965,19.506495,22.125238,21.787601,21.879877,21.604944,21.604944,23.010475,21.453001,22.424448,21.685127,21.67774,21.336283,21.446428,21.244349,21.253391,20.970959,22.433588,22.50168,20.506104,21.562933,20.806799,19.941004,21.828377,20.167685,22.1,21.890484,21.842325,22.08401,22.55098,22.251656,21.580551,22.831865,21.912136,20.102726,22.156136
