0,1,2,3,4,5,6,7,8,9,10,11,12,13,14,15,16,17,18,19,20,21,22,23,24,25,26,27,28,29,30,31,32,33,34,35,36,37,38,39,40,41,42,43,44,45,46,47,48,49,50,51,52,53,54,55,56,57,58,59,60,61,62,63,64,65,66,67,68,69,70,71,72,73,74,75,76,77,78,79,80,81,82,83,84,85,86,87,88,89,90,91,92,93,94,95,96,97,98,99,100,101,102,103,104,105,106
0.99999964,0.9727825,0.92810965,0.89794475,0.89047414,0.8927441,0.920359,0.87992173,0.8966694,0.8539097,0.82697105,0.8783792,0.8757391,0.9115566,0.9239348,0.9289489,0.9139086,0.9300718,0.93174845,0.9089385,0.891682,0.9164207,0.8380499,0.90679836,0.86247057,0.74127316,0.8871283,0.90413857,0.9033412,0.8541597,0.9282185,0.8984489,0.91941106,0.9029562,0.8852102,0.8927441,0.83998406,0.8391516,0.40663233,0.8612872,0.86830324,0.53279895,0.8655325,0.9079689,0.92896533,0.91868436,0.892462,0.8620002,0.9174017,0.89262617,0.8772669,0.8913118,0.9355077,0.9265989,0.9356945,0.8688733,0.8229375,0.90686214,0.90538013,0.8958783,0.8919949,0.81636333,0.8943578,0.70692635,0.942346,0.9124893,0.8874781,0.9283825,0.93953544,0.8410506,0.8687464,0.9031889,0.840027,0.8901218,0.9792628,0.9084206,0.90679836,0.90679836,0.857542,0.8728906,0.8577822,0.8695195,0.8841822,0.89353365,0.8844494,0.91059905,0.8819402,0.7557911,0.8665321,0.8660676,0.8724528,0.9496035,0.9048886,0.8629188,0.87394434,0.783957,0.8718381,0.9068435,0.71066153,0.91204894,0.84618175,0.8314364,0.9295283,0.83161485,0.90955466,0.91760147,0.9032823
0.9727825,1.0,0.9243201,0.897292,0.8936723,0.9184352,0.923339,0.8962735,0.91968,0.8088451,0.87407506,0.86918044,0.8780416,0.91509223,0.92824244,0.9366761,0.93218136,0.958567,0.94525874,0.91258997,0.92188805,0.93237805,0.8953488,0.9278097,0.8770659,0.7300247,0.89465386,0.92153925,0.9069816,0.8108938,0.9409604,0.911209,0.9440244,0.9298241,0.89226866,0.9184352,0.8588347,0.79780746,0.37144208,0.8928435,0.81968725,0.59021324,0.81757534,0.906659,0.94375205,0.9196734,0.9111347,0.91051865,0.9391756,0.9011018,0.8311049,0.9028333,0.95395625,0.9255861,0.92899895,0.89718175,0.86470306,0.9143548,0.9027485,0.91151154,0.9183109,0.84598535,0.912496,0.6935557,0.9494209,0.9164634,0.92554545,0.929535,0.95484424,0.86402124,0.90556085,0.9337882,0.7958067,0.9109006,0.9750915,0.912737,0.9278097,0.9278097,0.9141846,0.88251007,0.9028952,0.90009004,0.8864301,0.91350883,0.89406043,0.9062813,0.9021518,0.76361394,0.9046873,0.88077736,0.8260815,0.94703543,0.8988223,0.81654704,0.8948013,0.74288726,0.8803799,0.90254354,0.7129606,0.9317763,0.86691904,0.8714935,0.9304129,0.85502326,0.93055344,0.8861141,0.9107914
0.92810965,0.9243201,1.0000001,0.8620151,0.8862536,0.8652716,0.90601814,0.8698875,0.8634522,0.8077644,0.8051056,0.82665324,0.8608495,0.89935774,0.91501296,0.92161906,0.9016005,0.8935853,0.9208206,0.89299154,0.8617946,0.8945437,0.81444705,0.87374604,0.8188963,0.7420075,0.85362643,0.89883786,0.8921753,0.81018156,0.92730814,0.8778329,0.876317,0.8680967,0.842425,0.8652716,0.803778,0.8236589,0.42485416,0.83804005,0.8490051,0.5286872,0.82231236,0.87035525,0.90364254,0.8747218,0.8575312,0.82978123,0.9216008,0.89755726,0.8293294,0.89980733,0.91161597,0.9184152,0.9143703,0.82448334,0.8132984,0.89977646,0.86280626,0.8755247,0.8450682,0.7862636,0.8775749,0.72016287,0.9359796,0.8910383,0.88190585,0.8848063,0.9300616,0.7905015,0.83214116,0.88690436,0.82399637,0.84847456,0.9210669,0.8913578,0.87374604,0.87374604,0.8602989,0.83703816,0.8278422,0.8418896,0.8458706,0.8675631,0.8941101,0.8704112,0.84069973,0.77030694,0.83888334,0.8259652,0.82268065,0.9218465,0.8565243,0.818098,0.8264644,0.7466004,0.8552158,0.89032143,0.71155655,0.8928235,0.7944292,0.80565304,0.90762633,0.7826811,0.87437034,0.88261557,0.89059865
0.89794475,0.897292,0.8620151,1.0000001,0.91762805,0.92056,0.91457784,0.9401513,0.93583304,0.84032404,0.8546792,0.9232911,0.9310124,0.9188848,0.90843594,0.9083444,0.92883575,0.92981905,0.93679845,0.944855,0.9069927,0.95397484,0.86936533,0.9259272,0.9452572,0.791435,0.9354799,0.9105088,0.8885815,0.84280336,0.9218972,0.8836971,0.9417682,0.9275331,0.91278374,0.92056,0.90499985,0.81069565,0.43422142,0.89712566,0.8486352,0.59482217,0.8215113,0.9123447,0.94831765,0.9278345,0.93733764,0.89788264,0.9059702,0.91778404,0.83785427,0.8932377,0.9233519,0.91363215,0.95333797,0.9418574,0.8916826,0.896953,0.97550535,0.96187997,0.9471395,0.84517795,0.8363503,0.7677586,0.87664837,0.9108777,0.87646496,0.924732,0.9242929,0.8890643,0.9102052,0.91368806,0.8133817,0.93540466,0.89408255,0.9260373,0.9259272,0.9259272,0.8672959,0.9289296,0.90312314,0.9094635,0.91147876,0.8815528,0.9173999,0.9721715,0.94277716,0.8048524,0.9092652,0.9046674,0.8306672,0.9228406,0.963046,0.8379347,0.94834113,0.7933104,0.93193835,0.91873336,0.78459436,0.8459977,0.904105,0.89145726,0.940125,0.88651454,0.9184422,0.8937325,0.93165106
0.89047414,0.8936723,0.8862536,0.91762805,1.0000004,0.85911036,0.97494555,0.9577548,0.88225883,0.7779001,0.8067007,0.8490542,0.9754768,0.9716133,0.9645005,0.9620534,0.9575639,0.89802456,0.9335808,0.90202796,0.84540576,0.9128227,0.81345963,0.8657392,0.8493383,0.7671499,0.86885524,0.9442582,0.966679,0.78106046,0.9304476,0.9255377,0.9050503,0.8678826,0.85410106,0.85911036,0.8494942,0.7642491,0.41732103,0.84734374,0.8092684,0.558096,0.765532,0.8467229,0.90931606,0.8630945,0.90263355,0.84042215,0.9144504,0.9250839,0.78822887,0.94395685,0.9035663,0.9196672,0.93556106,0.8623815,0.84147215,0.9329064,0.8986283,0.9446112,0.8924583,0.80267036,0.890289,0.77134734,0.9138941,0.87329686,0.85149646,0.87071824,0.925346,0.85768855,0.8599936,0.869165,0.7640453,0.8883915,0.8828319,0.96262306,0.8657392,0.8657392,0.84541553,0.8582639,0.8459164,0.85036176,0.85078305,0.83032,0.95420384,0.8958328,0.8809555,0.7963871,0.843516,0.83502376,0.76945686,0.91045195,0.90252286,0.7807008,0.8662952,0.7190283,0.9711771,0.97885585,0.76736295,0.81981,0.8314621,0.8392809,0.9300928,0.8125373,0.8696582,0.8434559,0.95444167
0.8927441,0.9184352,0.8652716,0.92056,0.85911036,0.99999976,0.8808681,0.8818619,0.9860481,0.8081989,0.9131558,0.91139555,0.8641928,0.86907756,0.87140656,0.87462765,0.89728904,0.947885,0.9285697,0.8995656,0.94016874,0.95953214,0.9408072,0.9829178,0.94507307,0.73692364,0.95326376,0.8834139,0.8420479,0.808458,0.9079141,0.8525702,0.9466655,0.9846727,0.9362173,0.99999976,0.89648694,0.7806976,0.39663076,0.9198611,0.83831465,0.61866814,0.81358296,0.9557953,0.95921195,0.95794016,0.9342853,0.9514837,0.8987778,0.87161696,0.82641804,0.8583495,0.92786294,0.87957454,0.90492225,0.95910335,0.89794296,0.87050104,0.9297926,0.90629566,0.9392622,0.86383796,0.82103753,0.694315,0.8686,0.9148531,0.9140947,0.96214366,0.9294441,0.862881,0.9359256,0.9509399,0.80201906,0.94651186,0.90750945,0.88381755,0.9829178,0.9829178,0.8888197,0.95369714,0.94429874,0.9641762,0.9383886,0.9186959,0.8743293,0.9295751,0.9459475,0.7684347,0.97880566,0.9232385,0.8225177,0.93672764,0.91806066,0.81181777,0.9505526,0.7796705,0.8702148,0.86343396,0.7279464,0.8874171,0.9110422,0.9109769,0.9023973,0.90216136,0.9552861,0.87928694,0.8812612
0.920359,0.923339,0.90601814,0.91457784,0.97494555,0.8808681,1.0000001,0.94293165,0.9039961,0.7957493,0.80303097,0.85056156,0.9497471,0.9650506,0.96950305,0.9724,0.96687084,0.9157214,0.9524648,0.9228134,0.87015355,0.9331448,0.8265364,0.89249974,0.85295284,0.78396577,0.8796626,0.94843847,0.96230066,0.7986309,0.9514148,0.9407166,0.9220794,0.8915137,0.8660331,0.8808681,0.8413224,0.7818096,0.42807436,0.842437,0.8375137,0.5707749,0.78584045,0.86880744,0.9296125,0.8818154,0.89399487,0.86112404,0.92949176,0.9335825,0.8113994,0.9480188,0.9147711,0.9309698,0.95101297,0.8661654,0.8356648,0.93547267,0.90297616,0.9361451,0.889858,0.79757166,0.90101314,0.779365,0.9230025,0.8785196,0.8846791,0.8966573,0.9485735,0.845292,0.8794366,0.897287,0.8000617,0.8817154,0.92235166,0.9740131,0.89249974,0.89249974,0.8472957,0.86762494,0.8618767,0.87499094,0.8638482,0.8623383,0.9600258,0.9018278,0.8883835,0.80728996,0.8559042,0.8288802,0.7951449,0.93797725,0.90367997,0.8023165,0.86921746,0.73250043,0.94747674,0.96862376,0.77114034,0.8616985,0.82245994,0.83028907,0.93397546,0.8014176,0.88852257,0.86343503,0.9428539
0.87992173,0.8962735,0.8698875,0.9401513,0.9577548,0.8818619,0.94293165,0.9999997,0.8973516,0.78000855,0.83749527,0.8711109,0.96257627,0.9445356,0.9551946,0.95762634,0.9651902,0.919702,0.93751174,0.91519123,0.8643288,0.92577225,0.8508005,0.8818548,0.88509387,0.7644149,0.8829162,0.9507163,0.93573684,0.78436786,0.93360996,0.9141265,0.9216466,0.8883362,0.86474884,0.8818619,0.8688067,0.761768,0.39483294,0.87060505,0.77970713,0.5908243,0.7593182,0.8627184,0.9222517,0.87611073,0.9309036,0.8725252,0.91666806,0.9252802,0.7762109,0.9273441,0.9135263,0.9099306,0.9325511,0.89562255,0.8683313,0.92832494,0.9209136,0.9753305,0.9196851,0.82612646,0.88033813,0.76383096,0.9104687,0.8737222,0.88090444,0.8785114,0.92759097,0.8847655,0.87789786,0.88226944,0.74036455,0.91513103,0.8750189,0.9522816,0.8818548,0.8818548,0.86742395,0.87436664,0.87335825,0.8691579,0.86531997,0.8530924,0.9400868,0.91758925,0.9005262,0.79296076,0.87244,0.85900223,0.7622082,0.90090954,0.91917783,0.7772193,0.8964386,0.7187265,0.96691084,0.95314306,0.7785842,0.82968795,0.8614774,0.8751672,0.930112,0.8421615,0.8828963,0.8386926,0.97337246
0.8966694,0.91968,0.8634522,0.93583304,0.88225883,0.9860481,0.9039961,0.8973516,1.0000002,0.80863094,0.8938376,0.9128803,0.8867165,0.8907174,0.88788295,0.8917421,0.9148811,0.95233846,0.93473244,0.91632116,0.9445658,0.96722734,0.9376155,0.9874872,0.9460782,0.7689849,0.96071947,0.8945279,0.8595246,0.8122219,0.91811734,0.8751615,0.9573438,0.98803794,0.9427271,0.9860481,0.90328395,0.7749504,0.41476294,0.9083412,0.8463867,0.6248848,0.8161062,0.9513626,0.9585171,0.9548869,0.93268085,0.95815873,0.90430826,0.88743913,0.82782686,0.8726761,0.9311064,0.89830834,0.9243412,0.96767706,0.9030616,0.8869113,0.9386479,0.92058325,0.95437026,0.8623998,0.83352613,0.7267324,0.866862,0.9168718,0.9113482,0.96262527,0.93115187,0.8790091,0.9543336,0.9562104,0.8149568,0.9430886,0.9077389,0.904848,0.9874872,0.9874872,0.8892203,0.95945406,0.9494691,0.9673163,0.9440856,0.90681523,0.8917215,0.9367529,0.9657723,0.79466057,0.9703664,0.9159261,0.82671106,0.94382876,0.92798036,0.8097489,0.96243894,0.780559,0.89237535,0.8836161,0.75864244,0.8784241,0.9139184,0.9117484,0.9135352,0.89853823,0.950305,0.88327163,0.8908788
0.8539097,0.8088451,0.8077644,0.84032404,0.7779001,0.8081989,0.7957493,0.78000855,0.80863094,1.0000001,0.73975563,0.88235915,0.77059543,0.79952294,0.797141,0.7912584,0.7685894,0.81106126,0.7946937,0.8149729,0.8014065,0.8151736,0.72318065,0.8209239,0.8235832,0.7310621,0.82955045,0.7745652,0.77108455,0.9897951,0.7768953,0.7842376,0.80070543,0.81174713,0.8302113,0.8081989,0.7778847,0.9718475,0.48759124,0.79374576,0.8843386,0.4918813,0.94473344,0.8624568,0.8245962,0.864568,0.8115566,0.7392659,0.7661721,0.77165264,0.9063986,0.76048994,0.8034934,0.8115827,0.8335961,0.8007345,0.735753,0.79878896,0.8671965,0.7963986,0.7949132,0.791383,0.75386345,0.7116238,0.78832227,0.8471815,0.77622443,0.8655023,0.7946741,0.76193166,0.7536013,0.7929226,0.88960415,0.8111359,0.850266,0.78540695,0.8209239,0.8209239,0.7019911,0.8254316,0.7471998,0.77822495,0.8261073,0.8443186,0.76874906,0.8688926,0.8179609,0.7292617,0.7807192,0.822333,0.9365667,0.8486582,0.88031596,0.9934058,0.8150662,0.9454056,0.76147294,0.7925544,0.6720808,0.80574155,0.79284286,0.7402587,0.81264985,0.78431016,0.8401923,0.92236066,0.8013449
0.82697105,0.87407506,0.8051056,0.8546792,0.8067007,0.9131558,0.80303097,0.83749527,0.8938376,0.73975563,1.0000001,0.8700509,0.8122742,0.82640576,0.8181463,0.8152516,0.833825,0.89117765,0.8484762,0.818465,0.87491447,0.8691593,0.90601474,0.8813874,0.9097314,0.6582719,0.893376,0.84194314,0.8033307,0.7469017,0.8244597,0.80797446,0.88451433,0.8940332,0.8514892,0.9131558,0.8488394,0.7224761,0.31587154,0.9542297,0.73909116,0.6028233,0.7538054,0.8743804,0.87701744,0.88696325,0.90577227,0.88218963,0.83777165,0.7927786,0.75144506,0.7931435,0.88535345,0.8114319,0.82111746,0.91566706,0.8815154,0.81422377,0.882942,0.85411614,0.8983382,0.87959594,0.8027781,0.5978155,0.83892035,0.8810297,0.8585216,0.8803729,0.8526821,0.8429111,0.8464746,0.8649481,0.69138145,0.9308106,0.8332943,0.8057574,0.8813874,0.8813874,0.87566286,0.9061764,0.8896724,0.87900096,0.8521532,0.87123686,0.7954632,0.88840294,0.88687253,0.6959102,0.9368596,0.9295603,0.7527965,0.8542103,0.8536554,0.7335813,0.89931816,0.7218018,0.81880796,0.8148527,0.6383751,0.8375524,0.9194317,0.90917665,0.8305972,0.92509604,0.9317777,0.81810033,0.84980214
0.8783792,0.86918044,0.82665324,0.9232911,0.8490542,0.91139555,0.85056156,0.8711109,0.9128803,0.88235915,0.8700509,1.0000001,0.8624665,0.86309814,0.8504509,0.8437971,0.85339177,0.8991539,0.8746203,0.86743677,0.87243205,0.90648305,0.8662737,0.91415185,0.9444045,0.7363148,0.94170475,0.8571357,0.83423376,0.8840028,0.8485911,0.8577887,0.89991546,0.9174743,0.9394587,0.91139555,0.9353693,0.85148597,0.4461887,0.91820693,0.846483,0.57513803,0.87832105,0.943581,0.91339093,0.9514921,0.9137491,0.8761692,0.8419305,0.83594215,0.86542976,0.82184696,0.8946749,0.8622668,0.8838066,0.94288063,0.8939345,0.8569078,0.9454062,0.8952064,0.9235569,0.9001851,0.81183314,0.70303136,0.8418126,0.93355596,0.8383622,0.9436048,0.87241435,0.9041301,0.8772842,0.88659585,0.8178705,0.93223286,0.87118375,0.8537778,0.91415185,0.91415185,0.82869947,0.9339209,0.892525,0.8639018,0.94089794,0.8693137,0.8377489,0.94902325,0.933824,0.7548051,0.90512806,0.95499593,0.8705728,0.9061255,0.9461286,0.8707991,0.94940174,0.88262033,0.85897195,0.8630805,0.7172183,0.8280188,0.9450023,0.8930138,0.89130855,0.9364917,0.9294942,0.8973886,0.8883915
0.8757391,0.8780416,0.8608495,0.9310124,0.9754768,0.8641928,0.9497471,0.96257627,0.8867165,0.77059543,0.8122742,0.8624665,1.0000004,0.96944964,0.94329,0.9394988,0.94849086,0.89798737,0.9278753,0.9082135,0.84784085,0.91452146,0.8166405,0.86681795,0.8625906,0.7666157,0.87471974,0.93243206,0.9543015,0.77298164,0.9228618,0.9066591,0.90677416,0.870968,0.86136603,0.8641928,0.8659431,0.7519101,0.40883705,0.85699385,0.7919581,0.57380444,0.7590059,0.84744984,0.9099159,0.86420345,0.91308653,0.84799546,0.90811217,0.9270046,0.77223945,0.9460776,0.9012627,0.9162595,0.9305385,0.8760966,0.86043775,0.9148017,0.9071866,0.9544995,0.9021638,0.8047084,0.86944413,0.76517797,0.8877115,0.8721179,0.8482444,0.8672573,0.914042,0.87333184,0.8693597,0.8674158,0.74887896,0.8982093,0.8616584,0.9701696,0.86681795,0.86681795,0.8543911,0.86655545,0.85904515,0.8528857,0.8592597,0.82934356,0.9603106,0.90443623,0.89424396,0.79622835,0.8510983,0.8417479,0.76283413,0.8945482,0.91080874,0.7696202,0.87888515,0.7126082,0.99461824,0.9759302,0.77918226,0.80288184,0.83890855,0.8551579,0.93332547,0.81936187,0.8709564,0.8399036,0.95901036
0.9115566,0.91509223,0.89935774,0.9188848,0.9716133,0.86907756,0.9650506,0.9445356,0.8907174,0.79952294,0.82640576,0.86309814,0.96944964,1.0000001,0.96701956,0.9622535,0.95642537,0.9208937,0.9357436,0.916415,0.8702727,0.9130399,0.8217999,0.87528145,0.867056,0.7888109,0.87873816,0.93854487,0.968804,0.80309707,0.9312955,0.9229127,0.9165907,0.87682146,0.867609,0.86907756,0.8599611,0.78149694,0.4224138,0.86467266,0.8215686,0.593889,0.7926371,0.8613696,0.9125404,0.8790339,0.9091311,0.8497485,0.9245713,0.92910445,0.8111726,0.95104355,0.919696,0.9405868,0.9441949,0.8717149,0.8554326,0.9241829,0.9067428,0.9417445,0.90134513,0.8132605,0.90239847,0.7641537,0.92028487,0.89185226,0.8703227,0.88546336,0.9279369,0.8625799,0.8715139,0.8791625,0.7821427,0.8989413,0.90181017,0.95967495,0.87528145,0.87528145,0.8694795,0.87055993,0.86111486,0.85913336,0.85959005,0.85723305,0.9511838,0.9058392,0.8992872,0.8144577,0.85757285,0.84621805,0.7941144,0.91977113,0.91103,0.801088,0.87535715,0.7388449,0.96469617,0.97463876,0.77145,0.83845484,0.8404315,0.85656464,0.9410248,0.8229835,0.8876071,0.8706104,0.9490099
0.9239348,0.92824244,0.91501296,0.90843594,0.9645005,0.87140656,0.96950305,0.9551946,0.88788295,0.797141,0.8181463,0.8504509,0.94329,0.96701956,0.9999999,0.990573,0.97278214,0.924493,0.93859434,0.9158299,0.86995506,0.91301155,0.8278484,0.8756232,0.85917914,0.7699473,0.8713106,0.95525277,0.965682,0.7993897,0.94217044,0.924029,0.91832614,0.8763417,0.8529198,0.87140656,0.837919,0.7851978,0.40609992,0.8499281,0.813339,0.5595254,0.789146,0.8597733,0.9164788,0.87679726,0.9095648,0.8513002,0.9313534,0.9332224,0.8061023,0.9469856,0.93122196,0.9409981,0.9495441,0.86650807,0.83796185,0.93503624,0.89938176,0.94407016,0.89472806,0.8061031,0.914216,0.75502944,0.946321,0.8800425,0.88764614,0.88412076,0.9378145,0.8507185,0.86115193,0.88272136,0.7781148,0.8941244,0.9142325,0.9500836,0.8756232,0.8756232,0.8646462,0.85944295,0.8532889,0.86328626,0.85182035,0.8629935,0.93941694,0.8988838,0.88181764,0.7962738,0.8529389,0.83931637,0.79629207,0.92547977,0.9010869,0.8025019,0.868302,0.7264545,0.94312763,0.9645603,0.75914276,0.86303675,0.83276564,0.84254533,0.9399846,0.81338286,0.8799348,0.86564136,0.954483
0.9289489,0.9366761,0.92161906,0.9083444,0.9620534,0.87462765,0.9724,0.95762634,0.8917421,0.7912584,0.8152516,0.8437971,0.9394988,0.9622535,0.990573,0.9999998,0.9806395,0.9284957,0.9500436,0.923109,0.8736378,0.9227167,0.8378022,0.8837307,0.85234386,0.76598,0.8675053,0.95990795,0.96149516,0.7935194,0.95551884,0.9268219,0.9197395,0.8838048,0.8566339,0.87462765,0.8372506,0.7797731,0.40613016,0.84569854,0.8122609,0.55112255,0.78488153,0.86195683,0.9251026,0.87553126,0.9038285,0.8633326,0.94503105,0.9395178,0.80826735,0.952116,0.932819,0.9403672,0.95586574,0.86297953,0.835759,0.9409658,0.8960998,0.9444907,0.8957652,0.8030515,0.91819394,0.75393414,0.95304435,0.879996,0.89439434,0.8866842,0.9500478,0.8481643,0.87159353,0.89351296,0.77879816,0.88646305,0.923573,0.9589621,0.8837307,0.8837307,0.8695061,0.8534974,0.85931444,0.8654579,0.85434026,0.8652431,0.9451989,0.8961631,0.87954694,0.79275084,0.8530161,0.83322394,0.7938775,0.93380773,0.89556766,0.79881614,0.8654256,0.71755016,0.94084024,0.9616959,0.7578624,0.8712666,0.82690525,0.8403992,0.9414358,0.8062477,0.88207525,0.8624322,0.95363575
0.9139086,0.93218136,0.9016005,0.92883575,0.9575639,0.89728904,0.96687084,0.9651902,0.9148811,0.7685894,0.833825,0.85339177,0.94849086,0.95642537,0.97278214,0.9806395,1.0000002,0.9398877,0.9606097,0.9265772,0.8861613,0.93928975,0.8638284,0.9017421,0.8763322,0.7666016,0.8823619,0.95424354,0.94458795,0.77212524,0.9602597,0.9293307,0.9404595,0.90632546,0.8720429,0.89728904,0.86353767,0.7525078,0.39183715,0.86585796,0.7985736,0.5800615,0.7655514,0.87005866,0.9373145,0.8851996,0.92314327,0.8922874,0.941946,0.9369228,0.78341544,0.94276977,0.93338656,0.9305918,0.9598994,0.8905817,0.86970246,0.9361922,0.90573865,0.96646,0.9176095,0.81496,0.9004421,0.75872815,0.93311715,0.8791932,0.9023657,0.8935375,0.95669687,0.86993694,0.90033305,0.90909344,0.7613006,0.9035822,0.9154747,0.9648437,0.9017421,0.9017421,0.88998973,0.87157667,0.8913318,0.89380026,0.86804,0.8708848,0.95210445,0.90468144,0.90185314,0.80546385,0.8790472,0.84746337,0.7755785,0.9310747,0.9049146,0.7736497,0.8905883,0.70429444,0.95409626,0.9539026,0.77961516,0.8647069,0.8474638,0.8694666,0.94227993,0.82455516,0.894907,0.8506563,0.95545375
0.9300718,0.958567,0.8935853,0.92981905,0.89802456,0.947885,0.9157214,0.919702,0.95233846,0.81106126,0.89117765,0.8991539,0.89798737,0.9208937,0.924493,0.9284957,0.9398877,1.0000001,0.9482629,0.9301344,0.9405694,0.95063984,0.929245,0.9513175,0.92110276,0.7628888,0.9235375,0.9196732,0.8954804,0.81067216,0.9382826,0.8950149,0.971606,0.95603716,0.9224147,0.947885,0.9024913,0.79008317,0.39179215,0.91746986,0.8074269,0.643911,0.8117676,0.92381305,0.95667255,0.93347096,0.9395106,0.9452392,0.9368501,0.91314393,0.8207106,0.9051221,0.96377254,0.93090636,0.9412664,0.9379755,0.9051815,0.90991294,0.9316373,0.9339392,0.9551833,0.86873245,0.88644683,0.7162154,0.92069334,0.9248663,0.9339497,0.9369628,0.9481695,0.8963479,0.9429559,0.9489459,0.78295875,0.94191456,0.9360132,0.9122747,0.9513175,0.9513175,0.92810786,0.9186363,0.9360767,0.9303328,0.9137345,0.9099731,0.90234053,0.9305392,0.94299847,0.7940818,0.93746316,0.90524185,0.8153678,0.9390142,0.9272764,0.8149667,0.9373488,0.76123935,0.90073574,0.9053048,0.7534879,0.91222,0.90158594,0.91172147,0.94548583,0.88832414,0.93990517,0.8801973,0.9166391
0.93174845,0.94525874,0.9208206,0.93679845,0.9335808,0.9285697,0.9524648,0.93751174,0.93473244,0.7946937,0.8484762,0.8746203,0.9278753,0.9357436,0.93859434,0.9500436,0.9606097,0.9482629,0.9999999,0.9395024,0.9050013,0.9772319,0.88830554,0.93413365,0.88165,0.75755346,0.90024495,0.9387515,0.9293978,0.79453284,0.984619,0.9017333,0.94582283,0.93595636,0.9044014,0.9285697,0.8768815,0.78077775,0.40763655,0.88477206,0.82680446,0.5848204,0.79411346,0.90278345,0.9771956,0.91529757,0.926157,0.9167949,0.96891,0.93965286,0.81494296,0.9378618,0.94464177,0.92814755,0.96216345,0.89972407,0.87557757,0.91599476,0.9317801,0.9502474,0.9258189,0.8231523,0.87741846,0.73813796,0.94579995,0.9076029,0.91230017,0.92538923,0.9943631,0.8553389,0.9167757,0.94043887,0.7935878,0.91394186,0.9393997,0.9554628,0.93413365,0.93413365,0.8938716,0.88907176,0.91175485,0.9070137,0.89783835,0.8878085,0.94265735,0.9329223,0.9143287,0.78161836,0.9018293,0.8661445,0.8013443,0.95909727,0.91995096,0.8016479,0.9001632,0.7344243,0.92642,0.9402354,0.7568755,0.8956348,0.8539295,0.86939794,0.9516076,0.83834714,0.9219326,0.8783399,0.9495745
0.9089385,0.91258997,0.89299154,0.944855,0.90202796,0.8995656,0.9228134,0.91519123,0.91632116,0.8149729,0.818465,0.86743677,0.9082135,0.916415,0.9158299,0.923109,0.9265772,0.9301344,0.9395024,0.9999999,0.931767,0.93479145,0.850707,0.91475546,0.8858569,0.80713326,0.8960987,0.91697997,0.8989705,0.81137526,0.9438553,0.86793494,0.93166375,0.91240835,0.8848772,0.8995656,0.84969103,0.7991128,0.4262642,0.8546889,0.8314725,0.58046985,0.80358535,0.88806164,0.932667,0.896239,0.9016066,0.88458896,0.9521319,0.93845785,0.8405371,0.93254095,0.92498523,0.92486453,0.9534414,0.89155173,0.84579843,0.89166987,0.93439543,0.93038785,0.9105451,0.79244053,0.83955455,0.77069926,0.897285,0.8973418,0.9145276,0.904371,0.93246186,0.8353426,0.89759666,0.9178579,0.8073992,0.8951442,0.9040258,0.92987216,0.91475546,0.91475546,0.87192583,0.8873557,0.88200086,0.90044004,0.8849048,0.87351114,0.92602664,0.9326302,0.9093315,0.80601686,0.8807066,0.8456231,0.8088957,0.91762054,0.9185155,0.820146,0.8953861,0.74624825,0.9073688,0.9107381,0.7870767,0.9014116,0.8400712,0.83989096,0.9353279,0.8193213,0.8938405,0.88854486,0.9032198
0.891682,0.92188805,0.8617946,0.9069927,0.84540576,0.94016874,0.87015355,0.8643288,0.9445658,0.8014065,0.87491447,0.87243205,0.84784085,0.8702727,0.86995506,0.8736378,0.8861613,0.9405694,0.9050013,0.931767,0.9999999,0.92062104,0.9088763,0.94953966,0.9139585,0.7661663,0.91582054,0.8858848,0.84499234,0.79874796,0.9024999,0.83962536,0.9387878,0.95009375,0.90716577,0.94016874,0.87086636,0.78416747,0.4187532,0.889632,0.81130975,0.61966485,0.8043093,0.9119129,0.9200687,0.92954755,0.9012113,0.92779773,0.91909087,0.88691676,0.8545519,0.8755153,0.9230332,0.8900385,0.89972,0.9315684,0.87562865,0.85713136,0.90708196,0.89371026,0.93035245,0.8393078,0.818138,0.7170595,0.86260283,0.9215447,0.9273704,0.9270573,0.90416247,0.84821284,0.92478883,0.94646895,0.7872032,0.91318667,0.90018874,0.8710602,0.94953966,0.94953966,0.89807653,0.91231763,0.92332375,0.94632125,0.902859,0.89994967,0.8702103,0.90532637,0.92689764,0.7858528,0.93056524,0.8821556,0.8139541,0.9117336,0.90057045,0.80330586,0.92797714,0.7496107,0.8540443,0.8476964,0.74093235,0.9155165,0.8816481,0.882133,0.90050054,0.8694694,0.9165567,0.8765716,0.8571625
0.9164207,0.93237805,0.8945437,0.95397484,0.9128227,0.95953214,0.9331448,0.92577225,0.96722734,0.8151736,0.8691593,0.90648305,0.91452146,0.9130399,0.91301155,0.9227167,0.93928975,0.95063984,0.9772319,0.93479145,0.92062104,1.0,0.91452694,0.9639046,0.91593874,0.770565,0.93982583,0.9220995,0.8928541,0.81634116,0.95555454,0.89507675,0.9548036,0.96320796,0.93095785,0.95953214,0.89351755,0.78885174,0.4229687,0.9016783,0.85087633,0.5998033,0.8158911,0.9340444,0.9918347,0.94282424,0.9365562,0.9381756,0.9400197,0.9160026,0.83411574,0.9054513,0.9370735,0.9149811,0.9535409,0.9375397,0.89029384,0.90794206,0.952423,0.9435223,0.94361156,0.8490405,0.85304403,0.74389476,0.90678406,0.91359437,0.9121815,0.9511258,0.9687555,0.8725257,0.9359795,0.95139426,0.8194752,0.930604,0.9255674,0.9395406,0.9639046,0.9639046,0.8870826,0.9317657,0.93425065,0.93837595,0.928669,0.9039015,0.92147744,0.95165217,0.9442661,0.7926165,0.9401456,0.8982338,0.82708895,0.9582038,0.9399039,0.8185421,0.9351373,0.77198875,0.9149586,0.9168756,0.7639677,0.88376665,0.8896166,0.89546156,0.9383354,0.8745682,0.94588834,0.8919204,0.9306563
0.8380499,0.8953488,0.81444705,0.86936533,0.81345963,0.9408072,0.8265364,0.8508005,0.9376155,0.72318065,0.90601474,0.8662737,0.8166405,0.8217999,0.8278484,0.8378022,0.8638284,0.929245,0.88830554,0.850707,0.9088763,0.91452694,0.9999995,0.9441689,0.90266204,0.6845058,0.9080546,0.8465719,0.8034195,0.72961384,0.8705969,0.821718,0.9235167,0.9529495,0.9208926,0.9408072,0.89595056,0.7112384,0.35343394,0.9145891,0.71265817,0.623294,0.73812497,0.9089472,0.9156503,0.90615976,0.8928617,0.9832203,0.87066305,0.830575,0.7411629,0.81125325,0.91675514,0.83966297,0.84852856,0.93948317,0.91393054,0.83329856,0.88451004,0.87845457,0.93934166,0.8866142,0.811425,0.6321485,0.8440505,0.9009216,0.8843259,0.90955216,0.89259493,0.8718623,0.9538282,0.9395243,0.7015651,0.9179225,0.847226,0.8333739,0.9441689,0.9441689,0.90542555,0.9064826,0.95162,0.9193531,0.9124184,0.85399777,0.8258151,0.8853475,0.92633486,0.71367264,0.95018095,0.8996761,0.73929757,0.88314605,0.8678094,0.7223969,0.936278,0.702023,0.8249215,0.81261325,0.6814022,0.8612344,0.91257524,0.9126252,0.8650465,0.9051962,0.9210259,0.7995834,0.8476298
0.90679836,0.9278097,0.87374604,0.9259272,0.8657392,0.9829178,0.89249974,0.8818548,0.9874872,0.8209239,0.8813874,0.91415185,0.86681795,0.87528145,0.8756232,0.8837307,0.9017421,0.9513175,0.93413365,0.91475546,0.94953966,0.9639046,0.9441689,1.0000001,0.93473434,0.7615007,0.9623326,0.89093006,0.8492687,0.823928,0.91793454,0.8653749,0.9498214,0.9964763,0.9562925,0.9829178,0.9034492,0.795649,0.42177317,0.9076297,0.8496529,0.6128893,0.829885,0.9671794,0.9598462,0.9665941,0.9172577,0.96013105,0.90777063,0.884778,0.85225284,0.86504924,0.9346814,0.89749473,0.9174869,0.95882773,0.8990809,0.8816248,0.9347683,0.9074821,0.9460267,0.8634856,0.8298289,0.7186489,0.87288606,0.93153,0.91265035,0.97732764,0.93423057,0.870556,0.9555103,0.9671031,0.82661223,0.9310807,0.9165667,0.89356834,1.0000001,1.0000001,0.88846457,0.9542289,0.95094675,0.9600997,0.9577584,0.9039345,0.8811892,0.9337977,0.9522747,0.7815244,0.9681542,0.9200666,0.8390538,0.94849086,0.9258659,0.82263255,0.95612013,0.79304755,0.87097234,0.8679965,0.7439286,0.89443505,0.9134488,0.89937747,0.9157052,0.89961183,0.9521357,0.8904215,0.88102037
0.86247057,0.8770659,0.8188963,0.9452572,0.8493383,0.94507307,0.85295284,0.88509387,0.9460782,0.8235832,0.9097314,0.9444045,0.8625906,0.867056,0.85917914,0.85234386,0.8763322,0.92110276,0.88165,0.8858569,0.9139585,0.91593874,0.90266204,0.93473434,1.0,0.74500513,0.9565934,0.8622863,0.8306198,0.83009434,0.86199063,0.84456885,0.9278866,0.9392822,0.92452586,0.94507307,0.92496616,0.7917551,0.4105048,0.9216901,0.81671405,0.62357885,0.8190806,0.9367895,0.9149809,0.9463904,0.92467606,0.9148587,0.85439736,0.8602963,0.8150796,0.8322966,0.9127621,0.8704395,0.8897725,0.9750884,0.9119313,0.85219795,0.9544754,0.91195095,0.9496305,0.8816856,0.80723286,0.70171505,0.8353299,0.9182775,0.86806864,0.9354579,0.8766752,0.8898208,0.90934706,0.90449923,0.7801182,0.9535583,0.8619065,0.8538289,0.93473434,0.93473434,0.8629865,0.95672905,0.9189002,0.91782457,0.9300542,0.8900217,0.8504462,0.9537991,0.9567425,0.77280414,0.9490133,0.951628,0.8241658,0.8937156,0.94061625,0.8170143,0.97824854,0.8100072,0.8693209,0.85617375,0.7293177,0.836488,0.9475262,0.9232513,0.894034,0.941335,0.92639065,0.8664148,0.87607074
0.74127316,0.7300247,0.7420075,0.791435,0.7671499,0.73692364,0.78396577,0.7644149,0.7689849,0.7310621,0.6582719,0.7363148,0.7666157,0.7888109,0.7699473,0.76598,0.7666016,0.7628888,0.75755346,0.80713326,0.7661663,0.770565,0.6845058,0.7615007,0.74500513,1.0,0.7566229,0.7638457,0.7460196,0.73229706,0.76394385,0.748885,0.76535094,0.74977064,0.7447898,0.73692364,0.71448016,0.70689714,0.48214072,0.69546497,0.7609465,0.6571499,0.70627886,0.74708855,0.7534522,0.7423935,0.75014246,0.7157901,0.75135744,0.77097166,0.73338765,0.76403046,0.7348517,0.79769194,0.79360163,0.74288505,0.71690404,0.75016356,0.77434623,0.77526313,0.75668967,0.68812174,0.6781045,0.8955717,0.69817924,0.74251443,0.7570851,0.7513913,0.74484384,0.6966714,0.74899626,0.7560883,0.73892164,0.73120546,0.7340922,0.77098894,0.7615007,0.7615007,0.7165019,0.75535804,0.7286019,0.758286,0.73328483,0.73772585,0.7822028,0.76439357,0.77981645,0.9228638,0.72429067,0.6920565,0.70516145,0.74570173,0.7760451,0.72500426,0.7537826,0.67488706,0.7696221,0.7563993,0.90926564,0.70987874,0.697328,0.72686124,0.77138335,0.6757566,0.7308098,0.7700206,0.7346491
0.8871283,0.89465386,0.85362643,0.9354799,0.86885524,0.95326376,0.8796626,0.8829162,0.96071947,0.82955045,0.893376,0.94170475,0.87471974,0.87873816,0.8713106,0.8675053,0.8823619,0.9235375,0.90024495,0.8960987,0.91582054,0.93982583,0.9080546,0.9623326,0.9565934,0.7566229,1.0,0.8844613,0.8433162,0.83839756,0.88204145,0.87043446,0.9352106,0.95999074,0.9526236,0.95326376,0.9135405,0.8020802,0.42883164,0.91737187,0.8538632,0.5926976,0.8496379,0.96854925,0.9358994,0.9724189,0.918502,0.91616845,0.8715348,0.86472213,0.8564007,0.8470576,0.9283135,0.884875,0.9049052,0.9637173,0.9058206,0.87209994,0.94618404,0.902635,0.9401268,0.88023204,0.8231293,0.71644527,0.85095227,0.93575156,0.8804033,0.9669921,0.89675146,0.8917544,0.9158628,0.92016494,0.8240377,0.9431237,0.8832805,0.8808799,0.9623326,0.9623326,0.86049724,0.9933026,0.9337991,0.9277111,0.9661145,0.8842266,0.8682445,0.9470948,0.9492692,0.7710138,0.9632993,0.95647526,0.8548658,0.9267565,0.937409,0.82432157,0.959103,0.8251817,0.8756269,0.8741164,0.73236716,0.8543798,0.94625956,0.90789646,0.9027741,0.9416491,0.95014066,0.88954735,0.8830082
0.90413857,0.92153925,0.89883786,0.9105088,0.9442582,0.8834139,0.94843847,0.9507163,0.8945279,0.7745652,0.84194314,0.8571357,0.93243206,0.93854487,0.95525277,0.95990795,0.95424354,0.9196732,0.9387515,0.91697997,0.8858848,0.9220995,0.8465719,0.89093006,0.8622863,0.7638457,0.8844613,0.9999999,0.93589985,0.77875996,0.9345675,0.92241645,0.9166403,0.8940867,0.85925925,0.8834139,0.8410058,0.76239866,0.41168064,0.86964405,0.8017142,0.56845415,0.7751013,0.87060153,0.9230341,0.884921,0.9068246,0.86615664,0.9444018,0.9320494,0.8127742,0.942826,0.92151296,0.9118589,0.9317677,0.87716115,0.8524836,0.9310274,0.90104866,0.934233,0.89376193,0.8141656,0.90214247,0.75118023,0.9300641,0.8942938,0.90636194,0.8914019,0.9371455,0.8577907,0.86939394,0.8927469,0.7617856,0.8954333,0.90683615,0.9450313,0.89093006,0.89093006,0.87018347,0.87164795,0.87490845,0.86451626,0.8580694,0.86512303,0.93124354,0.9007255,0.8822437,0.78425515,0.87181073,0.8573637,0.7882252,0.9234637,0.89073485,0.7744433,0.8738168,0.7112726,0.9359307,0.94866085,0.75559646,0.86695254,0.8501389,0.8607013,0.9263928,0.8319325,0.89085096,0.8468001,0.9539931
0.9033412,0.9069816,0.8921753,0.8885815,0.966679,0.8420479,0.96230066,0.93573684,0.8595246,0.77108455,0.8033307,0.83423376,0.9543015,0.968804,0.965682,0.96149516,0.94458795,0.8954804,0.9293978,0.8989705,0.84499234,0.8928541,0.8034195,0.8492687,0.8306198,0.7460196,0.8433162,0.93589985,1.0000001,0.7684618,0.9349406,0.90435934,0.8920224,0.8515104,0.8343605,0.8420479,0.82663447,0.7643635,0.39288992,0.8390478,0.78067285,0.56456244,0.75836575,0.83116835,0.8989012,0.84975225,0.8941332,0.82776225,0.9236805,0.9230485,0.7825517,0.95484763,0.9122592,0.9225923,0.9200741,0.8423754,0.8235714,0.91286004,0.88372326,0.9305023,0.8772818,0.78084594,0.90689266,0.73421925,0.93791276,0.87081355,0.85554814,0.8590298,0.92391735,0.8344007,0.83556724,0.86291254,0.74186176,0.8777056,0.88983154,0.95135736,0.8492687,0.8492687,0.8537905,0.832047,0.8380242,0.8318089,0.83103836,0.8310132,0.94330066,0.8846389,0.85807836,0.77431977,0.8279377,0.81992435,0.7610556,0.9014084,0.8805618,0.7789907,0.84463346,0.6989529,0.9503582,0.9721893,0.7301787,0.84210634,0.8073132,0.8280206,0.93154824,0.79145855,0.8623485,0.83840585,0.9451188
0.8541597,0.8108938,0.81018156,0.84280336,0.78106046,0.808458,0.7986309,0.78436786,0.8122219,0.9897951,0.7469017,0.8840028,0.77298164,0.80309707,0.7993897,0.7935194,0.77212524,0.81067216,0.79453284,0.81137526,0.79874796,0.81634116,0.72961384,0.823928,0.83009434,0.73229706,0.83839756,0.77875996,0.7684618,1.0,0.7764725,0.79541266,0.80118465,0.81411374,0.83346045,0.808458,0.7807206,0.95781785,0.4810645,0.79680365,0.88509727,0.48551297,0.9445378,0.8667719,0.82301885,0.86523056,0.81147784,0.74309886,0.76352566,0.7695569,0.90306413,0.755353,0.8031391,0.81304014,0.8358834,0.8056732,0.74180067,0.80394053,0.8694599,0.7977203,0.79750454,0.8014613,0.7556602,0.7121252,0.7890927,0.8486351,0.77211845,0.8672562,0.7965124,0.76872134,0.7596526,0.7897275,0.8879912,0.8130702,0.8499377,0.7867495,0.823928,0.823928,0.69952863,0.8325999,0.7508247,0.7739917,0.8302559,0.8429758,0.76776415,0.8728798,0.8250662,0.7296189,0.7838314,0.83001125,0.9375465,0.85181195,0.87855583,0.9803256,0.8199035,0.94694936,0.7634419,0.79529375,0.6719682,0.800581,0.8011674,0.7462245,0.81270313,0.7932705,0.8446985,0.9231039,0.8055373
0.9282185,0.9409604,0.92730814,0.9218972,0.9304476,0.9079141,0.9514148,0.93360996,0.91811734,0.7768953,0.8244597,0.8485911,0.9228618,0.9312955,0.94217044,0.95551884,0.9602597,0.9382826,0.984619,0.9438553,0.9024999,0.95555454,0.8705969,0.91793454,0.86199063,0.76394385,0.88204145,0.9345675,0.9349406,0.7764725,0.9999999,0.899114,0.9320675,0.91734874,0.8825233,0.9079141,0.85667807,0.7712393,0.41098687,0.85923153,0.8133155,0.5660562,0.77464145,0.8827553,0.9568561,0.89481634,0.91115916,0.9000489,0.9707843,0.94642997,0.802,0.9467184,0.9418179,0.9295264,0.9580513,0.880921,0.8604829,0.90897346,0.91009915,0.9442177,0.91076416,0.80187917,0.8782138,0.7389008,0.9439628,0.89287627,0.9143612,0.9047581,0.98369277,0.83963907,0.9011973,0.9347707,0.785466,0.89509845,0.92843115,0.95475435,0.91793454,0.91793454,0.8972398,0.8696461,0.89536655,0.9038154,0.8789935,0.8799192,0.9498526,0.9120383,0.89423716,0.78305435,0.88178,0.8397911,0.78341055,0.94272804,0.89819217,0.78796387,0.8816962,0.7104566,0.92436635,0.93530715,0.7583338,0.9035548,0.82839626,0.85374737,0.94482344,0.81110734,0.8962408,0.8686358,0.93519694
0.8984489,0.911209,0.8778329,0.8836971,0.9255377,0.8525702,0.9407166,0.9141265,0.8751615,0.7842376,0.80797446,0.8577887,0.9066591,0.9229127,0.924029,0.9268219,0.9293307,0.8950149,0.9017333,0.86793494,0.83962536,0.89507675,0.821718,0.8653749,0.84456885,0.748885,0.87043446,0.92241645,0.90435934,0.79541266,0.899114,1.0000001,0.90373814,0.86850107,0.85605705,0.8525702,0.8551216,0.7737004,0.41879582,0.8534059,0.7978298,0.5645925,0.7936486,0.8592041,0.89564407,0.87169844,0.87685233,0.84749323,0.8834703,0.88336957,0.78647953,0.8979446,0.8963672,0.8954737,0.90544665,0.85893804,0.85301995,0.9454709,0.87155664,0.9077959,0.8763425,0.8471168,0.92346364,0.7613145,0.8842809,0.8721653,0.8701633,0.8805482,0.9035946,0.8979571,0.8640697,0.87066305,0.7886398,0.86448205,0.9055798,0.923473,0.8653749,0.8653749,0.84231865,0.8565615,0.85479516,0.83907413,0.85330594,0.859575,0.91111404,0.8744313,0.87554455,0.78131974,0.8410258,0.8474225,0.7993776,0.9030275,0.8759009,0.782307,0.8624385,0.7470732,0.9104377,0.91934395,0.74013495,0.83355916,0.8505713,0.84757894,0.8980757,0.83024335,0.8791075,0.8305998,0.9189441
0.91941106,0.9440244,0.876317,0.9417682,0.9050503,0.9466655,0.9220794,0.9216466,0.9573438,0.80070543,0.88451433,0.89991546,0.90677416,0.9165907,0.91832614,0.9197395,0.9404595,0.971606,0.94582283,0.93166375,0.9387878,0.9548036,0.9235167,0.9498214,0.9278866,0.76535094,0.9352106,0.9166403,0.8920224,0.80118465,0.9320675,0.90373814,1.0000004,0.9561309,0.9284111,0.9466655,0.9074946,0.7790686,0.39276782,0.9140667,0.810519,0.6211431,0.8068198,0.92845595,0.9517069,0.9378543,0.93761945,0.947207,0.92471385,0.9091078,0.8100962,0.9024124,0.96203417,0.91958,0.9337643,0.9470811,0.9059181,0.9059161,0.93578327,0.94403225,0.95804274,0.8611752,0.87129664,0.731206,0.9014248,0.9164942,0.9189252,0.9379192,0.94190955,0.9026707,0.9488486,0.94720626,0.7828193,0.94649416,0.92592,0.9234195,0.9498214,0.9498214,0.9118092,0.9329811,0.9386779,0.9364463,0.92427474,0.90022016,0.9138448,0.9340713,0.94863623,0.792637,0.9379153,0.9064721,0.81076133,0.9350623,0.93636763,0.8023234,0.9461207,0.7571945,0.9104117,0.9071907,0.7611953,0.89344084,0.90273273,0.9078916,0.9353677,0.88870037,0.9362296,0.87209827,0.915558
0.9029562,0.9298241,0.8680967,0.9275331,0.8678826,0.9846727,0.8915137,0.8883362,0.98803794,0.81174713,0.8940332,0.9174743,0.870968,0.87682146,0.8763417,0.8838048,0.90632546,0.95603716,0.93595636,0.91240835,0.95009375,0.96320796,0.9529495,0.9964763,0.9392822,0.74977064,0.95999074,0.8940867,0.8515104,0.81411374,0.91734874,0.86850107,0.9561309,1.0,0.95611936,0.9846727,0.9106499,0.7877451,0.404141,0.91747403,0.83152115,0.61863005,0.81819427,0.9643057,0.9608748,0.96538174,0.92582464,0.9690931,0.90922916,0.88299036,0.83589303,0.86649936,0.9376937,0.8925111,0.9146714,0.9651853,0.9097435,0.88344634,0.9358229,0.91464096,0.9525861,0.8700322,0.83557594,0.7098618,0.8756597,0.932245,0.9158393,0.9741926,0.9361702,0.8831091,0.96083486,0.9674612,0.80625224,0.93967843,0.91485274,0.8943488,0.9964763,0.9964763,0.8962828,0.95324963,0.9588466,0.9589815,0.9551443,0.90379626,0.88140386,0.9351656,0.9545418,0.7765625,0.9712076,0.9272602,0.82630104,0.9466536,0.92697155,0.81232315,0.9608586,0.7832208,0.875705,0.8707466,0.73991513,0.89630914,0.92213,0.9081346,0.9141685,0.9085158,0.95513576,0.8815224,0.88733983
0.8852102,0.89226866,0.842425,0.91278374,0.85410106,0.9362173,0.8660331,0.86474884,0.9427271,0.8302113,0.8514892,0.9394587,0.86136603,0.867609,0.8529198,0.8566339,0.8720429,0.9224147,0.9044014,0.8848772,0.90716577,0.93095785,0.9208926,0.9562925,0.92452586,0.7447898,0.9526236,0.85925925,0.8343605,0.83346045,0.8825233,0.85605705,0.9284111,0.95611936,1.0,0.9362173,0.9527267,0.80638105,0.45312524,0.9075686,0.8213919,0.5971935,0.84998596,0.96271616,0.92872345,0.9614605,0.8996572,0.9342532,0.8772981,0.8678851,0.84650254,0.8437188,0.9240867,0.885882,0.89674085,0.94401634,0.9178368,0.85851187,0.9285128,0.8942117,0.94227713,0.8848183,0.81343746,0.70616835,0.8490057,0.9472672,0.8680663,0.9580963,0.9018446,0.89706683,0.9428036,0.93236315,0.81492054,0.9231562,0.88408595,0.8692757,0.9562925,0.9562925,0.8639067,0.93913543,0.9495391,0.8986559,0.9860672,0.85749924,0.85800636,0.9301822,0.942526,0.7544251,0.9275875,0.92477226,0.84629226,0.92719436,0.93360686,0.8252841,0.9500797,0.82053477,0.86041105,0.8602779,0.72677135,0.8536101,0.91974115,0.89152706,0.9092814,0.91178346,0.9352409,0.88053876,0.87578225
