0,1,2,3,4,5,6,7,8,9,10,11,12,13,14,15,16,17,18,19,20,21,22,23,24,25,26,27,28,29,30,31,32,33,34,35,36,37,38,39,40,41,42,43,44,45,46,47,48,49,50,51,52,53,54,55,56,57,58,59,60,61,62,63,64,65,66,67,68,69,70,71,72,73,74,75,76,77,78,79,80,81,82,83
1.0000001,0.9004791,0.96107304,0.9257142,0.92877007,0.89960736,0.8221082,0.9430002,0.87723637,0.8358618,0.88453007,0.9004791,0.8968729,0.89633405,0.9519631,0.9727934,0.92138046,0.96855736,0.88731694,0.89580905,0.91144013,0.8993621,0.8389194,0.9159228,0.8937434,0.8865889,0.8756036,0.9643676,0.9191873,0.9420179,0.875521,0.92887855,0.92571664,0.9395226,0.8793757,0.91822255,0.8740886,0.8878126,0.87888414,0.8742032,0.8908523,0.88349235,0.9068394,0.9004791,0.82286775,0.89566267,0.9004791,0.9066937,0.8324081,0.94545466,0.93025935,0.8428604,0.92405134,0.90010643,0.8485436,0.9237714,0.91146755,0.90725577,0.9906473,0.85014504,0.90609115,0.9004791,0.82759786,0.9204184,0.9014571,0.8501917,0.8416993,0.9037992,0.9222709,0.85566777,0.9165116,0.9181114,0.9257142,0.8957094,0.914845,0.95247704,0.8610128,0.8909866,0.8742429,1.0000001,0.9003796,0.9519631,0.9519631,0.9362334
0.9004791,1.0,0.9349553,0.9591696,0.93489146,0.9004624,0.90684116,0.9205521,0.9158618,0.85397404,0.9009631,1.0,0.9246194,0.95924675,0.9385753,0.9504378,0.95499855,0.9018675,0.9323075,0.9189406,0.9273854,0.9456776,0.8891945,0.91566586,0.91848797,0.9098537,0.8671957,0.9209374,0.91112006,0.86853397,0.8923884,0.94894254,0.8922612,0.93234813,0.9375738,0.91707957,0.92524064,0.93737763,0.9171256,0.8845568,0.912486,0.8891797,0.87582844,1.0,0.8857162,0.90822697,1.0,0.89997363,0.892534,0.93226504,0.91365534,0.961992,0.953388,0.89407253,0.91978323,0.9407743,0.95715904,0.9134384,0.91142654,0.8986149,0.98242587,1.0,0.90883785,0.91305476,0.909628,0.8611913,0.8794429,0.91004837,0.97490835,0.96840954,0.8868346,0.95777094,0.9591696,0.90309274,0.8852524,0.9681639,0.8786602,0.92375016,0.90710354,0.9004791,0.88564616,0.9385753,0.9385753,0.9531521
0.96107304,0.9349553,1.0000001,0.9704358,0.9458384,0.88522863,0.8644907,0.9632827,0.8889829,0.852281,0.9073298,0.9349553,0.9208765,0.91047204,0.9831993,0.97860235,0.93591106,0.9611404,0.9188043,0.94695216,0.9408351,0.89919245,0.87777543,0.9203785,0.90887105,0.9026177,0.8494394,0.9383093,0.94214416,0.9346101,0.8881547,0.9516006,0.94020665,0.9371618,0.91312283,0.9421761,0.92411727,0.9095911,0.9143962,0.88427633,0.9238987,0.90388995,0.94002455,0.9349553,0.8584946,0.91158056,0.9349553,0.9333438,0.8942158,0.95050716,0.9510331,0.90398854,0.9660284,0.9182051,0.90328085,0.9512848,0.94231534,0.931646,0.973538,0.8949387,0.94305503,0.9349553,0.8736748,0.93189526,0.92570364,0.8387399,0.89105034,0.90200454,0.94827586,0.91282153,0.9437653,0.96373856,0.9704358,0.90590787,0.94723785,0.97686374,0.8451295,0.90719867,0.9243959,0.96107304,0.9215206,0.9831993,0.9831993,0.9544698
0.9257142,0.9591696,0.9704358,1.0,0.93120646,0.88919777,0.88787377,0.96280223,0.90229094,0.846719,0.9063231,0.9591696,0.9181757,0.92708206,0.96405053,0.96386284,0.9485267,0.9257463,0.94144785,0.9481774,0.9329276,0.9216827,0.88950753,0.908805,0.9091904,0.8981781,0.8601049,0.9233301,0.9468526,0.8981865,0.8841096,0.9479426,0.9127799,0.9510163,0.93067783,0.9384303,0.9385394,0.9160295,0.91339326,0.8790983,0.92061055,0.8955511,0.92017955,0.9591696,0.87299734,0.90611184,0.9591696,0.92975545,0.90885097,0.93766344,0.9326652,0.94494236,0.99163604,0.9049686,0.9254253,0.9543308,0.9655452,0.93035996,0.93771774,0.9074344,0.9662889,0.9591696,0.8953583,0.92029154,0.9163576,0.8453017,0.8974573,0.90131366,0.9577461,0.9521288,0.9204199,0.99633145,1.0,0.91174895,0.9229232,0.97023875,0.85279655,0.91092896,0.9311552,0.9257142,0.90254277,0.96405053,0.96405053,0.9599331
0.92877007,0.93489146,0.9458384,0.93120646,1.0,0.8892025,0.9200627,0.91283214,0.91843575,0.87552077,0.91788125,0.93489146,0.9224013,0.92541164,0.9429841,0.9494873,0.92652005,0.93584114,0.9016353,0.9140513,0.9802845,0.9194865,0.8935495,0.9622967,0.9548683,0.9564079,0.86446226,0.92635024,0.9167305,0.9130395,0.89456713,0.9454624,0.92582583,0.9160222,0.9209408,0.92390275,0.9313565,0.96671283,0.96044075,0.9042833,0.96392775,0.95041484,0.90522075,0.93489146,0.9071758,0.95317334,0.93489146,0.9331733,0.8983439,0.9603915,0.9527576,0.9058248,0.9271428,0.95097166,0.914939,0.93062156,0.9245737,0.9398625,0.9365102,0.8925811,0.9372758,0.93489146,0.9254562,0.96564806,0.9644538,0.87715226,0.9247033,0.9506161,0.95366883,0.9102351,0.91966575,0.9260212,0.93120646,0.90080917,0.91518974,0.9431115,0.8848866,0.95077586,0.9002222,0.92877007,0.9465825,0.9429841,0.9429841,0.93302214
0.89960736,0.9004624,0.88522863,0.88919777,0.8892025,0.9999999,0.85319996,0.88605887,0.90411305,0.8302432,0.8667513,0.9004624,0.8550987,0.91789514,0.8881053,0.91653985,0.9258741,0.88152975,0.9117307,0.8459519,0.8768962,0.9297781,0.86157525,0.8877225,0.89130217,0.87345934,0.9019109,0.94024444,0.8590238,0.8591311,0.89777124,0.8872606,0.840623,0.9419237,0.88002956,0.87485427,0.84176755,0.8916859,0.8638622,0.87132037,0.859445,0.8529203,0.82082903,0.9004624,0.8680985,0.89438784,0.9004624,0.8553809,0.81881034,0.90195197,0.86130095,0.8547022,0.8897587,0.8487828,0.835119,0.8915035,0.90382284,0.8606616,0.8905548,0.8478493,0.90043616,0.9004624,0.84616977,0.874831,0.8745183,0.8950369,0.82818305,0.9072584,0.8916224,0.8587129,0.83662474,0.88550615,0.88919777,0.8835647,0.81718993,0.90237355,0.9040843,0.8950205,0.83367246,0.89960736,0.8592335,0.8881053,0.8881053,0.91351616
0.8221082,0.90684116,0.8644907,0.88787377,0.9200627,0.85319996,0.9999998,0.8269122,0.88560075,0.8439269,0.8822141,0.90684116,0.8617244,0.90394974,0.8683061,0.8631607,0.8879623,0.8411007,0.8925026,0.8682571,0.94404984,0.8940949,0.89011896,0.9259637,0.94242704,0.9557182,0.8231628,0.833898,0.8465138,0.8192886,0.88451767,0.87516403,0.8414196,0.86299825,0.91088974,0.8647887,0.9140172,0.9705585,0.9609689,0.8939391,0.94776756,0.93835884,0.8449737,0.90684116,0.9727645,0.9467703,0.90684116,0.89216805,0.9184827,0.88190174,0.89092016,0.9213716,0.8821268,0.916785,0.9156755,0.891463,0.894095,0.8958493,0.8308334,0.8713978,0.9188417,0.90684116,0.99660206,0.931916,0.94804347,0.85851914,0.9618196,0.9301585,0.90601844,0.91556954,0.8562225,0.8947891,0.88787377,0.8716072,0.8522176,0.8818346,0.85656035,0.94127166,0.8727595,0.8221082,0.91848534,0.8683061,0.8683061,0.8796824
0.9430002,0.9205521,0.9632827,0.96280223,0.91283214,0.88605887,0.8269122,1.0000002,0.87283355,0.820906,0.880393,0.9205521,0.88025504,0.8922447,0.9552433,0.9598453,0.9272557,0.9338156,0.91230094,0.92285347,0.90121734,0.8933831,0.8458228,0.8900782,0.8765918,0.8679981,0.8456866,0.9321991,0.9378347,0.9103769,0.87191,0.9439242,0.91908777,0.94435155,0.9018947,0.91194344,0.8948787,0.8775676,0.87361914,0.84671056,0.87798905,0.8621655,0.90221614,0.9205521,0.82843566,0.8785699,0.9205521,0.9047072,0.84946924,0.92646956,0.9076983,0.877951,0.9530671,0.87326187,0.8757019,0.9228174,0.9339642,0.9035142,0.9532515,0.8639944,0.9290456,0.9205521,0.8328616,0.8992174,0.8824995,0.8165761,0.84487253,0.88290715,0.926338,0.8920783,0.90324587,0.9577445,0.96280223,0.8837923,0.8990208,0.957659,0.83285904,0.87333214,0.886927,0.9430002,0.87787414,0.9552433,0.9552433,0.94538575
0.87723637,0.9158618,0.8889829,0.90229094,0.91843575,0.90411305,0.88560075,0.87283355,1.0,0.8815743,0.90865433,0.9158618,0.8701935,0.919986,0.889255,0.9080295,0.91865903,0.8857701,0.92705286,0.87415266,0.9147189,0.9262986,0.8960011,0.8904715,0.90086955,0.8901652,0.8738233,0.9064175,0.8598165,0.8553417,0.91479945,0.8994919,0.8426881,0.91706216,0.89067376,0.8759304,0.8872378,0.9138772,0.8950243,0.90469086,0.8812067,0.86858237,0.8241816,0.9158618,0.8943691,0.91438913,0.9158618,0.888826,0.873672,0.9246243,0.8893085,0.8724164,0.90545774,0.86700654,0.8786428,0.89223766,0.9091711,0.8856801,0.8764451,0.8746891,0.91511625,0.9158618,0.8816923,0.8953217,0.9005288,0.94268936,0.8526867,0.91090596,0.91265076,0.8844813,0.84191537,0.90003103,0.90229094,0.9003864,0.84101045,0.9135569,0.9395886,0.9137126,0.85113,0.87723637,0.8764845,0.889255,0.889255,0.90766084
0.8358618,0.85397404,0.852281,0.846719,0.87552077,0.8302432,0.8439269,0.820906,0.8815743,1.0000002,0.8864391,0.85397404,0.8268192,0.85865986,0.85017127,0.87035406,0.8457885,0.85064125,0.8393139,0.874304,0.87833893,0.8411204,0.897303,0.85704356,0.8621109,0.86454046,0.7812863,0.8561772,0.8085551,0.8206737,0.8834835,0.83301497,0.8036682,0.8456586,0.8212695,0.84758615,0.83338505,0.86659384,0.8773526,0.92316824,0.8659743,0.8654993,0.8067272,0.85397404,0.85922325,0.89379126,0.85397404,0.84043056,0.8510368,0.86309695,0.8590858,0.8266893,0.8515529,0.8641549,0.81778383,0.85643923,0.85508657,0.8229747,0.845948,0.8394649,0.8459809,0.85397404,0.8462964,0.86764044,0.89800924,0.8594866,0.84888977,0.8741631,0.84791577,0.8354646,0.8159247,0.84308577,0.846719,0.8926829,0.8403712,0.86666846,0.8367231,0.86679304,0.8396001,0.8358618,0.8658422,0.85017127,0.85017127,0.8396963
0.88453007,0.9009631,0.9073298,0.9063231,0.91788125,0.8667513,0.8822141,0.880393,0.90865433,0.8864391,1.0000001,0.9009631,0.87981766,0.9123452,0.9047473,0.9133005,0.91477466,0.8985244,0.90517056,0.9085252,0.9207106,0.8937704,0.8999261,0.8942683,0.90252125,0.895174,0.8490467,0.890411,0.87765783,0.8808708,0.89801574,0.89419854,0.85741293,0.9047283,0.88711596,0.9102456,0.8986199,0.9056461,0.9141453,0.89445233,0.89318526,0.90078294,0.8765056,0.9009631,0.8846943,0.91494364,0.9009631,0.8987005,0.88343114,0.91854906,0.90253156,0.883856,0.906702,0.89524037,0.8864951,0.9065694,0.9201313,0.8939494,0.8908789,0.9088311,0.908772,0.9009631,0.88624775,0.91188246,0.9144332,0.87182295,0.87337923,0.89631605,0.9060431,0.88159394,0.8843472,0.90418017,0.9063231,0.9028895,0.88011014,0.90970296,0.8607347,0.90658116,0.89504623,0.88453007,0.89944243,0.9047473,0.9047473,0.90564775
0.9004791,1.0,0.9349553,0.9591696,0.93489146,0.9004624,0.90684116,0.9205521,0.9158618,0.85397404,0.9009631,1.0,0.9246194,0.95924675,0.9385753,0.9504378,0.95499855,0.9018675,0.9323075,0.9189406,0.9273854,0.9456776,0.8891945,0.91566586,0.91848797,0.9098537,0.8671957,0.9209374,0.91112006,0.86853397,0.8923884,0.94894254,0.8922612,0.93234813,0.9375738,0.91707957,0.92524064,0.93737763,0.9171256,0.8845568,0.912486,0.8891797,0.87582844,1.0,0.8857162,0.90822697,1.0,0.89997363,0.892534,0.93226504,0.91365534,0.961992,0.953388,0.89407253,0.91978323,0.9407743,0.95715904,0.9134384,0.91142654,0.8986149,0.98242587,1.0,0.90883785,0.91305476,0.909628,0.8611913,0.8794429,0.91004837,0.97490835,0.96840954,0.8868346,0.95777094,0.9591696,0.90309274,0.8852524,0.9681639,0.8786602,0.92375016,0.90710354,0.9004791,0.88564616,0.9385753,0.9385753,0.9531521
0.8968729,0.9246194,0.9208765,0.9181757,0.9224013,0.8550987,0.8617244,0.88025504,0.8701935,0.8268192,0.87981766,0.9246194,1.0000002,0.9344947,0.9236418,0.9263378,0.89136374,0.9076549,0.8736094,0.8958814,0.9201255,0.88850296,0.83354527,0.8987793,0.92488647,0.90233195,0.8204013,0.8965113,0.948019,0.9158617,0.83959484,0.92327714,0.90760285,0.87749887,0.89411545,0.95240766,0.9053285,0.9078839,0.898553,0.8607267,0.91532564,0.89898217,0.9258566,0.9246194,0.8493105,0.90133077,0.9246194,0.8940869,0.86851096,0.9229964,0.9168373,0.9030066,0.9171943,0.9172777,0.89677083,0.9182992,0.90010804,0.91463244,0.9081352,0.8835955,0.9104655,0.9246194,0.86667883,0.9015209,0.90257776,0.8183514,0.8675425,0.8915343,0.9302226,0.91000575,0.92656136,0.9105671,0.9181757,0.84906936,0.89537907,0.91927725,0.83143306,0.9170685,0.9487858,0.8968729,0.8970766,0.9236418,0.9236418,0.9037069
0.89633405,0.95924675,0.91047204,0.92708206,0.92541164,0.91789514,0.90394974,0.8922447,0.919986,0.85865986,0.9123452,0.95924675,0.9344947,1.0000001,0.91343415,0.9320623,0.9370694,0.88919103,0.9084221,0.88727593,0.9186238,0.9451603,0.8913622,0.9231288,0.93259,0.9159151,0.8921045,0.927318,0.91608703,0.8787122,0.90493774,0.9282831,0.8780212,0.92345476,0.9214843,0.9365128,0.89813507,0.93289375,0.9072019,0.9011026,0.9004551,0.89588577,0.8802473,0.95924675,0.903692,0.92422265,0.95924675,0.88983124,0.869694,0.9243656,0.8993747,0.9238473,0.922602,0.8943884,0.8914141,0.9194655,0.93578315,0.89602315,0.89829606,0.9168849,0.9449447,0.95924675,0.89897287,0.9090348,0.9075148,0.8931415,0.87029964,0.91864693,0.95018554,0.926006,0.8945484,0.9243105,0.92708206,0.9072006,0.8637445,0.9350116,0.90659785,0.9237394,0.9157456,0.89633405,0.8917078,0.91343415,0.91343415,0.9262154
0.9519631,0.9385753,0.9831993,0.96405053,0.9429841,0.8881053,0.8683061,0.9552433,0.889255,0.85017127,0.9047473,0.9385753,0.9236418,0.91343415,1.0000001,0.9784355,0.9380921,0.9494763,0.9182112,0.9346729,0.93740755,0.90030575,0.8635125,0.91550314,0.90901524,0.90192103,0.856001,0.93659586,0.94033784,0.92608064,0.88418984,0.9490345,0.93371516,0.9382907,0.920011,0.9403968,0.9253624,0.9146123,0.9180123,0.8758395,0.9193289,0.90709335,0.92982316,0.9385753,0.8588878,0.9107581,0.9385753,0.940522,0.9051184,0.96135134,0.9562296,0.91240895,0.9717891,0.91564083,0.9090446,0.9598845,0.9407052,0.9369092,0.96453977,0.88068336,0.9424837,0.9385753,0.876305,0.92505956,0.92349815,0.8358724,0.8822135,0.9068155,0.9465563,0.9170357,0.93344545,0.95734924,0.96405053,0.8964806,0.9336292,0.9716723,0.84175706,0.91682124,0.92226744,0.9519631,0.9240159,1.0000001,1.0000001,0.97243047
0.9727934,0.9504378,0.97860235,0.96386284,0.9494873,0.91653985,0.8631607,0.9598453,0.9080295,0.87035406,0.9133005,0.9504378,0.9263378,0.9320623,0.9784355,1.0000001,0.95037305,0.95936024,0.92598593,0.9409517,0.9366285,0.924352,0.87660986,0.9206089,0.914343,0.9019517,0.87252223,0.97440684,0.93727636,0.93090886,0.8982914,0.9477403,0.9269082,0.9589523,0.91084826,0.9419371,0.91023415,0.917879,0.9149519,0.8960209,0.91411597,0.8992022,0.914337,0.9504378,0.8566385,0.917236,0.9504378,0.9202309,0.8789214,0.96097004,0.9433531,0.90547526,0.9622357,0.91379863,0.8917866,0.9533509,0.9521552,0.92708015,0.9799001,0.8858725,0.94805425,0.9504378,0.86847603,0.9279583,0.9257274,0.8590454,0.8696859,0.92045593,0.95393765,0.91334444,0.92254853,0.95530814,0.96386284,0.91289,0.9255229,0.98337823,0.86913425,0.9207296,0.9163493,0.9727934,0.9127109,0.9784355,0.9784355,0.96490693
0.92138046,0.95499855,0.93591106,0.9485267,0.92652005,0.9258741,0.8879623,0.9272557,0.91865903,0.8457885,0.91477466,0.95499855,0.89136374,0.9370694,0.9380921,0.95037305,1.0000001,0.9098525,0.9408266,0.90153164,0.91448665,0.9500006,0.87802,0.9128356,0.9118208,0.893021,0.91280293,0.93699855,0.9009609,0.8735814,0.8996262,0.9412634,0.88007116,0.9615979,0.9379172,0.93667495,0.90701085,0.9193987,0.90926826,0.87323123,0.8924067,0.8872174,0.88315487,0.95499855,0.88192785,0.9094091,0.95499855,0.9060484,0.87634474,0.9421068,0.9016355,0.9273013,0.9401721,0.8753279,0.89302254,0.9345619,0.969566,0.9045759,0.926365,0.9106218,0.9627719,0.95499855,0.88808626,0.9051056,0.90539825,0.8973948,0.86691,0.9067863,0.9486001,0.933445,0.8906757,0.9467323,0.9485267,0.91209227,0.878706,0.96283406,0.8845657,0.9106439,0.8903148,0.92138046,0.8783513,0.9380921,0.9380921,0.9773219
0.96855736,0.9018675,0.9611404,0.9257463,0.93584114,0.88152975,0.8411007,0.9338156,0.8857701,0.85064125,0.8985244,0.9018675,0.9076549,0.88919103,0.9494763,0.95936024,0.9098525,0.99999976,0.90060353,0.90749085,0.92862797,0.8840343,0.8489059,0.91663873,0.90943885,0.89246535,0.8496171,0.93572295,0.9236536,0.9759074,0.87626123,0.9404279,0.95007956,0.9124328,0.9004358,0.9195856,0.9113284,0.8954272,0.89833486,0.8736504,0.9070255,0.89911777,0.92679054,0.9018675,0.8425038,0.9054493,0.9018675,0.9359206,0.8739198,0.95333946,0.95331734,0.8616768,0.92455876,0.92531556,0.8876461,0.9329181,0.91202897,0.92719686,0.9794836,0.86529714,0.9082537,0.9018675,0.8510902,0.9384632,0.914031,0.8468909,0.8704345,0.8996012,0.9246246,0.87592137,0.93663406,0.91853845,0.9257463,0.89665973,0.9422287,0.9476421,0.84318054,0.900794,0.89193034,0.96855736,0.9141612,0.9494763,0.9494763,0.91920745
0.88731694,0.9323075,0.9188043,0.94144785,0.9016353,0.9117307,0.8925026,0.91230094,0.92705286,0.8393139,0.90517056,0.9323075,0.8736094,0.9084221,0.9182112,0.92598593,0.9408266,0.90060353,0.9999999,0.9052665,0.9092845,0.9284997,0.8762664,0.8803668,0.8992499,0.87327147,0.8592417,0.90206206,0.87688625,0.8646625,0.89449686,0.91255635,0.8590884,0.95641595,0.91966116,0.8867237,0.9123786,0.90350467,0.9069264,0.8643533,0.88497937,0.8654851,0.84970033,0.9323075,0.8898233,0.9042549,0.9323075,0.9038161,0.8990531,0.9188638,0.8953886,0.91196525,0.93812037,0.874448,0.90971255,0.9100191,0.9419178,0.90948653,0.8903636,0.87910825,0.94067156,0.9323075,0.8938388,0.89997554,0.8973184,0.8703638,0.87220603,0.8996081,0.91408,0.9188174,0.8566227,0.94597596,0.94144785,0.89440817,0.85653114,0.9370569,0.8631837,0.9188318,0.87749857,0.88731694,0.86795175,0.9182112,0.9182112,0.9356214
0.89580905,0.9189406,0.94695216,0.9481774,0.9140513,0.8459519,0.8682571,0.92285347,0.87415266,0.874304,0.9085252,0.9189406,0.8958814,0.88727593,0.9346729,0.9409517,0.90153164,0.90749085,0.9052665,1.0,0.9273795,0.8697774,0.8780844,0.87610185,0.88497925,0.8749558,0.80007696,0.88828284,0.9025365,0.8805903,0.8621925,0.89890593,0.8834114,0.9028062,0.8880482,0.911299,0.920459,0.8893688,0.910875,0.8737606,0.9049081,0.8823739,0.89760643,0.9189406,0.8499522,0.88876265,0.9189406,0.90765977,0.9089674,0.91235024,0.9230975,0.9119517,0.9456921,0.9018475,0.904065,0.93543476,0.93605274,0.9122843,0.9130674,0.89136374,0.9186049,0.9189406,0.88136744,0.9027343,0.9097737,0.8100587,0.8874632,0.8652986,0.9165888,0.913445,0.894773,0.9442976,0.9481774,0.893737,0.92347604,0.94130135,0.8140328,0.89284056,0.92324305,0.89580905,0.8964106,0.9346729,0.9346729,0.90894127
0.91144013,0.9273854,0.9408351,0.9329276,0.9802845,0.8768962,0.94404984,0.90121734,0.9147189,0.87833893,0.9207106,0.9273854,0.9201255,0.9186238,0.93740755,0.9366285,0.91448665,0.92862797,0.9092845,0.9273795,1.0000002,0.9078997,0.89818895,0.95564044,0.9616356,0.96438193,0.8461015,0.90093505,0.91315514,0.9092657,0.9007913,0.9363903,0.9273916,0.9046274,0.92951703,0.91787636,0.9485347,0.9694656,0.9718388,0.9060192,0.97204816,0.9652838,0.91221094,0.9273854,0.93003184,0.96019495,0.9273854,0.94713664,0.93342555,0.9514995,0.95930004,0.9226307,0.92876065,0.9635044,0.93274885,0.93762606,0.92371064,0.94772935,0.9242569,0.8972147,0.9344995,0.9273854,0.9508711,0.97540814,0.97181165,0.8686249,0.95498526,0.9493857,0.9453013,0.92250764,0.92191505,0.93106425,0.9329276,0.89659745,0.93249357,0.9352719,0.8724767,0.95758474,0.9169257,0.91144013,0.9625821,0.93740755,0.93740755,0.9191909
0.8993621,0.9456776,0.89919245,0.9216827,0.9194865,0.9297781,0.8940949,0.8933831,0.9262986,0.8411204,0.8937704,0.9456776,0.88850296,0.9451603,0.90030575,0.924352,0.9500006,0.8840343,0.9284997,0.8697774,0.9078997,0.99999994,0.87058395,0.91235423,0.9145067,0.89486533,0.9107089,0.9352652,0.8747516,0.8573844,0.8937637,0.92409146,0.857818,0.9471821,0.9107611,0.8880453,0.88219273,0.9244176,0.8983079,0.8838776,0.89178574,0.87508637,0.8304025,0.9456776,0.8872927,0.90826154,0.9456776,0.8717989,0.8461144,0.9183294,0.876817,0.9019189,0.91450536,0.86963415,0.8812115,0.89663494,0.9332972,0.8892963,0.8957804,0.8667947,0.9494016,0.9456776,0.88696647,0.8989294,0.8923716,0.89428914,0.8552116,0.9220978,0.9349051,0.9103844,0.84653425,0.9205978,0.9216827,0.903229,0.8321787,0.93319976,0.91393304,0.9252846,0.85428214,0.8993621,0.86464316,0.90030575,0.90030575,0.93591857
0.8389194,0.8891945,0.87777543,0.88950753,0.8935495,0.86157525,0.89011896,0.8458228,0.8960011,0.897303,0.8999261,0.8891945,0.83354527,0.8913622,0.8635125,0.87660986,0.87802,0.8489059,0.8762664,0.8780844,0.89818895,0.87058395,0.99999994,0.8824333,0.87991446,0.89195496,0.8148439,0.8508643,0.82755697,0.8156084,0.89712626,0.86358976,0.82092834,0.86702013,0.86410695,0.86892414,0.86396104,0.89392966,0.8984368,0.92636085,0.8838141,0.88837755,0.83563894,0.8891945,0.90608335,0.9104396,0.8891945,0.8658409,0.87587667,0.865288,0.8668992,0.8787031,0.8826056,0.8751002,0.85012424,0.8864953,0.8961964,0.83656657,0.84744793,0.89920056,0.8935594,0.8891945,0.8929876,0.8966619,0.9135437,0.87709475,0.89248,0.8855266,0.8807011,0.8774511,0.8453138,0.8908806,0.88950753,0.9189002,0.86283743,0.88618207,0.8721094,0.8815702,0.86434007,0.8389194,0.8972007,0.8635125,0.8635125,0.8618548
0.9159228,0.91566586,0.9203785,0.908805,0.9622967,0.8877225,0.9259637,0.8900782,0.8904715,0.85704356,0.8942683,0.91566586,0.8987793,0.9231288,0.91550314,0.9206089,0.9128356,0.91663873,0.8803668,0.87610185,0.95564044,0.91235423,0.8824333,1.0000002,0.9517382,0.96422124,0.87677056,0.9056205,0.9050208,0.8984375,0.88805044,0.93784964,0.9254075,0.89877176,0.92309874,0.9150936,0.9107407,0.960477,0.9418951,0.89055955,0.9549248,0.95520973,0.909013,0.91566586,0.92077,0.94656235,0.91566586,0.92643946,0.88690245,0.9301601,0.93642956,0.89651906,0.8996897,0.94452906,0.8941815,0.91884774,0.9079593,0.9161451,0.92047215,0.88170195,0.9232167,0.91566586,0.92857623,0.9630744,0.9536512,0.8707098,0.9316473,0.9467523,0.9387104,0.90099967,0.9215772,0.90931827,0.908805,0.89372116,0.9059782,0.9214273,0.89450896,0.933893,0.8857888,0.9159228,0.9438672,0.91550314,0.91550314,0.9111769
0.8937434,0.91848797,0.90887105,0.9091904,0.9548683,0.89130217,0.94242704,0.8765918,0.90086955,0.8621109,0.90252125,0.91848797,0.92488647,0.93259,0.90901524,0.914343,0.9118208,0.90943885,0.8992499,0.88497925,0.9616356,0.9145067,0.87991446,0.9517382,1.0000004,0.9657284,0.8593718,0.8990981,0.9105761,0.9036783,0.888802,0.923391,0.90384597,0.89712405,0.9288312,0.9190836,0.926866,0.966947,0.9627595,0.8978148,0.9593373,0.9609,0.8962887,0.91848797,0.9339221,0.9706051,0.91848797,0.9222453,0.8989914,0.9343143,0.92779136,0.91154724,0.90449166,0.9527947,0.92109823,0.91641796,0.9137167,0.9323427,0.8985115,0.8918821,0.91992605,0.91848797,0.94256026,0.9570687,0.9629339,0.8706996,0.9355445,0.95848405,0.9315609,0.9111685,0.907594,0.90774286,0.9091904,0.8941818,0.884975,0.9132877,0.86756754,0.96405953,0.9045198,0.8937434,0.93915814,0.90901524,0.90901524,0.90799564
0.8865889,0.9098537,0.9026177,0.8981781,0.9564079,0.87345934,0.9557182,0.8679981,0.8901652,0.86454046,0.895174,0.9098537,0.90233195,0.9159151,0.90192103,0.9019517,0.893021,0.89246535,0.87327147,0.8749558,0.96438193,0.89486533,0.89195496,0.96422124,0.9657284,0.9999998,0.8478304,0.88198274,0.8917761,0.8812511,0.8861815,0.91260016,0.8964951,0.87992364,0.9135134,0.90006,0.91164565,0.97842336,0.95958436,0.90323687,0.9720411,0.97607666,0.88581634,0.9098537,0.94940937,0.9739367,0.9098537,0.91045606,0.8917445,0.9192208,0.9237977,0.89710605,0.893641,0.95124906,0.8970502,0.9075661,0.8948193,0.91571766,0.8896648,0.8755274,0.9096878,0.9098537,0.9546361,0.9600646,0.97546947,0.8652096,0.9529686,0.9623257,0.92138934,0.89761746,0.8968839,0.89762735,0.8981781,0.877999,0.8837095,0.9015306,0.87573105,0.95302933,0.88851094,0.8865889,0.9583263,0.90192103,0.90192103,0.8966521
0.8756036,0.8671957,0.8494394,0.8601049,0.86446226,0.9019109,0.8231628,0.8456866,0.8738233,0.7812863,0.8490467,0.8671957,0.8204013,0.8921045,0.856001,0.87252223,0.91280293,0.8496171,0.8592417,0.80007696,0.8461015,0.9107089,0.8148439,0.87677056,0.8593718,0.8478304,0.99999976,0.8965946,0.8326498,0.8199327,0.8566835,0.8679368,0.8059943,0.9096433,0.8574308,0.8523391,0.81778765,0.871112,0.83336735,0.8313265,0.8372581,0.8353389,0.7936033,0.8671957,0.8264055,0.8576112,0.8671957,0.83983254,0.7727787,0.88580275,0.8390218,0.81145936,0.8626968,0.8140627,0.8051045,0.8530191,0.8724549,0.83813083,0.86037433,0.8365375,0.867026,0.8671957,0.81789017,0.8461909,0.8411698,0.8944355,0.79707336,0.8740045,0.86775655,0.8236128,0.8131828,0.85505027,0.8601049,0.86496437,0.7885927,0.8666655,0.89002156,0.8617355,0.788797,0.8756036,0.83033216,0.856001,0.856001,0.8982293
0.9643676,0.9209374,0.9383093,0.9233301,0.92635024,0.94024444,0.833898,0.9321991,0.9064175,0.8561772,0.890411,0.9209374,0.8965113,0.927318,0.93659586,0.97440684,0.93699855,0.93572295,0.90206206,0.88828284,0.90093505,0.9352652,0.8508643,0.9056205,0.8990981,0.88198274,0.8965946,0.9999999,0.90766454,0.9089226,0.8913336,0.9174375,0.88104725,0.95286894,0.87108517,0.90754455,0.85767126,0.8997413,0.8783094,0.8902566,0.8828428,0.8622685,0.86031866,0.9209374,0.83580536,0.90336347,0.9209374,0.87258255,0.8164054,0.9441219,0.8984309,0.8510336,0.9226407,0.8754157,0.84273446,0.90861267,0.9250862,0.88947093,0.9562617,0.8489244,0.91579956,0.9209374,0.83126706,0.8940187,0.89390427,0.87141585,0.82463384,0.9199679,0.9231583,0.86292684,0.8740814,0.9123456,0.9233301,0.9018713,0.86130327,0.9504676,0.89214474,0.9038903,0.86325574,0.9643676,0.8742271,0.93659586,0.93659586,0.94194835
0.9191873,0.91112006,0.94214416,0.9468526,0.9167305,0.8590238,0.8465138,0.9378347,0.8598165,0.8085551,0.87765783,0.91112006,0.948019,0.91608703,0.94033784,0.93727636,0.9009609,0.9236536,0.87688625,0.9025365,0.91315514,0.8747516,0.82755697,0.9050208,0.9105761,0.8917761,0.8326498,0.90766454,0.99999976,0.9337188,0.8485339,0.938044,0.9357621,0.9014234,0.91303664,0.9532353,0.909024,0.8940869,0.88351655,0.8424103,0.9004674,0.88537025,0.95272744,0.91112006,0.8397171,0.8905222,0.91112006,0.91336155,0.8608117,0.92700934,0.9154041,0.8937408,0.9415278,0.89867735,0.8934807,0.9266059,0.9108583,0.9196512,0.9325906,0.8789278,0.9146751,0.91112006,0.85269016,0.903065,0.8937693,0.813385,0.86248606,0.88441205,0.9277993,0.9012714,0.9468168,0.9395642,0.9468526,0.8569584,0.9087447,0.9268343,0.8261385,0.8900039,0.9403169,0.9191873,0.8910545,0.94033784,0.94033784,0.9196854
0.9420179,0.86853397,0.9346101,0.8981865,0.9130395,0.8591311,0.8192886,0.9103769,0.8553417,0.8206737,0.8808708,0.86853397,0.9158617,0.8787122,0.92608064,0.93090886,0.8735814,0.9759074,0.8646625,0.8805903,0.9092657,0.8573844,0.8156084,0.8984375,0.9036783,0.8812511,0.8199327,0.9089226,0.9337188,1.0,0.84988034,0.9250541,0.9541284,0.88277924,0.8866639,0.9166987,0.89631736,0.8763305,0.874969,0.84912705,0.89000094,0.88673186,0.93569833,0.86853397,0.8253579,0.89123166,0.86853397,0.92181265,0.8509762,0.9343735,0.93431234,0.8373941,0.8986112,0.9178566,0.87434393,0.9103666,0.8774284,0.9178916,0.95399296,0.84911454,0.87793875,0.86853397,0.8280691,0.91632307,0.89321506,0.82027245,0.8505711,0.88206685,0.90135485,0.8472086,0.94515073,0.88911295,0.8981865,0.863167,0.92370677,0.9092808,0.81931114,0.8865484,0.8907275,0.9420179,0.90170807,0.92608064,0.92608064,0.88750726
0.875521,0.8923884,0.8881547,0.8841096,0.89456713,0.89777124,0.88451767,0.87191,0.91479945,0.8834835,0.89801574,0.8923884,0.83959484,0.90493774,0.88418984,0.8982914,0.8996262,0.87626123,0.89449686,0.8621925,0.9007913,0.8937637,0.89712626,0.88805044,0.888802,0.8861815,0.8566835,0.8913336,0.8485339,0.84988034,1.0000001,0.88271,0.8489072,0.89884335,0.8898325,0.8607872,0.8662155,0.89984584,0.89025104,0.9081175,0.87771744,0.87197423,0.8340263,0.8923884,0.8964837,0.9083906,0.8923884,0.8703835,0.85767174,0.88948166,0.8714014,0.8655888,0.8816797,0.86660707,0.85593635,0.8852214,0.8888057,0.8612248,0.8779652,0.86843157,0.90085256,0.8923884,0.87891966,0.899745,0.89649355,0.90878034,0.8656806,0.9035892,0.891876,0.87210786,0.8510181,0.88518786,0.8841096,0.9078792,0.84832084,0.9030084,0.8916322,0.8867575,0.8459492,0.875521,0.8731784,0.88418984,0.88418984,0.8871975
0.92887855,0.94894254,0.9516006,0.9479426,0.9454624,0.8872606,0.87516403,0.9439242,0.8994919,0.83301497,0.89419854,0.94894254,0.92327714,0.9282831,0.9490345,0.9477403,0.9412634,0.9404279,0.91255635,0.89890593,0.9363903,0.92409146,0.86358976,0.93784964,0.923391,0.91260016,0.8679368,0.9174375,0.938044,0.9250541,0.88271,1.0,0.9627307,0.9220114,0.9567497,0.9279679,0.930418,0.9215286,0.9056579,0.8602992,0.91640234,0.90772355,0.9224274,0.94894254,0.86914307,0.90786016,0.94894254,0.9357756,0.88793343,0.94726115,0.9311043,0.92282736,0.9383749,0.91306543,0.9151855,0.940739,0.93670243,0.9260523,0.94686484,0.89674413,0.95118064,0.94894254,0.8800818,0.9347642,0.9103377,0.85959995,0.8847077,0.9109007,0.962723,0.93822664,0.9359216,0.9459728,0.9479426,0.8913089,0.92021734,0.9589821,0.87035954,0.91355646,0.9002973,0.92887855,0.9034886,0.9490345,0.9490345,0.9474536
0.92571664,0.8922612,0.94020665,0.9127799,0.92582583,0.840623,0.8414196,0.91908777,0.8426881,0.8036682,0.85741293,0.8922612,0.90760285,0.8780212,0.93371516,0.9269082,0.88007116,0.95007956,0.8590884,0.8834114,0.9273916,0.857818,0.82092834,0.9254075,0.90384597,0.8964951,0.8059943,0.88104725,0.9357621,0.9541284,0.8489072,0.9627307,1.0000002,0.8707843,0.933147,0.9076229,0.92191416,0.8879272,0.8853565,0.83044004,0.906811,0.9044751,0.95021486,0.8922612,0.8361069,0.8835652,0.8922612,0.94046235,0.8792975,0.9229597,0.9379709,0.88750947,0.90428907,0.92063785,0.899192,0.9308449,0.8861674,0.9252752,0.9510651,0.85429364,0.90235347,0.8922612,0.85226524,0.9329585,0.89766854,0.81386745,0.88125324,0.8759265,0.92585725,0.89750785,0.95728654,0.9098485,0.9127799,0.86260355,0.9482751,0.92020714,0.8216959,0.8835986,0.8965896,0.92571664,0.9098152,0.93371516,0.93371516,0.89566433
0.9395226,0.93234813,0.9371618,0.9510163,0.9160222,0.9419237,0.86299825,0.94435155,0.91706216,0.8456586,0.9047283,0.93234813,0.87749887,0.92345476,0.9382907,0.9589523,0.9615979,0.9124328,0.95641595,0.9028062,0.9046274,0.9471821,0.86702013,0.89877176,0.89712405,0.87992364,0.9096433,0.95286894,0.9014234,0.88277924,0.89884335,0.9220114,0.8707843,0.9999998,0.9071624,0.9104165,0.8833086,0.9023086,0.8920144,0.87423193,0.8825255,0.869912,0.86023766,0.93234813,0.86572266,0.90145165,0.93234813,0.8943919,0.85278946,0.93075573,0.898928,0.885804,0.9477179,0.8681325,0.8728739,0.9135024,0.94782245,0.9019691,0.9320588,0.8738908,0.94052655,0.93234813,0.86218613,0.897595,0.8960167,0.8884288,0.8491398,0.9111872,0.9256314,0.89390856,0.87035,0.94975686,0.9510163,0.9022077,0.8574921,0.95241725,0.8914226,0.9139385,0.8699012,0.9395226,0.8743326,0.9382907,0.9382907,0.959163
0.8793757,0.9375738,0.91312283,0.93067783,0.9209408,0.88002956,0.91088974,0.9018947,0.89067376,0.8212695,0.88711596,0.9375738,0.89411545,0.9214843,0.920011,0.91084826,0.9379172,0.9004358,0.91966116,0.8880482,0.92951703,0.9107611,0.86410695,0.92309874,0.9288312,0.9135134,0.8574308,0.87108517,0.91303664,0.8866639,0.8898325,0.9567497,0.933147,0.9071624,0.9999998,0.9120827,0.9439916,0.9258324,0.914137,0.8501213,0.9098484,0.91149765,0.90636086,0.9375738,0.9011321,0.91039157,0.9375738,0.93978316,0.9144943,0.9213449,0.9128072,0.9489523,0.9226271,0.90295124,0.93398386,0.93923223,0.9363784,0.9270854,0.8981351,0.8949287,0.94649124,0.9375738,0.9138103,0.92751586,0.9103048,0.86400867,0.9030582,0.8998077,0.9406156,0.9519087,0.9134486,0.9352033,0.93067783,0.88718426,0.8991362,0.9258479,0.8514776,0.91481996,0.9043354,0.8793757,0.8949979,0.920011,0.920011,0.93228525
0.91822255,0.91707957,0.9421761,0.9384303,0.92390275,0.87485427,0.8647887,0.91194344,0.8759304,0.84758615,0.9102456,0.91707957,0.95240766,0.9365128,0.9403968,0.9419371,0.93667495,0.9195856,0.8867237,0.911299,0.91787636,0.8880453,0.86892414,0.9150936,0.9190836,0.90006,0.8523391,0.90754455,0.9532353,0.9166987,0.8607872,0.9279679,0.9076229,0.9104165,0.9120827,0.9999999,0.90543,0.8993481,0.9052734,0.87547314,0.9048494,0.9121787,0.95967996,0.91707957,0.8686192,0.91232,0.91707957,0.9155685,0.88349867,0.93116677,0.9226974,0.9088876,0.9312079,0.91064537,0.8826594,0.9360802,0.93624055,0.9038003,0.9315923,0.9363215,0.91809154,0.91707957,0.8711038,0.91240263,0.9159436,0.84675884,0.8812419,0.8877821,0.9296011,0.9121412,0.9536778,0.9329139,0.9384303,0.88452756,0.92012507,0.939026,0.839551,0.9008945,0.9636926,0.91822255,0.91152173,0.9403968,0.9403968,0.93488467
0.8740886,0.92524064,0.92411727,0.9385394,0.9313565,0.84176755,0.9140172,0.8948787,0.8872378,0.83338505,0.8986199,0.92524064,0.9053285,0.89813507,0.9253624,0.91023415,0.90701085,0.9113284,0.9123786,0.920459,0.9485347,0.88219273,0.86396104,0.9107407,0.926866,0.91164565,0.81778765,0.85767126,0.909024,0.89631736,0.8662155,0.930418,0.92191416,0.8833086,0.9439916,0.90543,1.0,0.9293108,0.92874426,0.8597269,0.9348657,0.91950685,0.91160035,0.92524064,0.8908404,0.90433675,0.92524064,0.97218895,0.9520723,0.9374137,0.9499493,0.9392103,0.9352771,0.9269279,0.98869276,0.93935883,0.9186745,0.9762952,0.8950486,0.8950864,0.9324496,0.92524064,0.9272969,0.93382764,0.91823536,0.83409166,0.9209559,0.88146734,0.9449086,0.9379435,0.9196405,0.93729603,0.9385394,0.8843162,0.92176545,0.9194619,0.8231121,0.92846984,0.90628666,0.8740886,0.91077626,0.9253624,0.9253624,0.9092363
0.8878126,0.93737763,0.9095911,0.9160295,0.96671283,0.8916859,0.9705585,0.8775676,0.9138772,0.86659384,0.9056461,0.93737763,0.9078839,0.93289375,0.9146123,0.917879,0.9193987,0.8954272,0.90350467,0.8893688,0.9694656,0.9244176,0.89392966,0.960477,0.966947,0.97842336,0.871112,0.8997413,0.8940869,0.8763305,0.89984584,0.9215286,0.8879272,0.9023086,0.9258324,0.8993481,0.9293108,0.99999964,0.9724907,0.91105795,0.9743331,0.95918494,0.872657,0.93737763,0.94663787,0.96674424,0.93737763,0.91502315,0.9001352,0.93679637,0.9267234,0.9162411,0.91291416,0.9397519,0.92464715,0.9180841,0.917947,0.9337995,0.89199567,0.8788823,0.93862426,0.93737763,0.97096354,0.9556322,0.9701271,0.8748064,0.9431017,0.9701621,0.9463866,0.91561776,0.89024186,0.9138682,0.9160295,0.8887071,0.877997,0.9215604,0.88437843,0.966162,0.88520837,0.8878126,0.940023,0.9146123,0.9146123,0.9190489
0.87888414,0.9171256,0.9143962,0.91339326,0.96044075,0.8638622,0.9609689,0.87361914,0.8950243,0.8773526,0.9141453,0.9171256,0.898553,0.9072019,0.9180123,0.9149519,0.90926826,0.89833486,0.9069264,0.910875,0.9718388,0.8983079,0.8984368,0.9418951,0.9627595,0.95958436,0.83336735,0.8783094,0.88351655,0.874969,0.89025104,0.9056579,0.8853565,0.8920144,0.914137,0.9052734,0.92874426,0.9724907,0.99999976,0.90371764,0.97105277,0.96547246,0.8884114,0.9171256,0.9369002,0.9690587,0.9171256,0.9189671,0.9245465,0.92501616,0.934642,0.91979754,0.9090649,0.9524817,0.9194164,0.9165662,0.9172599,0.9252981,0.8906863,0.8858566,0.92293143,0.9171256,0.96748763,0.96292466,0.9830106,0.85535216,0.958378,0.9517673,0.9206538,0.9170599,0.89713144,0.91363055,0.91339326,0.890143,0.896147,0.91902655,0.84637636,0.9557435,0.90396655,0.87888414,0.947754,0.9180123,0.9180123,0.9104133
0.8742032,0.8845568,0.88427633,0.8790983,0.9042833,0.87132037,0.8939391,0.84671056,0.90469086,0.92316824,0.89445233,0.8845568,0.8607267,0.9011026,0.8758395,0.8960209,0.87323123,0.8736504,0.8643533,0.8737606,0.9060192,0.8838776,0.92636085,0.89055955,0.8978148,0.90323687,0.8313265,0.8902566,0.8424103,0.84912705,0.9081175,0.8602992,0.83044004,0.87423193,0.8501213,0.87547314,0.8597269,0.91105795,0.90371764,0.99999976,0.9015286,0.8899574,0.8403516,0.8845568,0.9047973,0.92348146,0.8845568,0.8598639,0.85642034,0.8832805,0.875664,0.84981185,0.87892246,0.8856149,0.84888566,0.87951696,0.88511634,0.8591963,0.8744272,0.8681203,0.88402325,0.8845568,0.8919927,0.90131295,0.91889083,0.88085395,0.8837155,0.9140078,0.88535225,0.8563866,0.85557085,0.8757211,0.8790983,0.9169848,0.8555198,0.8942294,0.8770326,0.9016245,0.86672384,0.8742032,0.8963128,0.8758395,0.8758395,0.8676687
0.8908523,0.912486,0.9238987,0.92061055,0.96392775,0.859445,0.94776756,0.87798905,0.8812067,0.8659743,0.89318526,0.912486,0.91532564,0.9004551,0.9193289,0.91411597,0.8924067,0.9070255,0.88497937,0.9049081,0.97204816,0.89178574,0.8838141,0.9549248,0.9593373,0.9720411,0.8372581,0.8828428,0.9004674,0.89000094,0.87771744,0.91640234,0.906811,0.8825255,0.9098484,0.9048494,0.9348657,0.9743331,0.97105277,0.9015286,1.0,0.9707681,0.90286887,0.912486,0.92080325,0.9571635,0.912486,0.9224673,0.9096817,0.9235858,0.93961793,0.9083892,0.91601413,0.9615575,0.9269179,0.9190602,0.9057279,0.9376053,0.9013719,0.87818134,0.9139481,0.912486,0.953844,0.9619204,0.9769368,0.8419444,0.96934915,0.9523481,0.92885387,0.91136545,0.91328746,0.9185597,0.92061055,0.88244534,0.9069831,0.9157199,0.847303,0.95211554,0.90426207,0.8908523,0.9524734,0.9193289,0.9193289,0.9022318
0.88349235,0.8891797,0.90388995,0.8955511,0.95041484,0.8529203,0.93835884,0.8621655,0.86858237,0.8654993,0.90078294,0.8891797,0.89898217,0.89588577,0.90709335,0.8992022,0.8872174,0.89911777,0.8654851,0.8823739,0.9652838,0.87508637,0.88837755,0.95520973,0.9609,0.97607666,0.8353389,0.8622685,0.88537025,0.88673186,0.87197423,0.90772355,0.9044751,0.869912,0.91149765,0.9121787,0.91950685,0.95918494,0.96547246,0.8899574,0.9707681,0.99999994,0.9056403,0.8891797,0.93564826,0.96724796,0.8891797,0.9291605,0.9123744,0.91812074,0.93770665,0.8985059,0.8913561,0.96503747,0.90146446,0.91385555,0.89401543,0.91683185,0.8939785,0.8851594,0.8956771,0.8891797,0.94490296,0.96568704,0.97696847,0.8461523,0.9621832,0.945372,0.9105098,0.89589965,0.91345036,0.8960526,0.8955511,0.8758575,0.9092087,0.89501655,0.8413732,0.948236,0.9037867,0.88349235,0.9731798,0.90709335,0.90709335,0.8925438
0.9068394,0.87582844,0.94002455,0.92017955,0.90522075,0.82082903,0.8449737,0.90221614,0.8241816,0.8067272,0.8765056,0.87582844,0.9258566,0.8802473,0.92982316,0.914337,0.88315487,0.92679054,0.84970033,0.89760643,0.91221094,0.8304025,0.83563894,0.909013,0.8962887,0.88581634,0.7936033,0.86031866,0.95272744,0.93569833,0.8340263,0.9224274,0.95021486,0.86023766,0.90636086,0.95967996,0.91160035,0.872657,0.8884114,0.8403516,0.90286887,0.9056403,1.0000002,0.87582844,0.84212965,0.8819962,0.87582844,0.9295618,0.88676876,0.9028708,0.925466,0.89306426,0.90908396,0.9170464,0.88606924,0.932769,0.89420295,0.90725785,0.93142873,0.89715326,0.8911906,0.87582844,0.8578887,0.9158466,0.90139496,0.79862034,0.89213216,0.8525016,0.9069381,0.89632285,0.98840994,0.917132,0.92017955,0.86015,0.9527191,0.9114151,0.79306304,0.8665999,0.9545661,0.9068394,0.91266406,0.92982316,0.92982316,0.8921715
0.9004791,1.0,0.9349553,0.9591696,0.93489146,0.9004624,0.90684116,0.9205521,0.9158618,0.85397404,0.9009631,1.0,0.9246194,0.95924675,0.9385753,0.9504378,0.95499855,0.9018675,0.9323075,0.9189406,0.9273854,0.9456776,0.8891945,0.91566586,0.91848797,0.9098537,0.8671957,0.9209374,0.91112006,0.86853397,0.8923884,0.94894254,0.8922612,0.93234813,0.9375738,0.91707957,0.92524064,0.93737763,0.9171256,0.8845568,0.912486,0.8891797,0.87582844,1.0,0.8857162,0.90822697,1.0,0.89997363,0.892534,0.93226504,0.91365534,0.961992,0.953388,0.89407253,0.91978323,0.9407743,0.95715904,0.9134384,0.91142654,0.8986149,0.98242587,1.0,0.90883785,0.91305476,0.909628,0.8611913,0.8794429,0.91004837,0.97490835,0.96840954,0.8868346,0.95777094,0.9591696,0.90309274,0.8852524,0.9681639,0.8786602,0.92375016,0.90710354,0.9004791,0.88564616,0.9385753,0.9385753,0.9531521
0.82286775,0.8857162,0.8584946,0.87299734,0.9071758,0.8680985,0.9727645,0.82843566,0.8943691,0.85922325,0.8846943,0.8857162,0.8493105,0.903692,0.8588878,0.8566385,0.88192785,0.8425038,0.8898233,0.8499522,0.93003184,0.8872927,0.90608335,0.92077,0.9339221,0.94940937,0.8264055,0.83580536,0.8397171,0.8253579,0.8964837,0.86914307,0.8361069,0.86572266,0.9011321,0.8686192,0.8908404,0.94663787,0.9369002,0.9047973,0.92080325,0.93564826,0.84212965,0.8857162,1.0,0.9587525,0.8857162,0.8876697,0.9068108,0.87778276,0.8815171,0.89199346,0.86762667,0.906713,0.887426,0.87906253,0.88307554,0.87094533,0.83055186,0.8779837,0.9005023,0.8857162,0.9673618,0.92443943,0.94098926,0.8790192,0.9476552,0.9286614,0.88301873,0.88862544,0.8486774,0.8803804,0.87299734,0.8771855,0.84617156,0.8699553,0.8743595,0.9297999,0.86831665,0.82286775,0.9271922,0.8588878,0.8588878,0.8693507
0.89566267,0.90822697,0.91158056,0.90611184,0.95317334,0.89438784,0.9467703,0.8785699,0.91438913,0.89379126,0.91494364,0.90822697,0.90133077,0.92422265,0.9107581,0.917236,0.9094091,0.9054493,0.9042549,0.88876265,0.96019495,0.90826154,0.9104396,0.94656235,0.9706051,0.9739367,0.8576112,0.90336347,0.8905222,0.89123166,0.9083906,0.90786016,0.8835652,0.90145165,0.91039157,0.91232,0.90433675,0.96674424,0.9690587,0.92348146,0.9571635,0.96724796,0.8819962,0.90822697,0.9587525,1.0,0.90822697,0.910187,0.90201885,0.93304235,0.9248941,0.89197075,0.90361834,0.9454619,0.8876107,0.90880585,0.9104523,0.90497446,0.8978498,0.89352196,0.9100363,0.90822697,0.94504935,0.9518676,0.98424435,0.8878785,0.9439433,0.9731908,0.9109115,0.89343494,0.89108646,0.90441173,0.90611184,0.9052048,0.881008,0.9112924,0.8795091,0.95530605,0.89791226,0.89566267,0.95583904,0.9107581,0.9107581,0.90926397
