0,1,2,3,4,5,6,7,8,9,10,11,12,13,14,15,16,17,18,19,20,21,22,23,24,25,26,27,28,29,30,31,32,33,34,35,36,37,38,39,40,41,42,43,44,45,46,47,48,49,50,51,52,53,54,55,56,57,58,59,60,61,62,63,64,65,66,67,68
0.0,0.007115865591913462,0.012256281450390816,0.018806319683790207,0.017951786518096924,0.016520733013749123,0.006668476387858391,0.025542806833982468,0.004564105533063412,0.007578177843242884,0.010876564309000969,0.011944927275180817,0.011944927275180817,0.017328210175037384,0.0183859933167696,0.007469012401998043,0.006380324251949787,0.0049560340121388435,0.020293455570936203,0.005462185479700565,0.015167756006121635,0.015804287046194077,0.005925572011619806,0.017951786518096924,0.007350938394665718,0.018806319683790207,0.017951786518096924,0.012226687744259834,0.011092128232121468,0.008983571082353592,0.005944718606770039,0.01472669281065464,0.004466587677598,0.016814734786748886,0.017640117555856705,0.020295558497309685,0.017223525792360306,0.017951786518096924,0.0035804016515612602,0.0030058228876441717,0.0081115597859025,0.012583261355757713,0.014922337606549263,0.013370387256145477,0.015564406290650368,0.019263911992311478,0.00582388648763299,0.017951786518096924,0.013614260591566563,0.00749578233808279,0.008159282617270947,0.007644795812666416,0.017328210175037384,0.016399838030338287,0.01460299827158451,0.014010077342391014,0.014929598197340965,0.01354565192013979,0.021179672330617905,0.023915182799100876,0.023915182799100876,0.0044533624313771725,0.017438989132642746,0.013405836187303066,0.0028650425374507904,0.006005408242344856,0.018013201653957367,0.009052712470293045,0.018327033147215843
0.007115865591913462,0.0,0.00919628981500864,0.016677692532539368,0.01259009912610054,0.015530543401837349,0.009460708126425743,0.0311390683054924,0.006251204758882523,0.005925608798861504,0.006553252227604389,0.010587490163743496,0.010587490163743496,0.014383252710103989,0.007652910426259041,0.004149697721004486,0.00415633711963892,0.003858731361106038,0.008765071630477905,0.0023001832887530327,0.011296294629573822,0.012795429676771164,0.0033334093168377876,0.01259009912610054,0.00562547892332077,0.016677692532539368,0.01259009912610054,0.007178955245763063,0.011390632949769497,0.006560006178915501,0.0023791627027094364,0.013770364224910736,0.004640704952180386,0.011626288294792175,0.014281341806054115,0.01593375951051712,0.014725364744663239,0.01259009912610054,0.005133741069585085,0.004102796316146851,0.006901497952640057,0.009838455356657505,0.0104135163128376,0.012327151373028755,0.011986302211880684,0.008133862167596817,0.005012708716094494,0.01259009912610054,0.007194443605840206,0.007757483050227165,0.011135883629322052,0.007118657696992159,0.014383252710103989,0.011373696848750114,0.008302336558699608,0.009657295420765877,0.009527284651994705,0.010785343125462532,0.017341118305921555,0.014192985370755196,0.014192985370755196,0.0024599223397672176,0.01195911318063736,0.007637081667780876,0.004568515345454216,0.002174909459426999,0.013400771655142307,0.00410968204960227,0.016919361427426338
0.012256281450390816,0.00919628981500864,0.0,0.028058357536792755,0.024389393627643585,0.026773890480399132,0.012783247977495193,0.04293778911232948,0.009408516809344292,0.012167899869382381,0.009273153729736805,0.020012864843010902,0.020012864843010902,0.02626868523657322,0.01914636418223381,0.0073699611239135265,0.009067689999938011,0.00999344140291214,0.02033713087439537,0.0075132716447114944,0.02439047396183014,0.025372009724378586,0.00905638188123703,0.024389393627643585,0.00818401388823986,0.028058357536792755,0.024389393627643585,0.0025197642389684916,0.016658291220664978,0.011744967661798,0.006601235829293728,0.007997555658221245,0.009148775599896908,0.013417912647128105,0.025108063593506813,0.025656823068857193,0.02741657756268978,0.024389393627643585,0.013516077771782875,0.011321543715894222,0.009129391983151436,0.004254457540810108,0.006339804269373417,0.024677477777004242,0.02433011867105961,0.019433727487921715,0.008449251763522625,0.024389393627643585,0.0039584822952747345,0.015553697943687439,0.014234501868486404,0.013951240107417107,0.02626868523657322,0.023341450840234756,0.007346173748373985,0.005268938839435577,0.006532133091241121,0.004674113355576992,0.023765122517943382,0.0227714441716671,0.0227714441716671,0.00860217958688736,0.023933377116918564,0.0019451318075880408,0.010131042450666428,0.009413915686309338,0.02505764365196228,0.008874902501702309,0.029824677854776382
0.018806319683790207,0.016677692532539368,0.028058357536792755,0.0,0.0027537757996469736,0.007115266751497984,0.019498709589242935,0.02125987410545349,0.020779503509402275,0.020074309781193733,0.01901182159781456,0.014126431196928024,0.014126431196928024,0.0018120398744940758,0.011627246625721455,0.017065322026610374,0.01623586378991604,0.021600492298603058,0.012017536908388138,0.0191726703196764,0.004424582235515118,0.006497104652225971,0.02063724584877491,0.0027537757996469736,0.018789764493703842,0.0,0.0027537757996469736,0.024416159838438034,0.013735475949943066,0.02226509153842926,0.018163777887821198,0.03211241960525513,0.01734672300517559,0.02578422613441944,0.006156450603157282,0.021123472601175308,0.004801592323929071,0.0027537757996469736,0.016477875411510468,0.018284626305103302,0.022228650748729706,0.026829760521650314,0.029177192598581314,0.00702093169093132,0.005910244770348072,0.012380721047520638,0.017673999071121216,0.0027537757996469736,0.025396600365638733,0.02077016979455948,0.01827411726117134,0.021615374833345413,0.0018120398744940758,0.00788182020187378,0.024379750713706017,0.025192327797412872,0.025970222428441048,0.027050014585256577,0.012999366968870163,0.018246088176965714,0.018246088176965714,0.015658356249332428,0.007355282083153725,0.02525738999247551,0.01690540835261345,0.018977981060743332,0.002091130707412958,0.014021044597029686,0.005053069442510605
0.017951786518096924,0.01259009912610054,0.024389393627643585,0.0027537757996469736,0.0,0.008018752560019493,0.01808648556470871,0.027833133935928345,0.018219739198684692,0.01644541695713997,0.014362374320626259,0.011463241651654243,0.011463241651654243,0.0018452525837346911,0.0065788449719548225,0.013860261999070644,0.013102000579237938,0.019032735377550125,0.006102384999394417,0.015686308965086937,0.0028339633718132973,0.006297064013779163,0.01714913547039032,0.0,0.01630273275077343,0.0027537757996469736,0.0,0.019905664026737213,0.01240350492298603,0.019009284675121307,0.014453760348260403,0.028702786192297935,0.01406613364815712,0.020250516012310982,0.005719692446291447,0.016234295442700386,0.0054520657286047935,0.0,0.014786853455007076,0.016060177236795425,0.01904774084687233,0.023165404796600342,0.02517438307404518,0.007333827205002308,0.004136046394705772,0.0069069513119757175,0.014845019206404686,0.0,0.020785881206393242,0.017670191824436188,0.018110882490873337,0.018479907885193825,0.0018452525837346911,0.004956161603331566,0.019372358918190002,0.020780012011528015,0.02122090943157673,0.02293599769473076,0.011326195672154427,0.011498147621750832,0.011498147621750832,0.012421594932675362,0.00452014897018671,0.020880965515971184,0.014631432481110096,0.01572408154606819,0.0003708645817823708,0.010340549051761627,0.007788368500769138
0.016520733013749123,0.015530543401837349,0.026773890480399132,0.007115266751497984,0.008018752560019493,0.0,0.013569159433245659,0.018669061362743378,0.019006973132491112,0.01926816999912262,0.018483653664588928,0.013392658904194832,0.013392658904194832,0.0054217795841395855,0.013813325203955173,0.01591884344816208,0.01486657653003931,0.01994609832763672,0.014095881022512913,0.018028996884822845,0.0050062029622495174,0.007172813173383474,0.018028274178504944,0.008018752560019493,0.016903119161725044,0.007115266751497984,0.008018752560019493,0.023412106558680534,0.011413092724978924,0.021672889590263367,0.016833297908306122,0.030966375023126602,0.01565689779818058,0.02402465045452118,0.010055478662252426,0.02288978546857834,0.0067166960798203945,0.008018752560019493,0.015137774869799614,0.016430556774139404,0.021249867975711823,0.02647121250629425,0.028166990727186203,0.006388068664819002,0.007195266894996166,0.014969132840633392,0.015392198227345943,0.008018752560019493,0.02432771399617195,0.020394299179315567,0.012525085359811783,0.020759230479598045,0.0054217795841395855,0.0116190230473876,0.024115491658449173,0.024969492107629776,0.025762375444173813,0.027203980833292007,0.014430336654186249,0.020505288615822792,0.020505288615822792,0.014018094167113304,0.01124140527099371,0.024731958284974098,0.014831735752522945,0.016850654035806656,0.007484613452106714,0.013373429886996746,0.006186597980558872
0.006668476387858391,0.009460708126425743,0.012783247977495193,0.019498709589242935,0.01808648556470871,0.013569159433245659,0.0,0.02931796759366989,0.007420792244374752,0.012389827519655228,0.011512428522109985,0.014171915128827095,0.014171915128827095,0.0162787064909935,0.01991884969174862,0.006988770794123411,0.00938141904771328,0.011315848678350449,0.020793568342924118,0.009249396622180939,0.014742737635970116,0.016090283170342445,0.007634974084794521,0.01808648556470871,0.006723984144628048,0.019498709589242935,0.01808648556470871,0.01246981043368578,0.0078094410710036755,0.015373574569821358,0.007181188557296991,0.01761629991233349,0.0058128125965595245,0.013683664612472057,0.017236433923244476,0.024956706911325455,0.018642496317625046,0.01808648556470871,0.010589443147182465,0.009873922914266586,0.012210414744913578,0.01404569298028946,0.01751944236457348,0.014279251918196678,0.017139818519353867,0.02082107961177826,0.00812406837940216,0.01808648556470871,0.013919415883719921,0.016334474086761475,0.0009556898148730397,0.01426425389945507,0.0162787064909935,0.018266137689352036,0.017173077911138535,0.015463972464203835,0.01747722737491131,0.014258681796491146,0.020908154547214508,0.025421034544706345,0.025421034544706345,0.0063425088301301,0.01805691234767437,0.013720015063881874,0.005913486238569021,0.007245719898492098,0.018088890239596367,0.008468866348266602,0.018935520201921463
0.025542806833982468,0.0311390683054924,0.04293778911232948,0.02125987410545349,0.027833133935928345,0.018669061362743378,0.02931796759366989,0.0,0.03232722729444504,0.03281083330512047,0.03596055135130882,0.027435464784502983,0.027435464784502983,0.022951707243919373,0.03388901799917221,0.031839240342378616,0.029841147363185883,0.03153122961521149,0.03598809242248535,0.032417941838502884,0.023038044571876526,0.01766013354063034,0.032529450953006744,0.027833133935928345,0.03166910633444786,0.02125987410545349,0.027833133935928345,0.040605418384075165,0.02737419307231903,0.03389501944184303,0.03320372849702835,0.04684775322675705,0.03057347796857357,0.044240567833185196,0.025329073891043663,0.038903433829545975,0.018842482939362526,0.027833133935928345,0.025415420532226562,0.027358287945389748,0.03407447785139084,0.041954055428504944,0.043318141251802444,0.014261515811085701,0.022992275655269623,0.035801224410533905,0.02968784235417843,0.027833133935928345,0.04239721596240997,0.03117654100060463,0.02720816619694233,0.03246883302927017,0.022951707243919373,0.028317801654338837,0.04132194072008133,0.0423220694065094,0.04303988814353943,0.043361928313970566,0.031897611916065216,0.04263179749250412,0.04263179749250412,0.029214264824986458,0.02798629179596901,0.042109470814466476,0.02776266261935234,0.03159777820110321,0.02633732743561268,0.03137635812163353,0.015263943001627922
0.004564105533063412,0.006251204758882523,0.009408516809344292,0.020779503509402275,0.018219739198684692,0.019006973132491112,0.007420792244374752,0.03232722729444504,0.0,0.006665468215942383,0.008823741227388382,0.011374182067811489,0.011374182067811489,0.018726719543337822,0.018171098083257675,0.006140861660242081,0.006768340244889259,0.005707358010113239,0.019529622048139572,0.004151513800024986,0.016780178993940353,0.018628597259521484,0.0060958825051784515,0.018219739198684692,0.006278908811509609,0.020779503509402275,0.018219739198684692,0.00910986214876175,0.01007046364247799,0.0077896201983094215,0.003571788314729929,0.01246723160147667,0.0013499732594937086,0.013509871438145638,0.017920833081007004,0.019688915461301804,0.0211791954934597,0.018219739198684692,0.005677581764757633,0.004954726435244083,0.006912964396178722,0.01007140427827835,0.012412983924150467,0.01667039841413498,0.01832939311861992,0.018834996968507767,0.005995011888444424,0.018219739198684692,0.010323401540517807,0.008204628713428974,0.009104840457439423,0.007573581300675869,0.018726719543337822,0.016615882515907288,0.012258131057024002,0.011688471771776676,0.012338715605437756,0.010287889279425144,0.02244211733341217,0.02177688665688038,0.02177688665688038,0.003970278427004814,0.01773197203874588,0.010507061146199703,0.004923327825963497,0.006342871114611626,0.018967339769005775,0.008106503635644913,0.022580504417419434
0.007578177843242884,0.005925608798861504,0.012167899869382381,0.020074309781193733,0.01644541695713997,0.01926816999912262,0.012389827519655228,0.03281083330512047,0.006665468215942383,0.0,0.007142362184822559,0.008466273546218872,0.008466273546218872,0.018239779397845268,0.013774724677205086,0.009564444422721863,0.007982151582837105,0.006998532917350531,0.014844774268567562,0.006476343609392643,0.015158496797084808,0.014139531180262566,0.008369610644876957,0.01644541695713997,0.011561864987015724,0.020074309781193733,0.01644541695713997,0.009506532922387123,0.016601350158452988,0.0029542348347604275,0.007383572403341532,0.010813888162374496,0.006102944724261761,0.012387804687023163,0.014040510170161724,0.011207237839698792,0.019071271643042564,0.01644541695713997,0.006039191968739033,0.005182990338653326,0.005827203392982483,0.009063957259058952,0.009104461409151554,0.013401562348008156,0.01555224135518074,0.014145486056804657,0.008285068906843662,0.01644541695713997,0.009152917191386223,0.0023050762247294188,0.014248130843043327,0.0005619068397209048,0.018239779397845268,0.010652780532836914,0.0067292386665940285,0.009010927751660347,0.007478055078536272,0.010053204372525215,0.020073041319847107,0.012186622247099876,0.012186622247099876,0.003816325683146715,0.011954116635024548,0.011429074220359325,0.00749572366476059,0.00795215554535389,0.01747298613190651,0.010155942291021347,0.021174723282456398
0.010876564309000969,0.006553252227604389,0.009273153729736805,0.01901182159781456,0.014362374320626259,0.018483653664588928,0.011512428522109985,0.03596055135130882,0.008823741227388382,0.007142362184822559,0.0,0.011521655134856701,0.011521655134856701,0.016226205974817276,0.010616361163556576,0.004182922653853893,0.006661917082965374,0.009028485976159573,0.011187942698597908,0.006569216027855873,0.014612623490393162,0.0151628777384758,0.006865100935101509,0.014362374320626259,0.00643405644223094,0.01901182159781456,0.014362374320626259,0.007094772532582283,0.010991407558321953,0.0076010990887880325,0.004920660518109798,0.01290576159954071,0.007119336165487766,0.006814146414399147,0.013637727126479149,0.014938607811927795,0.019007282331585884,0.014362374320626259,0.01158105581998825,0.00993682723492384,0.007281231693923473,0.008329550735652447,0.010720171965658665,0.014876122586429119,0.015091503039002419,0.01085633598268032,0.007207375485450029,0.014362374320626259,0.007849707268178463,0.010962548665702343,0.013282960280776024,0.009103341028094292,0.016226205974817276,0.01179531216621399,0.006958572659641504,0.006586003117263317,0.007312249392271042,0.0070857759565114975,0.017487190663814545,0.010709131136536598,0.010709131136536598,0.006846887990832329,0.012260079383850098,0.0087684141471982,0.00854989979416132,0.007083670701831579,0.015704253688454628,0.004623777233064175,0.02169010229408741
0.011944927275180817,0.010587490163743496,0.020012864843010902,0.014126431196928024,0.011463241651654243,0.013392658904194832,0.014171915128827095,0.027435464784502983,0.011374182067811489,0.008466273546218872,0.011521655134856701,0.0,0.0,0.012466724961996078,0.013733265921473503,0.012925855815410614,0.012464425526559353,0.013923248276114464,0.01381614338606596,0.012265783734619617,0.010294606909155846,0.009683859534561634,0.014301078394055367,0.011463241651654243,0.014737080782651901,0.014126431196928024,0.011463241651654243,0.016450855880975723,0.014876608736813068,0.011859729886054993,0.011677664704620838,0.018695175647735596,0.009566094726324081,0.010817980393767357,0.00967430230230093,0.008773455396294594,0.014324581250548363,0.011463241651654243,0.01021740585565567,0.010780352167785168,0.013852051459252834,0.017609819769859314,0.018091455101966858,0.009481999091804028,0.011835980229079723,0.014152752235531807,0.013184759765863419,0.011463241651654243,0.016629107296466827,0.009587462991476059,0.01508013904094696,0.009684550575911999,0.012466724961996078,0.007992521859705448,0.014347013086080551,0.016511540859937668,0.015657532960176468,0.018448103219270706,0.015497514978051186,0.01460971124470234,0.01460971124470234,0.009421334601938725,0.008645091205835342,0.018361710011959076,0.011883983388543129,0.013626140542328358,0.01205713301897049,0.011220419779419899,0.015491904690861702
0.011944927275180817,0.010587490163743496,0.020012864843010902,0.014126431196928024,0.011463241651654243,0.013392658904194832,0.014171915128827095,0.027435464784502983,0.011374182067811489,0.008466273546218872,0.011521655134856701,0.0,0.0,0.012466724961996078,0.013733265921473503,0.012925855815410614,0.012464425526559353,0.013923248276114464,0.01381614338606596,0.012265783734619617,0.010294606909155846,0.009683859534561634,0.014301078394055367,0.011463241651654243,0.014737080782651901,0.014126431196928024,0.011463241651654243,0.016450855880975723,0.014876608736813068,0.011859729886054993,0.011677664704620838,0.018695175647735596,0.009566094726324081,0.010817980393767357,0.00967430230230093,0.008773455396294594,0.014324581250548363,0.011463241651654243,0.01021740585565567,0.010780352167785168,0.013852051459252834,0.017609819769859314,0.018091455101966858,0.009481999091804028,0.011835980229079723,0.014152752235531807,0.013184759765863419,0.011463241651654243,0.016629107296466827,0.009587462991476059,0.01508013904094696,0.009684550575911999,0.012466724961996078,0.007992521859705448,0.014347013086080551,0.016511540859937668,0.015657532960176468,0.018448103219270706,0.015497514978051186,0.01460971124470234,0.01460971124470234,0.009421334601938725,0.008645091205835342,0.018361710011959076,0.011883983388543129,0.013626140542328358,0.01205713301897049,0.011220419779419899,0.015491904690861702
0.017328210175037384,0.014383252710103989,0.02626868523657322,0.0018120398744940758,0.0018452525837346911,0.0054217795841395855,0.0162787064909935,0.022951707243919373,0.018726719543337822,0.018239779397845268,0.016226205974817276,0.012466724961996078,0.012466724961996078,0.0,0.009465638548135757,0.014503324404358864,0.01353338360786438,0.019958695396780968,0.009392821229994297,0.017232894897460938,0.0019911318086087704,0.006221774034202099,0.01722400262951851,0.0018452525837346911,0.016439251601696014,0.0018120398744940758,0.0018452525837346911,0.022015321999788284,0.011488545686006546,0.02096739038825035,0.015537337400019169,0.03025885298848152,0.014922354370355606,0.022168409079313278,0.00588603038340807,0.01933644711971283,0.0050943875685334206,0.0018452525837346911,0.015309574082493782,0.01674649678170681,0.01986807957291603,0.024859514087438583,0.027496468275785446,0.006003677845001221,0.005212340969592333,0.010077925398945808,0.014853930100798607,0.0018452525837346911,0.022982830181717873,0.019413737580180168,0.015603415668010712,0.020101483911275864,0.0,0.007372482679784298,0.022223159670829773,0.023228531703352928,0.023966660723090172,0.025023244321346283,0.01179351843893528,0.015866801142692566,0.015866801142692566,0.013476092368364334,0.0067313131876289845,0.023091264069080353,0.014177640900015831,0.015795987099409103,0.001587951323017478,0.01141890324652195,0.00597728043794632
0.0183859933167696,0.007652910426259041,0.01914636418223381,0.011627246625721455,0.0065788449719548225,0.013813325203955173,0.01991884969174862,0.03388901799917221,0.018171098083257675,0.013774724677205086,0.010616361163556576,0.013733265921473503,0.013733265921473503,0.009465638548135757,0.0,0.01025845855474472,0.010188816115260124,0.013835394755005836,0.0011303399223834276,0.011928047984838486,0.007426600903272629,0.010205759666860104,0.011723769828677177,0.0065788449719548225,0.013890260830521584,0.011627246625721455,0.0065788449719548225,0.014966370537877083,0.016353260725736618,0.014835692942142487,0.01178265642374754,0.024167276918888092,0.014655252918601036,0.0177826676517725,0.011315248906612396,0.014555703848600388,0.01037847064435482,0.0065788449719548225,0.013351870700716972,0.014025820419192314,0.015815749764442444,0.018420249223709106,0.018831074237823486,0.011108368635177612,0.006838677451014519,0.00042829650919884443,0.012680421583354473,0.0065788449719548225,0.015548107214272022,0.014746962115168571,0.020803723484277725,0.015323471277952194,0.009465638548135757,0.008116118609905243,0.013974924571812153,0.016539908945560455,0.016199398785829544,0.019751857966184616,0.013366647064685822,0.008056951686739922,0.008056951686739922,0.011019766330718994,0.008227291516959667,0.01505165547132492,0.013477088883519173,0.01069028489291668,0.007806932087987661,0.006500684656202793,0.013860493898391724
0.007469012401998043,0.004149697721004486,0.0073699611239135265,0.017065322026610374,0.013860261999070644,0.01591884344816208,0.006988770794123411,0.031839240342378616,0.006140861660242081,0.009564444422721863,0.004182922653853893,0.012925855815410614,0.012925855815410614,0.014503324404358864,0.01025845855474472,0.0,0.005130315199494362,0.0054726917296648026,0.011608099564909935,0.00412521418184042,0.012941311113536358,0.015069626271724701,0.0032403746154159307,0.013860261999070644,0.0010687557514756918,0.017065322026610374,0.013860261999070644,0.006934227421879768,0.0063144671730697155,0.010644485242664814,0.0029064971022307873,0.014107017777860165,0.004898530896753073,0.010297155007719994,0.01590757817029953,0.019591737538576126,0.01642618328332901,0.013860261999070644,0.008113444782793522,0.007614077068865299,0.009051509201526642,0.00976139958947897,0.011979686096310616,0.014046348631381989,0.01346784457564354,0.010966597124934196,0.005151720717549324,0.013860261999070644,0.008467396721243858,0.012446751818060875,0.007948780432343483,0.01115329284220934,0.014503324404358864,0.01445956900715828,0.011139781214296818,0.010604163631796837,0.011777080595493317,0.010201666504144669,0.01787964254617691,0.01813732087612152,0.01813732087612152,0.004399173893034458,0.014779830351471901,0.007263186853379011,0.005122160539031029,0.0037486085202544928,0.014622538350522518,0.0019730725325644016,0.01850530505180359
0.006380324251949787,0.00415633711963892,0.009067689999938011,0.01623586378991604,0.013102000579237938,0.01486657653003931,0.00938141904771328,0.029841147363185883,0.006768340244889259,0.007982151582837105,0.006661917082965374,0.012464425526559353,0.012464425526559353,0.01353338360786438,0.010188816115260124,0.005130315199494362,0.0,0.0053412215784192085,0.011574296280741692,0.004169059917330742,0.011559026315808296,0.013796176761388779,0.004225727636367083,0.013102000579237938,0.006652812007814646,0.01623586378991604,0.013102000579237938,0.007478454615920782,0.010983284562826157,0.007435040082782507,0.003922615200281143,0.01319656427949667,0.005197340156883001,0.013385696336627007,0.014380092732608318,0.018284348770976067,0.01507633738219738,0.013102000579237938,0.006392405368387699,0.005286716856062412,0.0037764597218483686,0.009654775261878967,0.011332866735756397,0.012383885681629181,0.01301505509763956,0.010712643153965473,0.0005662112962454557,0.013102000579237938,0.008122924715280533,0.009396564215421677,0.011044595390558243,0.009116221219301224,0.01353338360786438,0.01304970309138298,0.00941549427807331,0.009643178433179855,0.009814837947487831,0.010444686748087406,0.016143523156642914,0.016471248120069504,0.016471248120069504,0.004448495805263519,0.013446325436234474,0.008401733823120594,0.004240045323967934,0.004311595112085342,0.013604890555143356,0.00516651151701808,0.017118116840720177
0.0049560340121388435,0.003858731361106038,0.00999344140291214,0.021600492298603058,0.019032735377550125,0.01994609832763672,0.011315848678350449,0.03153122961521149,0.005707358010113239,0.006998532917350531,0.009028485976159573,0.013923248276114464,0.013923248276114464,0.019958695396780968,0.013835394755005836,0.0054726917296648026,0.0053412215784192085,0.0,0.016107026487588882,0.0018868823535740376,0.016711730509996414,0.018568597733974457,0.003505183383822441,0.019032735377550125,0.006417505443096161,0.021600492298603058,0.019032735377550125,0.010157645680010319,0.014300473965704441,0.006017792969942093,0.004505343735218048,0.013652803376317024,0.006378946825861931,0.015775147825479507,0.01999947428703308,0.018831368535757065,0.020212601870298386,0.019032735377550125,0.00427880696952343,0.003116943407803774,0.007409644778817892,0.011073676869273186,0.011872343719005585,0.016511162742972374,0.017238352447748184,0.014349140226840973,0.0056213089264929295,0.019032735377550125,0.011124094016849995,0.007262169383466244,0.013090953230857849,0.006651833187788725,0.019958695396780968,0.016815440729260445,0.011415769346058369,0.012418616563081741,0.012322217226028442,0.012645231559872627,0.02334979549050331,0.021216703578829765,0.021216703578829765,0.004215821158140898,0.018055617809295654,0.010299078188836575,0.004535832908004522,0.00426954310387373,0.019784292206168175,0.007833481766283512,0.022049125283956528
0.020293455570936203,0.008765071630477905,0.02033713087439537,0.012017536908388138,0.006102384999394417,0.014095881022512913,0.020793568342924118,0.03598809242248535,0.019529622048139572,0.014844774268567562,0.011187942698597908,0.01381614338606596,0.01381614338606596,0.009392821229994297,0.0011303399223834276,0.011608099564909935,0.011574296280741692,0.016107026487588882,0.0,0.013124510645866394,0.007498849183320999,0.011230222880840302,0.01375241857022047,0.006102384999394417,0.014967547729611397,0.012017536908388138,0.006102384999394417,0.015866044908761978,0.017063884064555168,0.01660185679793358,0.012291491031646729,0.02537493407726288,0.015454467386007309,0.01676829345524311,0.011085981503129005,0.014019743539392948,0.011999180540442467,0.006102384999394417,0.015508453361690044,0.016045525670051575,0.017417721450328827,0.01984332501888275,0.02078147977590561,0.01239289715886116,0.008525548502802849,0.0007836877484805882,0.014041317626833916,0.006102384999394417,0.01617424190044403,0.016318533569574356,0.021800249814987183,0.016794659197330475,0.009392821229994297,0.007399701047688723,0.014946512877941132,0.01733337715268135,0.01699531078338623,0.020232757553458214,0.013842878863215446,0.007106902077794075,0.007106902077794075,0.012226455844938755,0.007440866436809301,0.01611299067735672,0.015128901228308678,0.012389611452817917,0.007504950277507305,0.007586926221847534,0.01545414887368679
0.005462185479700565,0.0023001832887530327,0.0075132716447114944,0.0191726703196764,0.015686308965086937,0.018028996884822845,0.009249396622180939,0.032417941838502884,0.004151513800024986,0.006476343609392643,0.006569216027855873,0.012265783734619617,0.012265783734619617,0.017232894897460938,0.011928047984838486,0.00412521418184042,0.004169059917330742,0.0018868823535740376,0.013124510645866394,0.0,0.01479700393974781,0.01692502573132515,0.0031897365115582943,0.015686308965086937,0.004718787968158722,0.0191726703196764,0.015686308965086937,0.007362231146544218,0.011260068975389004,0.005846170708537102,0.0014604977332055569,0.012089500203728676,0.0039780521765351295,0.012285725213587284,0.01682538539171219,0.01680871844291687,0.018879007548093796,0.015686308965086937,0.004825429990887642,0.0040481602773070335,0.006365155801177025,0.008872861042618752,0.01095336489379406,0.01588256284594536,0.015977468341588974,0.01219664141535759,0.004447395913302898,0.015686308965086937,0.008246727287769318,0.007698685862123966,0.010817967355251312,0.007206768728792667,0.017232894897460938,0.01405562087893486,0.009598622098565102,0.009487745352089405,0.010049196891486645,0.009204482659697533,0.02041134051978588,0.017508257180452347,0.017508257180452347,0.003059210255742073,0.01515083946287632,0.00798675324767828,0.004360568709671497,0.0034594545140862465,0.016605980694293976,0.005381911061704159,0.020685426890850067
0.015167756006121635,0.011296294629573822,0.02439047396183014,0.004424582235515118,0.0028339633718132973,0.0050062029622495174,0.014742737635970116,0.023038044571876526,0.016780178993940353,0.015158496797084808,0.014612623490393162,0.010294606909155846,0.010294606909155846,0.0019911318086087704,0.007426600903272629,0.012941311113536358,0.011559026315808296,0.016711730509996414,0.007498849183320999,0.01479700393974781,0.0,0.005021922290325165,0.014420104213058949,0.0028339633718132973,0.015084215439856052,0.004424582235515118,0.0028339633718132973,0.02054576575756073,0.011722655035555363,0.01806521974503994,0.013696782290935516,0.027997661381959915,0.012949783354997635,0.020744284614920616,0.006384804844856262,0.016694629564881325,0.004869604017585516,0.0028339633718132973,0.012399207800626755,0.01342624332755804,0.017791908234357834,0.022675883024930954,0.02472441829741001,0.0046335672959685326,0.004123751539736986,0.007940283045172691,0.01306144893169403,0.0028339633718132973,0.021002214401960373,0.016037527471780777,0.0145807433873415,0.016602475196123123,0.0019911318086087704,0.005618592724204063,0.01962697133421898,0.021202193573117256,0.02162388153374195,0.023932572454214096,0.011748585850000381,0.013884613290429115,0.013884613290429115,0.011009196750819683,0.005243423394858837,0.02133210375905037,0.011608554050326347,0.013042371720075607,0.0030706357210874557,0.010344339534640312,0.006011397577822208
0.015804287046194077,0.012795429676771164,0.025372009724378586,0.006497104652225971,0.006297064013779163,0.007172813173383474,0.016090283170342445,0.01766013354063034,0.018628597259521484,0.014139531180262566,0.0151628777384758,0.009683859534561634,0.009683859534561634,0.006221774034202099,0.010205759666860104,0.015069626271724701,0.013796176761388779,0.018568597733974457,0.011230222880840302,0.01692502573132515,0.005021922290325165,0.0,0.016921482980251312,0.006297064013779163,0.017482653260231018,0.006497104652225971,0.006297064013779163,0.02110407128930092,0.013717439025640488,0.016730187460780144,0.016120262444019318,0.027799151837825775,0.014499852433800697,0.020893458276987076,0.005623640958219767,0.016797980293631554,0.0034467652440071106,0.006297064013779163,0.013322151266038418,0.014176356606185436,0.017431344836950302,0.022373288869857788,0.023204047232866287,0.001349718077108264,0.0036987997591495514,0.011619795113801956,0.015064802020788193,0.006297064013779163,0.021184056997299194,0.015162964351475239,0.015483683906495571,0.015626784414052963,0.006221774034202099,0.006045897491276264,0.01900007575750351,0.02107548527419567,0.020909685641527176,0.023987289518117905,0.013806581497192383,0.01466758269816637,0.01466758269816637,0.012278679758310318,0.0053206440061330795,0.022503381595015526,0.013902880251407623,0.01532365009188652,0.006051454693078995,0.012410959228873253,0.0038065589033067226
0.005925572011619806,0.0033334093168377876,0.00905638188123703,0.02063724584877491,0.01714913547039032,0.018028274178504944,0.007634974084794521,0.032529450953006744,0.0060958825051784515,0.008369610644876957,0.006865100935101509,0.014301078394055367,0.014301078394055367,0.01722400262951851,0.011723769828677177,0.0032403746154159307,0.004225727636367083,0.003505183383822441,0.01375241857022047,0.0031897365115582943,0.014420104213058949,0.016921482980251312,0.0,0.01714913547039032,0.004243016242980957,0.02063724584877491,0.01714913547039032,0.008290743455290794,0.01038765162229538,0.008916581980884075,0.0031737755052745342,0.013844970613718033,0.005349378101527691,0.013226239010691643,0.017867065966129303,0.020364928990602493,0.01850881427526474,0.01714913547039032,0.006479894742369652,0.0054554264061152935,0.007336912211030722,0.00993829034268856,0.011782979592680931,0.014840689487755299,0.015512595884501934,0.01254893559962511,0.004497936926782131,0.01714913547039032,0.009306473657488823,0.010134490206837654,0.009692458435893059,0.00915717612951994,0.01722400262951851,0.01664729043841362,0.011349893175065517,0.011514132842421532,0.012236451730132103,0.011296279728412628,0.02070249617099762,0.01955307275056839,0.01955307275056839,0.004187953658401966,0.01733902096748352,0.008787063881754875,0.0032536466605961323,0.0008244942873716354,0.017936058342456818,0.004924718756228685,0.020732108503580093
0.017951786518096924,0.01259009912610054,0.024389393627643585,0.0027537757996469736,0.0,0.008018752560019493,0.01808648556470871,0.027833133935928345,0.018219739198684692,0.01644541695713997,0.014362374320626259,0.011463241651654243,0.011463241651654243,0.0018452525837346911,0.0065788449719548225,0.013860261999070644,0.013102000579237938,0.019032735377550125,0.006102384999394417,0.015686308965086937,0.0028339633718132973,0.006297064013779163,0.01714913547039032,0.0,0.01630273275077343,0.0027537757996469736,0.0,0.019905664026737213,0.01240350492298603,0.019009284675121307,0.014453760348260403,0.028702786192297935,0.01406613364815712,0.020250516012310982,0.005719692446291447,0.016234295442700386,0.0054520657286047935,0.0,0.014786853455007076,0.016060177236795425,0.01904774084687233,0.023165404796600342,0.02517438307404518,0.007333827205002308,0.004136046394705772,0.0069069513119757175,0.014845019206404686,0.0,0.020785881206393242,0.017670191824436188,0.018110882490873337,0.018479907885193825,0.0018452525837346911,0.004956161603331566,0.019372358918190002,0.020780012011528015,0.02122090943157673,0.02293599769473076,0.011326195672154427,0.011498147621750832,0.011498147621750832,0.012421594932675362,0.00452014897018671,0.020880965515971184,0.014631432481110096,0.01572408154606819,0.0003708645817823708,0.010340549051761627,0.007788368500769138
0.007350938394665718,0.00562547892332077,0.00818401388823986,0.018789764493703842,0.01630273275077343,0.016903119161725044,0.006723984144628048,0.03166910633444786,0.006278908811509609,0.011561864987015724,0.00643405644223094,0.014737080782651901,0.014737080782651901,0.016439251601696014,0.013890260830521584,0.0010687557514756918,0.006652812007814646,0.006417505443096161,0.014967547729611397,0.004718787968158722,0.015084215439856052,0.017482653260231018,0.004243016242980957,0.01630273275077343,0.0,0.018789764493703842,0.01630273275077343,0.00839630514383316,0.005530382506549358,0.01273063663393259,0.0033499496057629585,0.015260891988873482,0.005344949197024107,0.01246415451169014,0.018810760229825974,0.023173317313194275,0.018586542457342148,0.01630273275077343,0.0088487658649683,0.008672909811139107,0.010981634259223938,0.011682451702654362,0.0142713263630867,0.016445785760879517,0.01609167829155922,0.014613875187933445,0.006128157954663038,0.01630273275077343,0.01022482942789793,0.014330675825476646,0.00738124456256628,0.013170965015888214,0.016439251601696014,0.01745717227458954,0.014116143807768822,0.013014109805226326,0.014444105327129364,0.01156914234161377,0.02022036537528038,0.022602956742048264,0.022602956742048264,0.005636019632220268,0.01786554604768753,0.008957577869296074,0.006034952122718096,0.004900590516626835,0.016800297424197197,0.003580564633011818,0.019939705729484558
0.018806319683790207,0.016677692532539368,0.028058357536792755,0.0,0.0027537757996469736,0.007115266751497984,0.019498709589242935,0.02125987410545349,0.020779503509402275,0.020074309781193733,0.01901182159781456,0.014126431196928024,0.014126431196928024,0.0018120398744940758,0.011627246625721455,0.017065322026610374,0.01623586378991604,0.021600492298603058,0.012017536908388138,0.0191726703196764,0.004424582235515118,0.006497104652225971,0.02063724584877491,0.0027537757996469736,0.018789764493703842,0.0,0.0027537757996469736,0.024416159838438034,0.013735475949943066,0.02226509153842926,0.018163777887821198,0.03211241960525513,0.01734672300517559,0.02578422613441944,0.006156450603157282,0.021123472601175308,0.004801592323929071,0.0027537757996469736,0.016477875411510468,0.018284626305103302,0.022228650748729706,0.026829760521650314,0.029177192598581314,0.00702093169093132,0.005910244770348072,0.012380721047520638,0.017673999071121216,0.0027537757996469736,0.025396600365638733,0.02077016979455948,0.01827411726117134,0.021615374833345413,0.0018120398744940758,0.00788182020187378,0.024379750713706017,0.025192327797412872,0.025970222428441048,0.027050014585256577,0.012999366968870163,0.018246088176965714,0.018246088176965714,0.015658356249332428,0.007355282083153725,0.02525738999247551,0.01690540835261345,0.018977981060743332,0.002091130707412958,0.014021044597029686,0.005053069442510605
0.017951786518096924,0.01259009912610054,0.024389393627643585,0.0027537757996469736,0.0,0.008018752560019493,0.01808648556470871,0.027833133935928345,0.018219739198684692,0.01644541695713997,0.014362374320626259,0.011463241651654243,0.011463241651654243,0.0018452525837346911,0.0065788449719548225,0.013860261999070644,0.013102000579237938,0.019032735377550125,0.006102384999394417,0.015686308965086937,0.0028339633718132973,0.006297064013779163,0.01714913547039032,0.0,0.01630273275077343,0.0027537757996469736,0.0,0.019905664026737213,0.01240350492298603,0.019009284675121307,0.014453760348260403,0.028702786192297935,0.01406613364815712,0.020250516012310982,0.005719692446291447,0.016234295442700386,0.0054520657286047935,0.0,0.014786853455007076,0.016060177236795425,0.01904774084687233,0.023165404796600342,0.02517438307404518,0.007333827205002308,0.004136046394705772,0.0069069513119757175,0.014845019206404686,0.0,0.020785881206393242,0.017670191824436188,0.018110882490873337,0.018479907885193825,0.0018452525837346911,0.004956161603331566,0.019372358918190002,0.020780012011528015,0.02122090943157673,0.02293599769473076,0.011326195672154427,0.011498147621750832,0.011498147621750832,0.012421594932675362,0.00452014897018671,0.020880965515971184,0.014631432481110096,0.01572408154606819,0.0003708645817823708,0.010340549051761627,0.007788368500769138
0.012226687744259834,0.007178955245763063,0.0025197642389684916,0.024416159838438034,0.019905664026737213,0.023412106558680534,0.01246981043368578,0.040605418384075165,0.00910986214876175,0.009506532922387123,0.007094772532582283,0.016450855880975723,0.016450855880975723,0.022015321999788284,0.014966370537877083,0.006934227421879768,0.007478454615920782,0.010157645680010319,0.015866044908761978,0.007362231146544218,0.02054576575756073,0.02110407128930092,0.008290743455290794,0.019905664026737213,0.00839630514383316,0.024416159838438034,0.019905664026737213,0.0,0.015378765761852264,0.009649764746427536,0.0059432582929730415,0.007757934276014566,0.008251495659351349,0.010388258844614029,0.020357046276330948,0.021871604025363922,0.023505808785557747,0.019905664026737213,0.012117492035031319,0.0105195427313447,0.007373988628387451,0.0037006656639277935,0.00452758651226759,0.020661676302552223,0.02037820592522621,0.0151214012876153,0.0074219414964318275,0.019905664026737213,0.002062881365418434,0.012826954014599323,0.0141537394374609,0.011610984802246094,0.022015321999788284,0.01904182881116867,0.004119539167732,0.0037914614658802748,0.004359548911452293,0.0035494929179549217,0.02066640742123127,0.016752298921346664,0.016752298921346664,0.007269174791872501,0.019543714821338654,0.0013434391003102064,0.009819848462939262,0.00809754803776741,0.02054600790143013,0.007463492453098297,0.026357123628258705
