0,1,2,3,4,5,6,7,8,9,10,11,12,13,14,15,16,17,18,19,20,21,22,23,24,25,26,27,28,29,30,31,32,33,34,35,36,37,38,39,40,41,42,43,44,45,46,47,48,49,50,51,52,53,54,55,56,57,58,59,60,61,62,63,64,65,66,67,68,69,70,71,72,73,74,75,76,77,78,79,80,81
1.0,0.88467926,0.9412235,0.9902128,0.52746725,0.9386996,0.91106176,0.85650337,0.6035489,0.89631104,0.9628552,0.4830107,0.91118133,0.939258,0.9677735,0.89631104,0.93590015,0.89631104,0.65102863,0.959123,0.65102863,0.96583724,0.49663875,0.85391736,0.79446536,0.89631104,0.9935447,0.8952982,0.40789908,0.58416986,0.9016207,0.96588916,0.6892684,0.93804204,0.56990033,0.83298165,0.7042005,0.45827883,0.89631104,0.9031818,0.39416426,0.9077625,0.8564864,0.90894663,0.88207877,0.6417129,0.8303385,0.52602065,0.94628274,0.93062365,0.9242463,0.8341135,0.9412338,0.9929973,0.89889973,0.87063205,0.9700999,0.91446006,0.9397018,0.9002369,0.92255986,0.8988313,0.96460545,0.9670825,0.91953063,0.8589378,0.8330032,0.99156415,0.96583724,0.45827883,0.413011,0.84707093,0.96983707,0.8162315,0.91118133,0.8965131,0.8162315,0.52602065,0.9437618,0.97344327,0.45827883,0.9547692
0.88467926,1.0,0.88792086,0.88146895,0.46979237,0.8756038,0.91669524,0.93826705,0.610256,0.96492696,0.8910575,0.46427783,0.9606751,0.9235598,0.9043567,0.96492696,0.9057035,0.96492696,0.6104114,0.8519746,0.6104114,0.86492574,0.44573292,0.8077934,0.72303057,0.96492696,0.8794178,0.96503997,0.3907507,0.5533943,0.8980783,0.9194348,0.61684066,0.9068754,0.5378364,0.85525256,0.6544391,0.43373996,0.96492696,0.8614129,0.36407557,0.9539941,0.7929543,0.957439,0.9565971,0.5979968,0.8465413,0.48379713,0.8992291,0.915979,0.9370048,0.78863525,0.90960664,0.8726065,0.9462431,0.95202637,0.91078556,0.9618512,0.9086593,0.96945316,0.92035836,0.85686517,0.91632986,0.91465443,0.87170804,0.8609634,0.7837049,0.8633768,0.86492574,0.43373996,0.39001492,0.84987116,0.9002805,0.83189756,0.9606751,0.9430576,0.83189756,0.48379713,0.90751064,0.9104305,0.43373996,0.83923316
0.9412235,0.88792086,1.0000001,0.9580637,0.471937,0.98532796,0.86045676,0.83071613,0.5674306,0.9372388,0.9042684,0.48484617,0.95158935,0.94420815,0.8907218,0.9372388,0.8977327,0.9372388,0.58986944,0.91285,0.58986944,0.88699615,0.45885697,0.88812613,0.80921745,0.9372388,0.9497856,0.9320674,0.40613484,0.51334536,0.871668,0.90239346,0.6183653,0.87640995,0.5214433,0.78742975,0.8012084,0.46744543,0.9372388,0.9602216,0.38006076,0.87689066,0.90238905,0.9530139,0.8575546,0.57824886,0.7841394,0.48774108,0.8987028,0.8997434,0.94469416,0.87743616,0.98457664,0.92783886,0.94806993,0.8400662,0.90201336,0.90535516,0.98415464,0.93742573,0.864923,0.8352083,0.89691234,0.9007567,0.84811926,0.8898369,0.9002216,0.9317849,0.88699615,0.46744543,0.4068396,0.8723072,0.8999182,0.8474339,0.95158935,0.9392432,0.8474339,0.48774108,0.8967404,0.9049219,0.46744543,0.87921333
0.9902128,0.88146895,0.9580637,0.9999998,0.5023469,0.9558182,0.90462786,0.8474151,0.58806914,0.9009991,0.95929974,0.4681998,0.9186007,0.944785,0.9494264,0.9009991,0.9231942,0.9009991,0.6336037,0.9614038,0.6336037,0.95016336,0.47524464,0.85915637,0.8081974,0.9009991,0.99629205,0.8976788,0.39475578,0.56467897,0.8862009,0.9492896,0.67779136,0.92001265,0.5467236,0.8177136,0.73644674,0.44659984,0.9009991,0.9200176,0.37700242,0.8956478,0.86889076,0.916499,0.8709811,0.62176245,0.81911373,0.5016776,0.9403552,0.91805106,0.9316047,0.84367085,0.95448494,0.98293954,0.9121512,0.86226296,0.95675725,0.90934044,0.95050156,0.90692335,0.9130628,0.87948203,0.9483055,0.94728494,0.89318234,0.85753673,0.8500179,0.9880036,0.95016336,0.44659984,0.39863542,0.8420083,0.9566026,0.8101906,0.9186007,0.90892744,0.8101906,0.5016776,0.9311948,0.95586735,0.44659984,0.9504801
0.52746725,0.46979237,0.471937,0.5023469,1.0000004,0.46915925,0.4952454,0.4573656,0.7672714,0.45091343,0.5274252,0.8201995,0.4541556,0.48691487,0.5315206,0.45091343,0.5314237,0.45091343,0.8102261,0.5332104,0.8102261,0.54086673,0.8321036,0.47063336,0.5533377,0.45091343,0.5135565,0.45581126,0.7080243,0.84185135,0.49891958,0.51661587,0.8051445,0.5325788,0.90617156,0.5077496,0.37010944,0.8011526,0.45091343,0.47063297,0.759169,0.50899255,0.44651747,0.44270557,0.49814102,0.84819686,0.5137007,0.8841922,0.53760505,0.544667,0.47454453,0.46719122,0.46594304,0.5349247,0.44275385,0.47876656,0.5288408,0.49287754,0.47647792,0.44600418,0.5260465,0.57516384,0.51348615,0.5345387,0.5466081,0.4558568,0.41157058,0.53319967,0.54086673,0.8011526,0.76942873,0.4670159,0.53240126,0.44908363,0.4541556,0.44105583,0.44908363,0.8841922,0.53450334,0.5401664,0.8011526,0.5350381
0.9386996,0.8756038,0.98532796,0.9558182,0.46915925,0.9999999,0.8479725,0.8070656,0.5558341,0.9282522,0.9066565,0.48012507,0.9400703,0.9496318,0.8916283,0.9282522,0.9021036,0.9282522,0.5846015,0.926715,0.5846015,0.90358233,0.46098882,0.9068499,0.8022153,0.9282522,0.9476736,0.9230709,0.4034737,0.5085988,0.8753098,0.8931809,0.6170275,0.877113,0.5173339,0.78855,0.79319185,0.46028873,0.9282522,0.96579343,0.38025117,0.87051463,0.9114813,0.93364406,0.8503507,0.57471365,0.7821866,0.48663726,0.9027357,0.8999829,0.9378896,0.8916683,0.9885743,0.9307759,0.9357677,0.830513,0.9040069,0.89431316,0.9825405,0.9248931,0.8513763,0.8390994,0.8886364,0.8971683,0.85134137,0.8863082,0.91497296,0.9410133,0.90358233,0.46028873,0.40166432,0.873289,0.9039356,0.8548323,0.9400703,0.9233101,0.8548323,0.48663726,0.9006391,0.90316373,0.46028873,0.8946776
0.91106176,0.91669524,0.86045676,0.90462786,0.4952454,0.8479725,1.0000001,0.9264903,0.607342,0.8893708,0.940681,0.42196319,0.9004829,0.90739095,0.93561125,0.8893708,0.895999,0.8893708,0.6460435,0.89537597,0.6460435,0.89119256,0.45019513,0.7332406,0.7352939,0.8893708,0.90983415,0.8861115,0.36840424,0.60564923,0.8692483,0.94269943,0.67919266,0.89991206,0.5457697,0.86784506,0.61155295,0.41064763,0.8893708,0.83046377,0.35446364,0.9441515,0.7492161,0.899625,0.92177963,0.62414634,0.8826215,0.482054,0.9252955,0.90050864,0.9219779,0.7467277,0.87553227,0.9119532,0.88081276,0.9395424,0.93652284,0.9206997,0.868864,0.90139747,0.9719362,0.8992939,0.9451083,0.9218873,0.86622906,0.77573264,0.71569526,0.9014741,0.89119256,0.41064763,0.37885457,0.763536,0.9338844,0.76142603,0.9004829,0.88721806,0.76142603,0.482054,0.9043294,0.93038696,0.41064763,0.90771097
0.85650337,0.93826705,0.83071613,0.8474151,0.4573656,0.8070656,0.9264903,1.0000001,0.58004326,0.90014255,0.8640897,0.40155298,0.8986214,0.8724073,0.8842536,0.90014255,0.8573455,0.90014255,0.59859383,0.8163826,0.59859383,0.83543336,0.40255305,0.72223675,0.67341614,0.90014255,0.853122,0.9004185,0.33865654,0.5572598,0.8625729,0.91188806,0.60088336,0.8772789,0.5085725,0.86344963,0.585937,0.38340774,0.90014255,0.79712856,0.31859726,0.9529089,0.728435,0.90665436,0.9532263,0.5812596,0.86185575,0.43573937,0.8574581,0.86568546,0.8946016,0.71106094,0.8449445,0.84677863,0.8795341,0.9721066,0.8862145,0.91524875,0.8382309,0.90955776,0.934078,0.83721805,0.91117215,0.88860786,0.8354886,0.78748685,0.6981733,0.83066225,0.83543336,0.38340774,0.34854627,0.7687483,0.87546843,0.742779,0.8986214,0.88490295,0.742779,0.43573937,0.86061656,0.8755002,0.38340774,0.8196173
0.6035489,0.610256,0.5674306,0.58806914,0.7672714,0.5558341,0.607342,0.58004326,0.9999999,0.5932015,0.6086379,0.7287415,0.59741974,0.5860919,0.6213026,0.5932015,0.63690114,0.5932015,0.93128455,0.5975933,0.93128455,0.6195272,0.718149,0.52162194,0.6449175,0.5932015,0.5945287,0.59887475,0.6067937,0.8391875,0.58710206,0.6166189,0.83596647,0.63253164,0.83985144,0.569033,0.4346981,0.64556026,0.5932015,0.5561762,0.638499,0.626209,0.48616022,0.586867,0.6125128,0.9334507,0.59593356,0.7521447,0.6289306,0.65327334,0.59306264,0.5227062,0.5677377,0.60362697,0.58394057,0.5911027,0.6220467,0.6274526,0.5769034,0.58917546,0.63217044,0.64395076,0.6140875,0.6263661,0.6351809,0.5451244,0.48296827,0.6001781,0.6195272,0.64556026,0.6746427,0.54683214,0.62354195,0.5415437,0.59741974,0.58816266,0.5415437,0.7521447,0.6377903,0.6345854,0.64556026,0.5997906
0.89631104,0.96492696,0.9372388,0.9009991,0.45091343,0.9282522,0.8893708,0.90014255,0.5932015,1.0000002,0.8929833,0.48582602,0.9959607,0.94242465,0.90282005,1.0000002,0.9208592,1.0000002,0.5927524,0.8628961,0.5927524,0.8689317,0.43913627,0.8560754,0.74275255,1.0000002,0.89639735,0.999005,0.40104988,0.5132781,0.90224445,0.91756296,0.59969926,0.9048749,0.52402604,0.81838226,0.71743256,0.4567407,1.0000002,0.9130922,0.3787838,0.9395006,0.83563805,0.9887934,0.93253434,0.58443516,0.8100606,0.4776291,0.90348506,0.92616236,0.9643229,0.8394517,0.95285994,0.8835064,0.98068124,0.9164788,0.9132117,0.96301174,0.95130724,0.9950174,0.8970101,0.84124017,0.91215384,0.91631836,0.8709985,0.90515435,0.8465565,0.8786439,0.8689317,0.4567407,0.4077397,0.8910158,0.9041496,0.87574613,0.9959607,0.97089005,0.87574613,0.4776291,0.91710395,0.91207814,0.4567407,0.83636814
0.9628552,0.8910575,0.9042684,0.95929974,0.5274252,0.9066565,0.940681,0.8640897,0.6086379,0.8929833,0.9999999,0.47349015,0.9068146,0.9361863,0.9780684,0.8929833,0.94974303,0.8929833,0.666253,0.9669387,0.666253,0.9541435,0.49144346,0.81789005,0.7731608,0.8929833,0.9619113,0.8895241,0.3913775,0.60809344,0.89998925,0.9579454,0.7066148,0.94487214,0.57576257,0.8479912,0.67090446,0.4498191,0.8929833,0.8819518,0.38653257,0.9180098,0.8228537,0.8978065,0.89203686,0.64644134,0.8520018,0.52066123,0.9847291,0.9420245,0.9320202,0.8177208,0.91671276,0.96808517,0.8899623,0.8904519,0.9815431,0.9138015,0.91299355,0.8998972,0.9483799,0.91419184,0.9625546,0.9596897,0.9163052,0.8303224,0.79242873,0.96911824,0.9541435,0.4498191,0.4078072,0.8230138,0.9826001,0.80063254,0.9068146,0.88785326,0.80063254,0.52066123,0.95883477,0.97830164,0.4498191,0.97160876
0.4830107,0.46427783,0.48484617,0.4681998,0.8201995,0.48012507,0.42196319,0.40155298,0.7287415,0.48582602,0.47349015,1.0000002,0.482061,0.47480202,0.47865242,0.48582602,0.5153345,0.48582602,0.72753555,0.47076026,0.72753555,0.48976097,0.8440206,0.5364844,0.55774975,0.48582602,0.46680242,0.49035582,0.83283734,0.7159572,0.50117457,0.468579,0.6859462,0.5074045,0.85195374,0.45706934,0.44461378,0.9166825,0.48582602,0.47439477,0.8966698,0.47527072,0.474083,0.4694072,0.47217345,0.77189416,0.4417449,0.8637817,0.49885666,0.5249794,0.46533734,0.52287346,0.47712883,0.47709483,0.47397476,0.43001753,0.48178032,0.4865966,0.49064595,0.471183,0.44334087,0.49371076,0.46094882,0.5039333,0.5185216,0.5430774,0.4757617,0.48105654,0.48976097,0.9166825,0.9267523,0.55652344,0.48326802,0.5306957,0.482061,0.46146694,0.5306957,0.8637817,0.5110842,0.4962232,0.9166825,0.45952964
0.91118133,0.9606751,0.95158935,0.9186007,0.4541556,0.9400703,0.9004829,0.8986214,0.59741974,0.9959607,0.9068146,0.482061,1.0,0.9484198,0.90918833,0.9959607,0.9219301,0.9959607,0.60025823,0.88111496,0.60025823,0.8786681,0.43865877,0.8577815,0.7714436,0.9959607,0.91377133,0.9934416,0.40005434,0.5183755,0.89469093,0.92348504,0.6128818,0.9057232,0.52413404,0.81452346,0.7378013,0.45673183,0.9959607,0.9229282,0.37819287,0.934208,0.84823525,0.9937515,0.92467225,0.59075534,0.8140918,0.47689015,0.91196376,0.9286003,0.97035974,0.8460865,0.96539015,0.8975997,0.9909278,0.91267866,0.92001355,0.96186745,0.96326447,0.9958204,0.9062531,0.8480556,0.9182843,0.9201273,0.87108827,0.89711833,0.8558829,0.89493126,0.8786681,0.45673183,0.40755486,0.88172054,0.9122727,0.86764956,1.0,0.9850383,0.86764956,0.47689015,0.91972476,0.9203777,0.45673183,0.8551066
0.939258,0.9235598,0.94420815,0.944785,0.48691487,0.9496318,0.90739095,0.8724073,0.5860919,0.94242465,0.9361863,0.47480202,0.9484198,0.99999976,0.92794144,0.94242465,0.929021,0.94242465,0.6098527,0.93588805,0.6098527,0.92738277,0.46516928,0.8868451,0.7849053,0.94242465,0.939814,0.9400367,0.4073422,0.5367875,0.9271917,0.92854613,0.6420008,0.9195131,0.5360476,0.841691,0.7380493,0.46005666,0.94242465,0.9339839,0.39023912,0.9221062,0.8763249,0.9393845,0.912143,0.60056806,0.84008133,0.49540412,0.9385268,0.93596065,0.951809,0.8735782,0.9617174,0.93699676,0.93626434,0.89714974,0.9357995,0.9373611,0.9573169,0.9407766,0.9055749,0.8754008,0.92373747,0.9300828,0.8883821,0.8939093,0.8637737,0.93692195,0.92738277,0.46005666,0.41043252,0.8871957,0.93410665,0.85939664,0.9484198,0.9279165,0.85939664,0.49540412,0.9317783,0.93389446,0.46005666,0.91807586
0.9677735,0.9043567,0.8907218,0.9494264,0.5315206,0.8916283,0.93561125,0.8842536,0.6213026,0.90282005,0.9780684,0.47865242,0.90918833,0.92794144,1.0000002,0.90282005,0.9700245,0.90282005,0.6716263,0.9366497,0.6716263,0.9643029,0.4943948,0.8147565,0.7482376,0.90282005,0.9573127,0.9029752,0.38988662,0.6067668,0.93086207,0.9870715,0.69661117,0.9714384,0.58384717,0.8603835,0.6417595,0.4511662,0.90282005,0.8622562,0.3921702,0.94193697,0.80811524,0.9035982,0.9185882,0.6600462,0.8573296,0.53012335,0.9713862,0.9538311,0.9230846,0.79966545,0.9021679,0.9719172,0.8845911,0.9107835,0.99800456,0.92921513,0.8988036,0.90359247,0.9503063,0.9243808,0.98962283,0.98870146,0.95380414,0.8518461,0.77786976,0.96357536,0.9643029,0.4511662,0.4097415,0.8450708,0.99656355,0.816413,0.90918833,0.88263196,0.816413,0.53012335,0.9746604,0.9937733,0.4511662,0.94597006
0.89631104,0.96492696,0.9372388,0.9009991,0.45091343,0.9282522,0.8893708,0.90014255,0.5932015,1.0000002,0.8929833,0.48582602,0.9959607,0.94242465,0.90282005,1.0000002,0.9208592,1.0000002,0.5927524,0.8628961,0.5927524,0.8689317,0.43913627,0.8560754,0.74275255,1.0000002,0.89639735,0.999005,0.40104988,0.5132781,0.90224445,0.91756296,0.59969926,0.9048749,0.52402604,0.81838226,0.71743256,0.4567407,1.0000002,0.9130922,0.3787838,0.9395006,0.83563805,0.9887934,0.93253434,0.58443516,0.8100606,0.4776291,0.90348506,0.92616236,0.9643229,0.8394517,0.95285994,0.8835064,0.98068124,0.9164788,0.9132117,0.96301174,0.95130724,0.9950174,0.8970101,0.84124017,0.91215384,0.91631836,0.8709985,0.90515435,0.8465565,0.8786439,0.8689317,0.4567407,0.4077397,0.8910158,0.9041496,0.87574613,0.9959607,0.97089005,0.87574613,0.4776291,0.91710395,0.91207814,0.4567407,0.83636814
0.93590015,0.9057035,0.8977327,0.9231942,0.5314237,0.9021036,0.895999,0.8573455,0.63690114,0.9208592,0.94974303,0.5153345,0.9219301,0.929021,0.9700245,0.9208592,0.9999999,0.9208592,0.6678172,0.92266273,0.6678172,0.9604096,0.51251996,0.850546,0.73538494,0.9208592,0.9259391,0.92120427,0.41057104,0.59392333,0.937555,0.95684636,0.6803087,0.980503,0.59697425,0.85237396,0.65089154,0.48265487,0.9208592,0.86950755,0.4170013,0.9364977,0.8344611,0.91141206,0.9225849,0.656899,0.8582493,0.5523352,0.9760734,0.9750149,0.9145961,0.8293013,0.90913737,0.9374645,0.8963162,0.89324033,0.9749881,0.9303212,0.907955,0.913414,0.913108,0.91957647,0.9537405,0.9712732,0.97220385,0.87951833,0.805378,0.9346646,0.9604096,0.48265487,0.4329369,0.8814039,0.9761154,0.86756194,0.9219301,0.88955003,0.86756194,0.5523352,0.99666595,0.97581106,0.48265487,0.9217392
0.89631104,0.96492696,0.9372388,0.9009991,0.45091343,0.9282522,0.8893708,0.90014255,0.5932015,1.0000002,0.8929833,0.48582602,0.9959607,0.94242465,0.90282005,1.0000002,0.9208592,1.0000002,0.5927524,0.8628961,0.5927524,0.8689317,0.43913627,0.8560754,0.74275255,1.0000002,0.89639735,0.999005,0.40104988,0.5132781,0.90224445,0.91756296,0.59969926,0.9048749,0.52402604,0.81838226,0.71743256,0.4567407,1.0000002,0.9130922,0.3787838,0.9395006,0.83563805,0.9887934,0.93253434,0.58443516,0.8100606,0.4776291,0.90348506,0.92616236,0.9643229,0.8394517,0.95285994,0.8835064,0.98068124,0.9164788,0.9132117,0.96301174,0.95130724,0.9950174,0.8970101,0.84124017,0.91215384,0.91631836,0.8709985,0.90515435,0.8465565,0.8786439,0.8689317,0.4567407,0.4077397,0.8910158,0.9041496,0.87574613,0.9959607,0.97089005,0.87574613,0.4776291,0.91710395,0.91207814,0.4567407,0.83636814
0.65102863,0.6104114,0.58986944,0.6336037,0.8102261,0.5846015,0.6460435,0.59859383,0.93128455,0.5927524,0.666253,0.72753555,0.60025823,0.6098527,0.6716263,0.5927524,0.6678172,0.5927524,1.0000002,0.6548611,1.0000002,0.66762817,0.7405971,0.53505,0.6733938,0.5927524,0.6431099,0.5980967,0.5811554,0.8837273,0.6175165,0.65666074,0.9093163,0.66605353,0.8758817,0.5999837,0.44409162,0.6509557,0.5927524,0.5851614,0.60851663,0.6513412,0.49824157,0.58818364,0.6282451,0.96979797,0.63414127,0.7905466,0.6768554,0.67832065,0.6216333,0.5342165,0.5914532,0.65659344,0.58241653,0.61619616,0.67021877,0.6326195,0.59800357,0.5907216,0.6787625,0.6957905,0.6571949,0.6666069,0.66789013,0.5471119,0.4996698,0.6567397,0.66762817,0.6509557,0.63750494,0.55088747,0.6734316,0.5502319,0.60025823,0.5869002,0.5502319,0.7905466,0.67084515,0.678094,0.6509557,0.6673641
0.959123,0.8519746,0.91285,0.9614038,0.5332104,0.926715,0.89537597,0.8163826,0.5975933,0.8628961,0.9669387,0.47076026,0.88111496,0.93588805,0.9366497,0.8628961,0.92266273,0.8628961,0.6548611,1.0,0.6548611,0.9593085,0.49179864,0.8511704,0.786188,0.8628961,0.96223295,0.8590484,0.3924325,0.59798884,0.86162734,0.9165411,0.699745,0.9078989,0.5683683,0.81700623,0.6992066,0.44814515,0.8628961,0.90205395,0.38421968,0.8693613,0.8485846,0.8709617,0.84479654,0.6388017,0.81363875,0.5196636,0.9599947,0.91799563,0.9064201,0.840993,0.9284241,0.9645519,0.87138,0.8401865,0.94257164,0.8800596,0.9249276,0.8677461,0.90224653,0.8926004,0.91714805,0.9204255,0.88509774,0.8087363,0.8319399,0.9760134,0.9593085,0.44814515,0.40057096,0.8070502,0.94742167,0.7963153,0.88111496,0.86837804,0.7963153,0.5196636,0.93193555,0.943583,0.44814515,0.98429257
0.65102863,0.6104114,0.58986944,0.6336037,0.8102261,0.5846015,0.6460435,0.59859383,0.93128455,0.5927524,0.666253,0.72753555,0.60025823,0.6098527,0.6716263,0.5927524,0.6678172,0.5927524,1.0000002,0.6548611,1.0000002,0.66762817,0.7405971,0.53505,0.6733938,0.5927524,0.6431099,0.5980967,0.5811554,0.8837273,0.6175165,0.65666074,0.9093163,0.66605353,0.8758817,0.5999837,0.44409162,0.6509557,0.5927524,0.5851614,0.60851663,0.6513412,0.49824157,0.58818364,0.6282451,0.96979797,0.63414127,0.7905466,0.6768554,0.67832065,0.6216333,0.5342165,0.5914532,0.65659344,0.58241653,0.61619616,0.67021877,0.6326195,0.59800357,0.5907216,0.6787625,0.6957905,0.6571949,0.6666069,0.66789013,0.5471119,0.4996698,0.6567397,0.66762817,0.6509557,0.63750494,0.55088747,0.6734316,0.5502319,0.60025823,0.5869002,0.5502319,0.7905466,0.67084515,0.678094,0.6509557,0.6673641
0.96583724,0.86492574,0.88699615,0.95016336,0.54086673,0.90358233,0.89119256,0.83543336,0.6195272,0.8689317,0.9541435,0.48976097,0.8786681,0.92738277,0.9643029,0.8689317,0.9604096,0.8689317,0.66762817,0.9593085,0.66762817,0.99999994,0.5130879,0.8471879,0.7543678,0.8689317,0.95533067,0.86943555,0.40865284,0.5995085,0.90404594,0.9456523,0.6979538,0.9615804,0.5866342,0.8468623,0.6428882,0.45924157,0.8689317,0.8595487,0.4083481,0.90370977,0.83789563,0.8673495,0.8831873,0.6592527,0.8492369,0.54389197,0.96121895,0.9415269,0.88589215,0.8176276,0.9046058,0.967511,0.85868907,0.86488533,0.96756524,0.8973516,0.89973015,0.866441,0.90596247,0.9167389,0.9443933,0.95835406,0.95404994,0.83342314,0.80622405,0.97262675,0.99999994,0.45924157,0.41860807,0.837058,0.97162455,0.8256582,0.8786681,0.8573197,0.8256582,0.54389197,0.96652955,0.9688405,0.45924157,0.9698264
0.49663875,0.44573292,0.45885697,0.47524464,0.8321036,0.46098882,0.45019513,0.40255305,0.718149,0.43913627,0.49144346,0.8440206,0.43865877,0.46516928,0.4943948,0.43913627,0.51251996,0.43913627,0.7405971,0.49179864,0.7405971,0.5130879,1.0000002,0.4778893,0.5305852,0.43913627,0.48039734,0.4436932,0.8046551,0.76092315,0.48303387,0.4753704,0.7378416,0.5078313,0.8602736,0.47273692,0.39986777,0.819699,0.43913627,0.4672724,0.83066547,0.4769922,0.45777345,0.42156067,0.46842098,0.7731643,0.46930543,0.9278974,0.51135385,0.5236525,0.4577193,0.4949601,0.4560425,0.5000638,0.42405927,0.43363723,0.49490577,0.45778966,0.46794567,0.42823905,0.46630013,0.5464821,0.4720209,0.50248396,0.5273814,0.46818522,0.4244994,0.50153506,0.5130879,0.819699,0.82285327,0.47612458,0.5003921,0.479485,0.43865877,0.41732997,0.479485,0.9278974,0.514054,0.50611585,0.819699,0.4947314
0.85391736,0.8077934,0.88812613,0.85915637,0.47063336,0.9068499,0.7332406,0.72223675,0.52162194,0.8560754,0.81789005,0.5364844,0.8577815,0.8868451,0.8147565,0.8560754,0.850546,0.8560754,0.53505,0.8511704,0.53505,0.8471879,0.4778893,0.9999998,0.7168245,0.8560754,0.845332,0.8558568,0.4533004,0.46728486,0.85684603,0.8107265,0.56128097,0.8252593,0.5165316,0.7438749,0.7495135,0.51492435,0.8560754,0.8798045,0.45150498,0.7924274,0.91802007,0.8457596,0.79233015,0.5389986,0.73162466,0.503721,0.83771336,0.84740794,0.83679086,0.9217402,0.90125966,0.8458211,0.8508539,0.74969035,0.8224313,0.8348011,0.9022262,0.8433295,0.7500254,0.78141963,0.800478,0.83151305,0.81700706,0.9171784,0.9143003,0.8527398,0.8471879,0.51492435,0.4602713,0.934538,0.8234709,0.88587403,0.8577815,0.83196723,0.88587403,0.503721,0.8487605,0.82989764,0.51492435,0.81134105
0.79446536,0.72303057,0.80921745,0.8081974,0.5533377,0.8022153,0.7352939,0.67341614,0.6449175,0.74275255,0.7731608,0.55774975,0.7714436,0.7849053,0.7482376,0.74275255,0.73538494,0.74275255,0.6733938,0.786188,0.6733938,0.7543678,0.5305852,0.7168245,1.0000002,0.74275255,0.80058,0.7398741,0.47837102,0.58369267,0.7070612,0.7477977,0.7246475,0.7314638,0.58467543,0.6571187,0.7791555,0.5287007,0.74275255,0.79724526,0.46221572,0.7131003,0.74796563,0.7699659,0.6936326,0.6661972,0.6776216,0.5484984,0.75642425,0.7584141,0.7705973,0.7458081,0.80271393,0.7855183,0.79983544,0.688118,0.75606334,0.7500105,0.8025183,0.7490511,0.73551846,0.7297292,0.7392316,0.7517892,0.708185,0.7032025,0.75469166,0.7957797,0.7543678,0.5287007,0.48678076,0.6917945,0.7553438,0.67914814,0.7714436,0.8118051,0.67914814,0.5484984,0.73894274,0.76635814,0.5287007,0.76960444
0.89631104,0.96492696,0.9372388,0.9009991,0.45091343,0.9282522,0.8893708,0.90014255,0.5932015,1.0000002,0.8929833,0.48582602,0.9959607,0.94242465,0.90282005,1.0000002,0.9208592,1.0000002,0.5927524,0.8628961,0.5927524,0.8689317,0.43913627,0.8560754,0.74275255,1.0000002,0.89639735,0.999005,0.40104988,0.5132781,0.90224445,0.91756296,0.59969926,0.9048749,0.52402604,0.81838226,0.71743256,0.4567407,1.0000002,0.9130922,0.3787838,0.9395006,0.83563805,0.9887934,0.93253434,0.58443516,0.8100606,0.4776291,0.90348506,0.92616236,0.9643229,0.8394517,0.95285994,0.8835064,0.98068124,0.9164788,0.9132117,0.96301174,0.95130724,0.9950174,0.8970101,0.84124017,0.91215384,0.91631836,0.8709985,0.90515435,0.8465565,0.8786439,0.8689317,0.4567407,0.4077397,0.8910158,0.9041496,0.87574613,0.9959607,0.97089005,0.87574613,0.4776291,0.91710395,0.91207814,0.4567407,0.83636814
0.9935447,0.8794178,0.9497856,0.99629205,0.5135565,0.9476736,0.90983415,0.853122,0.5945287,0.89639735,0.9619113,0.46680242,0.91377133,0.939814,0.9573127,0.89639735,0.9259391,0.89639735,0.6431099,0.96223295,0.6431099,0.95533067,0.48039734,0.845332,0.80058,0.89639735,0.9999998,0.89323664,0.39468795,0.5730643,0.8832438,0.9563987,0.6844046,0.9240233,0.5525911,0.82116383,0.72153926,0.44441506,0.89639735,0.9127878,0.378074,0.900421,0.8579931,0.91193116,0.8725022,0.6322034,0.82013583,0.50836515,0.9406763,0.92032427,0.93005407,0.83380663,0.947179,0.9895093,0.9050464,0.86781156,0.96362,0.90439224,0.94287896,0.9027374,0.91931,0.8825756,0.95647717,0.9515385,0.89692676,0.8428253,0.836297,0.99245775,0.95533067,0.44441506,0.3995053,0.82760864,0.963589,0.7972799,0.91377133,0.90271425,0.7972799,0.50836515,0.93337834,0.96123195,0.44441506,0.9525423
0.8952982,0.96503997,0.9320674,0.8976788,0.45581126,0.9230709,0.8861115,0.9004185,0.59887475,0.999005,0.8895241,0.49035582,0.9934416,0.9400367,0.9029752,0.999005,0.92120427,0.999005,0.5980967,0.8590484,0.5980967,0.86943555,0.4436932,0.8558568,0.7398741,0.999005,0.89323664,0.99999964,0.4043085,0.5181019,0.90631926,0.91868305,0.60230064,0.907451,0.53037745,0.8173412,0.7114293,0.45977643,0.999005,0.90892076,0.3823616,0.9416214,0.82914716,0.98618925,0.9348533,0.5898905,0.80837107,0.48360685,0.9019177,0.9279043,0.9609469,0.8356366,0.9481149,0.88184476,0.9769013,0.91605556,0.9127313,0.9662639,0.94753903,0.9923985,0.89651954,0.8434602,0.91241217,0.91863644,0.8752436,0.90770453,0.8431763,0.87608755,0.86943555,0.45977643,0.41045725,0.894561,0.90333736,0.8772363,0.9934416,0.96697825,0.8772363,0.48360685,0.91774505,0.91268784,0.45977643,0.83374476
0.40789908,0.3907507,0.40613484,0.39475578,0.7080243,0.4034737,0.36840424,0.33865654,0.6067937,0.40104988,0.3913775,0.83283734,0.40005434,0.4073422,0.38988662,0.40104988,0.41057104,0.40104988,0.5811554,0.3924325,0.5811554,0.40865284,0.8046551,0.4533004,0.47837102,0.40104988,0.39468795,0.4043085,1.0000001,0.5802836,0.3983417,0.37950242,0.56673026,0.4142031,0.70704985,0.39150518,0.42565322,0.8302516,0.40104988,0.42209503,0.89719737,0.39071602,0.42713666,0.38203043,0.39029002,0.63121974,0.36214617,0.8044343,0.4104812,0.44445544,0.40359074,0.4784203,0.407183,0.40064335,0.3984503,0.36400753,0.39254147,0.40024143,0.4219542,0.39395338,0.3742538,0.41465575,0.3735212,0.40948224,0.41539916,0.4406479,0.39315212,0.40504867,0.40865284,0.8302516,0.9029225,0.44898212,0.3943804,0.42749846,0.40005434,0.38812917,0.42749846,0.8044343,0.41504025,0.4079818,0.8302516,0.38549146
0.58416986,0.5533943,0.51334536,0.56467897,0.84185135,0.5085988,0.60564923,0.5572598,0.8391875,0.5132781,0.60809344,0.7159572,0.5183755,0.5367875,0.6067668,0.5132781,0.59392333,0.5132781,0.8837273,0.59798884,0.8837273,0.5995085,0.76092315,0.46728486,0.58369267,0.5132781,0.5730643,0.5181019,0.5802836,0.99999964,0.5605333,0.59552217,0.8719491,0.59569895,0.9069541,0.5743806,0.38012493,0.6698624,0.5132781,0.5135176,0.6183463,0.59555113,0.4398035,0.50818825,0.5741906,0.8906614,0.6076268,0.786317,0.6143421,0.60411155,0.55653083,0.47323596,0.51552916,0.59097916,0.49975818,0.5708349,0.60342336,0.5728483,0.5219512,0.5150484,0.63568,0.6719121,0.5955633,0.599416,0.60474944,0.47792226,0.42442316,0.5882685,0.5995085,0.6698624,0.6489189,0.48398718,0.60761046,0.494699,0.5183755,0.50393647,0.494699,0.786317,0.5996823,0.6098002,0.6698624,0.6165731
0.9016207,0.8980783,0.871668,0.8862009,0.49891958,0.8753098,0.8692483,0.8625729,0.58710206,0.90224445,0.89998925,0.50117457,0.89469093,0.9271917,0.93086207,0.90224445,0.937555,0.90224445,0.6175165,0.86162734,0.6175165,0.90404594,0.48303387,0.85684603,0.7070612,0.90224445,0.8832438,0.90631926,0.3983417,0.5605333,0.9999998,0.9331879,0.6281997,0.94247746,0.5672089,0.84876204,0.6432911,0.4716315,0.90224445,0.8522575,0.4060406,0.93363124,0.8097181,0.8917299,0.9274107,0.6082397,0.8469877,0.5175746,0.91555023,0.9286377,0.8957183,0.81474674,0.8830247,0.8977524,0.8662404,0.89118147,0.93043613,0.92371273,0.8816275,0.8910523,0.8855365,0.8963211,0.92610353,0.94869614,0.9327039,0.92551935,0.7928895,0.8868947,0.90404594,0.4716315,0.41833448,0.922314,0.9284308,0.8751435,0.89469093,0.85521346,0.8751435,0.5175746,0.9340486,0.92810935,0.4716315,0.8663658
0.96588916,0.9194348,0.90239346,0.9492896,0.51661587,0.8931809,0.94269943,0.91188806,0.6166189,0.91756296,0.9579454,0.468579,0.92348504,0.92854613,0.9870715,0.91756296,0.95684636,0.91756296,0.65666074,0.9165411,0.65666074,0.9456523,0.4753704,0.8107265,0.7477977,0.91756296,0.9563987,0.91868305,0.37950242,0.59552217,0.9331879,1.0000001,0.68181175,0.9648841,0.5711866,0.8601339,0.64446187,0.4447006,0.91756296,0.86265016,0.38171503,0.95698565,0.80652416,0.9267255,0.93496877,0.6476823,0.8588674,0.51209664,0.949942,0.9448942,0.92993,0.7878175,0.9065164,0.96499884,0.90120554,0.9271363,0.9862174,0.94142663,0.90270066,0.9191073,0.9548372,0.91537696,0.9967428,0.98723173,0.9445705,0.85858613,0.77819586,0.9509435,0.9456523,0.4447006,0.40317777,0.8488607,0.9825288,0.8180165,0.92348504,0.90156275,0.8180165,0.51209664,0.9598388,0.9812339,0.4447006,0.92272836
0.6892684,0.61684066,0.6183653,0.67779136,0.8051445,0.6170275,0.67919266,0.60088336,0.83596647,0.59969926,0.7066148,0.6859462,0.6128818,0.6420008,0.69661117,0.59969926,0.6803087,0.59969926,0.9093163,0.699745,0.9093163,0.6979538,0.7378416,0.56128097,0.7246475,0.59969926,0.6844046,0.60230064,0.56673026,0.8719491,0.6281997,0.68181175,0.99999994,0.68189764,0.8763392,0.6175935,0.4699431,0.63325506,0.59969926,0.6157264,0.57906497,0.6589714,0.52834916,0.6016723,0.62725484,0.91257334,0.6540793,0.7995671,0.7079853,0.69248044,0.6447183,0.5715255,0.62199694,0.69825625,0.6048025,0.6243758,0.69586444,0.64396906,0.62658364,0.60276073,0.7033414,0.7305313,0.68230826,0.6845936,0.6798018,0.5487104,0.5215137,0.6979425,0.6979538,0.63325506,0.6044111,0.5570974,0.7020993,0.56127846,0.6128818,0.61144584,0.56127846,0.7995671,0.686287,0.70271003,0.63325506,0.71484005
0.93804204,0.9068754,0.87640995,0.92001265,0.5325788,0.877113,0.89991206,0.8772789,0.63253164,0.9048749,0.94487214,0.5074045,0.9057232,0.9195131,0.9714384,0.9048749,0.980503,0.9048749,0.66605353,0.9078989,0.66605353,0.9615804,0.5078313,0.8252593,0.7314638,0.9048749,0.9240233,0.907451,0.4142031,0.59569895,0.94247746,0.9648841,0.68189764,1.0000001,0.59270525,0.857336,0.63190836,0.47675523,0.9048749,0.84657997,0.4174599,0.94303083,0.8133995,0.8962582,0.93436956,0.6556417,0.8652134,0.5492996,0.96302813,0.96388626,0.904443,0.80040514,0.8891576,0.9337933,0.8804564,0.9081167,0.973701,0.93319935,0.88906145,0.9015672,0.92753434,0.9237371,0.9608952,0.9795364,0.9848143,0.873717,0.77761257,0.9290251,0.9615804,0.47675523,0.43449587,0.8727038,0.97293395,0.84442943,0.9057232,0.8770819,0.84442943,0.5492996,0.9824572,0.97488385,0.47675523,0.9195918
0.56990033,0.5378364,0.5214433,0.5467236,0.90617156,0.5173339,0.5457697,0.5085725,0.83985144,0.52402604,0.57576257,0.85195374,0.52413404,0.5360476,0.58384717,0.52402604,0.59697425,0.52402604,0.8758817,0.5683683,0.8758817,0.5866342,0.8602736,0.5165316,0.58467543,0.52402604,0.5525911,0.53037745,0.70704985,0.9069541,0.5672089,0.5711866,0.8763392,0.59270525,1.0000001,0.55003804,0.39315525,0.7940012,0.52402604,0.5150659,0.7486173,0.5699111,0.46516266,0.51115596,0.556018,0.9061247,0.5659425,0.913748,0.5967617,0.60844254,0.53484786,0.507146,0.52044785,0.5726967,0.50793576,0.531852,0.5814393,0.5599742,0.5337074,0.5170604,0.57494867,0.6339129,0.567632,0.5911522,0.61165047,0.5305022,0.45712397,0.5691816,0.5866342,0.7940012,0.77153444,0.54240453,0.5854121,0.5388767,0.52413404,0.50436974,0.5388767,0.913748,0.5981872,0.5947559,0.7940012,0.57372373
0.83298165,0.85525256,0.78742975,0.8177136,0.5077496,0.78855,0.86784506,0.86344963,0.569033,0.81838226,0.8479912,0.45706934,0.81452346,0.841691,0.8603835,0.81838226,0.85237396,0.81838226,0.5999837,0.81700623,0.5999837,0.8468623,0.47273692,0.7438749,0.6571187,0.81838226,0.82116383,0.8173412,0.39150518,0.5743806,0.84876204,0.8601339,0.6175935,0.857336,0.55003804,1.0000002,0.55599123,0.42482448,0.81838226,0.77482474,0.3864334,0.882889,0.7416872,0.8118969,0.8889194,0.5888809,0.9076886,0.49987358,0.85631806,0.86454177,0.83196235,0.74138933,0.8064827,0.83541644,0.7934216,0.87930006,0.86050236,0.8457042,0.80183816,0.81744766,0.84558177,0.85431546,0.86012244,0.86043143,0.84492356,0.7765635,0.69228464,0.8246118,0.8468623,0.42482448,0.40009856,0.78586066,0.8611861,0.7734436,0.81452346,0.7913039,0.7734436,0.49987358,0.856194,0.8540417,0.42482448,0.8256997
0.7042005,0.6544391,0.8012084,0.73644674,0.37010944,0.79319185,0.61155295,0.585937,0.4346981,0.71743256,0.67090446,0.44461378,0.7378013,0.7380493,0.6417595,0.71743256,0.65089154,0.71743256,0.44409162,0.6992066,0.44409162,0.6428882,0.39986777,0.7495135,0.7791555,0.71743256,0.72153926,0.7114293,0.42565322,0.38012493,0.6432911,0.64446187,0.4699431,0.63190836,0.39315525,0.55599123,1.0000001,0.46606597,0.71743256,0.83326936,0.37836742,0.62146944,0.7904484,0.73413825,0.6083207,0.43898928,0.544221,0.39091986,0.65645933,0.6767306,0.7467598,0.8293427,0.78815734,0.68970585,0.7590995,0.5936399,0.65291846,0.6684234,0.7890843,0.7155806,0.6183363,0.5886848,0.6393894,0.6497383,0.5974764,0.7164629,0.8270385,0.7045889,0.6428882,0.46606597,0.41077742,0.69466937,0.65102315,0.666389,0.7378013,0.7516695,0.666389,0.39091986,0.64871323,0.6567669,0.46606597,0.6502196
0.45827883,0.43373996,0.46744543,0.44659984,0.8011526,0.46028873,0.41064763,0.38340774,0.64556026,0.4567407,0.4498191,0.9166825,0.45673183,0.46005666,0.4511662,0.4567407,0.48265487,0.4567407,0.6509557,0.44814515,0.6509557,0.45924157,0.819699,0.51492435,0.5287007,0.4567407,0.44441506,0.45977643,0.8302516,0.6698624,0.4716315,0.4447006,0.63325506,0.47675523,0.7940012,0.42482448,0.46606597,0.99999964,0.4567407,0.46904674,0.875139,0.44773406,0.47985482,0.44656926,0.4471777,0.69074136,0.42136353,0.81996906,0.47029173,0.4963808,0.45140854,0.5287022,0.46250436,0.45187145,0.45208997,0.4076808,0.4545552,0.4588909,0.47330755,0.44559464,0.42653888,0.47533262,0.43513727,0.47273967,0.48646727,0.507519,0.46336356,0.4566753,0.45924157,0.99999964,0.90972257,0.51471937,0.4558823,0.5029067,0.45673183,0.44199577,0.5029067,0.81996906,0.47986215,0.46582338,0.99999964,0.43610418
0.89631104,0.96492696,0.9372388,0.9009991,0.45091343,0.9282522,0.8893708,0.90014255,0.5932015,1.0000002,0.8929833,0.48582602,0.9959607,0.94242465,0.90282005,1.0000002,0.9208592,1.0000002,0.5927524,0.8628961,0.5927524,0.8689317,0.43913627,0.8560754,0.74275255,1.0000002,0.89639735,0.999005,0.40104988,0.5132781,0.90224445,0.91756296,0.59969926,0.9048749,0.52402604,0.81838226,0.71743256,0.4567407,1.0000002,0.9130922,0.3787838,0.9395006,0.83563805,0.9887934,0.93253434,0.58443516,0.8100606,0.4776291,0.90348506,0.92616236,0.9643229,0.8394517,0.95285994,0.8835064,0.98068124,0.9164788,0.9132117,0.96301174,0.95130724,0.9950174,0.8970101,0.84124017,0.91215384,0.91631836,0.8709985,0.90515435,0.8465565,0.8786439,0.8689317,0.4567407,0.4077397,0.8910158,0.9041496,0.87574613,0.9959607,0.97089005,0.87574613,0.4776291,0.91710395,0.91207814,0.4567407,0.83636814
0.9031818,0.8614129,0.9602216,0.9200176,0.47063297,0.96579343,0.83046377,0.79712856,0.5561762,0.9130922,0.8819518,0.47439477,0.9229282,0.9339839,0.8622562,0.9130922,0.86950755,0.9130922,0.5851614,0.90205395,0.5851614,0.8595487,0.4672724,0.8798045,0.79724526,0.9130922,0.9127878,0.90892076,0.42209503,0.5135176,0.8522575,0.86265016,0.6157264,0.84657997,0.5150659,0.77482474,0.83326936,0.46904674,0.9130922,0.99999994,0.38377193,0.84287596,0.88043094,0.9132542,0.8311167,0.5726457,0.7561991,0.48484132,0.8806039,0.90039206,0.9538661,0.91020083,0.96896785,0.8956419,0.91934663,0.81449544,0.8727621,0.87610036,0.96918535,0.90863836,0.8373672,0.8116373,0.858287,0.8659346,0.812481,0.86538905,0.89361495,0.9038273,0.8595487,0.46904674,0.4081375,0.8494829,0.8720851,0.8177673,0.9229282,0.90487456,0.8177673,0.48484132,0.8702829,0.8736694,0.46904674,0.86134547
0.39416426,0.36407557,0.38006076,0.37700242,0.759169,0.38025117,0.35446364,0.31859726,0.638499,0.3787838,0.38653257,0.8966698,0.37819287,0.39023912,0.3921702,0.3787838,0.4170013,0.3787838,0.60851663,0.38421968,0.60851663,0.4083481,0.83066547,0.45150498,0.46221572,0.3787838,0.378074,0.3823616,0.89719737,0.6183463,0.4060406,0.38171503,0.57906497,0.4174599,0.7486173,0.3864334,0.37836742,0.875139,0.3787838,0.38377193,1.0,0.38678086,0.40905637,0.36020952,0.38581732,0.6641125,0.36074865,0.8117439,0.4090792,0.4334777,0.37618607,0.46133906,0.38029855,0.39256603,0.37234816,0.34685552,0.39348593,0.3869827,0.39273596,0.3671999,0.3611189,0.4143899,0.37450713,0.4144534,0.4329347,0.43685418,0.3874881,0.3962602,0.4083481,0.875139,0.96490395,0.45250288,0.39835107,0.4248441,0.37819287,0.36167896,0.4248441,0.8117439,0.41804773,0.40713263,0.875139,0.3813875
0.9077625,0.9539941,0.87689066,0.8956478,0.50899255,0.87051463,0.9441515,0.9529089,0.626209,0.9395006,0.9180098,0.47527072,0.934208,0.9221062,0.94193697,0.9395006,0.9364977,0.9395006,0.6513412,0.8693613,0.6513412,0.90370977,0.4769922,0.7924274,0.7131003,0.9395006,0.900421,0.9416214,0.39071602,0.59555113,0.93363124,0.95698565,0.6589714,0.94303083,0.5699111,0.882889,0.62146944,0.44773406,0.9395006,0.84287596,0.38678086,1.0,0.7796948,0.9325413,0.98060167,0.6373348,0.8861021,0.51230866,0.925201,0.9296323,0.9287654,0.7728317,0.8915003,0.903625,0.9068651,0.9733232,0.94588757,0.950141,0.88548887,0.9379434,0.9551293,0.9057946,0.9542612,0.94932055,0.9156015,0.8566134,0.7564344,0.8913971,0.90370977,0.44773406,0.40930507,0.8464352,0.94008,0.8286152,0.934208,0.9041566,0.8286152,0.51230866,0.9354665,0.93741,0.44773406,0.8768356
0.8564864,0.7929543,0.90238905,0.86889076,0.44651747,0.9114813,0.7492161,0.728435,0.48616022,0.83563805,0.8228537,0.474083,0.84823525,0.8763249,0.80811524,0.83563805,0.8344611,0.83563805,0.49824157,0.8485846,0.49824157,0.83789563,0.45777345,0.91802007,0.74796563,0.83563805,0.8579931,0.82914716,0.42713666,0.4398035,0.8097181,0.80652416,0.52834916,0.8133995,0.46516266,0.7416872,0.7904484,0.47985482,0.83563805,0.88043094,0.40905637,0.7796948,1.0,0.8405361,0.7784038,0.4960408,0.7467958,0.46584272,0.82759655,0.8321866,0.83560777,0.90227747,0.9000227,0.8501506,0.85160774,0.7526883,0.81908524,0.8086778,0.89586765,0.8308135,0.75514203,0.7696827,0.7998769,0.8194589,0.7956481,0.8578556,0.8994194,0.858222,0.83789563,0.47985482,0.42118692,0.85799646,0.8213322,0.8239348,0.84823525,0.8414624,0.8239348,0.46584272,0.8332631,0.8219663,0.47985482,0.81065273
0.90894663,0.957439,0.9530139,0.916499,0.44270557,0.93364406,0.899625,0.90665436,0.586867,0.9887934,0.8978065,0.4694072,0.9937515,0.9393845,0.9035982,0.9887934,0.91141206,0.9887934,0.58818364,0.8709617,0.58818364,0.8673495,0.42156067,0.8457596,0.7699659,0.9887934,0.91193116,0.98618925,0.38203043,0.50818825,0.8917299,0.9267255,0.6016723,0.8962582,0.51115596,0.8118969,0.73413825,0.44656926,0.9887934,0.9132542,0.36020952,0.9325413,0.8405361,0.9999999,0.9204806,0.5790737,0.8090242,0.45959663,0.8991245,0.9159215,0.9617685,0.82912356,0.95832574,0.8943168,0.98713934,0.9121722,0.9140634,0.954924,0.95505315,0.98974115,0.9035385,0.8393583,0.921143,0.9163978,0.86131847,0.89050096,0.8440706,0.8886104,0.8673495,0.44656926,0.39241666,0.87333935,0.9053112,0.856086,0.9937515,0.9834143,0.856086,0.45959663,0.9082135,0.912381,0.44656926,0.84587866
0.88207877,0.9565971,0.8575546,0.8709811,0.49814102,0.8503507,0.92177963,0.9532263,0.6125128,0.93253434,0.89203686,0.47217345,0.92467225,0.912143,0.9185882,0.93253434,0.9225849,0.93253434,0.6282451,0.84479654,0.6282451,0.8831873,0.46842098,0.79233015,0.6936326,0.93253434,0.8725022,0.9348533,0.39029002,0.5741906,0.9274107,0.93496877,0.62725484,0.93436956,0.556018,0.8889194,0.6083207,0.4471777,0.93253434,0.8311167,0.38581732,0.98060167,0.7784038,0.9204806,1.0000001,0.6168424,0.8932712,0.5020079,0.9052844,0.9213808,0.915367,0.76872593,0.8777798,0.8747192,0.90067565,0.98164475,0.92348796,0.9453486,0.873839,0.93119067,0.93031573,0.8872616,0.92960453,0.9331672,0.90804845,0.85800517,0.74546564,0.8625641,0.8831873,0.4471777,0.4047963,0.8473642,0.91630363,0.8262789,0.92467225,0.8971313,0.8262789,0.5020079,0.92273307,0.9166293,0.4471777,0.8467448
0.6417129,0.5979968,0.57824886,0.62176245,0.84819686,0.57471365,0.62414634,0.5812596,0.9334507,0.58443516,0.64644134,0.77189416,0.59075534,0.60056806,0.6600462,0.58443516,0.656899,0.58443516,0.96979797,0.6388017,0.96979797,0.6592527,0.7731643,0.5389986,0.6661972,0.58443516,0.6322034,0.5898905,0.63121974,0.8906614,0.6082397,0.6476823,0.91257334,0.6556417,0.9061247,0.5888809,0.43898928,0.69074136,0.58443516,0.5726457,0.6641125,0.6373348,0.4960408,0.5790737,0.6168424,1.0000001,0.6133883,0.8235173,0.6568152,0.66531813,0.606232,0.5316241,0.58282685,0.64801794,0.5743153,0.6025177,0.65800714,0.6234836,0.58989096,0.5820299,0.6598892,0.68170536,0.6464641,0.6562803,0.6588104,0.548611,0.49666193,0.6462965,0.6592527,0.69074136,0.69131285,0.5556315,0.66135156,0.5493163,0.59075534,0.5777588,0.5493163,0.8235173,0.66005635,0.66587347,0.69074136,0.6481666
