0,1,2,3,4,5,6,7,8,9,10,11,12,13,14,15,16,17,18,19,20,21,22,23,24,25,26,27,28,29,30,31,32,33,34,35,36,37,38,39,40,41,42,43,44,45,46,47,48,49,50,51,52,53,54,55,56,57,58,59,60,61,62,63,64,65,66,67,68,69,70,71,72,73,74,75,76,77,78,79,80,81
0.0,8.923537,6.3484306,2.6189184,19.601921,6.528653,8.003239,10.144299,17.410381,8.438514,5.1152387,20.155647,7.799111,6.507289,4.7500267,8.438514,6.6404886,8.438514,16.41698,5.396625,16.41698,4.9011054,20.131098,10.049814,11.990413,8.438514,2.151405,8.471171,22.207663,18.076952,8.233212,4.8814173,15.607552,6.5562024,18.32333,10.945877,14.823484,20.870197,8.438514,8.258273,22.36738,8.0870285,10.052285,7.9010787,9.1067,16.775074,10.984622,19.55975,6.1113105,6.8899827,7.3320236,10.76934,6.3691916,2.2177517,8.312364,9.717289,4.577772,7.5994344,6.418424,8.2823305,7.4635305,8.410442,5.0030313,4.7482834,7.4214325,9.760247,10.739064,2.4493358,4.9011054,20.870197,22.040648,10.162506,4.612423,11.072881,7.799111,8.412468,11.072881,19.55975,6.224507,4.2643924,20.870197,5.718889
8.923537,0.0,8.767858,9.094347,20.743494,9.301393,7.7485332,6.6722593,17.267164,4.909723,8.751197,20.516693,5.192218,7.300867,8.17865,4.909723,8.055983,4.909723,17.336716,10.244472,17.336716,9.735264,21.110811,11.530391,13.921377,4.909723,9.206516,4.897598,22.523693,18.727268,8.382138,7.4999824,17.303715,8.039305,18.988447,10.194681,16.01647,21.333738,4.909723,9.8797,22.909084,5.7208886,12.074334,5.4041624,5.531855,17.755442,10.450211,20.399708,8.371349,7.583962,6.6897025,12.158343,7.901156,9.428485,6.0643992,5.960434,7.901965,5.0893836,7.9003677,4.584595,7.5691304,10.004952,7.6821375,7.6448774,9.372219,9.692743,12.224684,9.792992,9.735264,21.333738,22.463108,10.071956,8.374312,10.59536,5.192218,6.243093,10.59536,20.399708,7.984304,7.8287907,21.333738,10.735025
6.3484306,8.767858,0.0,5.39766,20.646557,3.192868,9.9869795,10.985077,18.129004,6.542121,8.180101,20.06672,5.7369494,6.220041,8.714024,6.542121,8.358498,6.542121,17.732878,7.846051,17.732878,8.877619,20.805918,8.765739,11.515754,6.542121,5.932396,6.7990065,22.184448,19.482431,9.371299,8.228499,17.224371,9.229355,19.26329,12.308807,12.146303,20.642675,6.542121,5.2919416,22.562834,9.314102,8.270444,5.6553574,9.978305,18.130743,12.350572,20.268135,8.365265,8.251562,6.258204,9.229762,3.2543242,7.0757256,5.935576,10.769972,8.255397,7.957938,3.278078,6.5367293,9.816921,10.698909,8.500713,8.211423,10.15819,8.592369,8.273453,6.9041653,8.877619,20.642675,22.097818,9.250711,8.364729,10.050404,5.7369494,6.4222736,10.050404,20.268135,8.405629,8.034014,20.642675,9.286411
2.6189184,9.094347,5.39766,0.0,20.179356,5.5697603,8.314233,10.502072,17.814377,8.291487,5.372885,20.520357,7.510219,6.2333055,5.9738965,8.291487,7.309564,8.291487,16.879791,5.2582374,16.879791,5.94024,20.625116,9.9189825,11.639183,8.291487,1.6261109,8.421709,22.53112,18.559551,8.902326,5.977057,15.942694,7.486767,18.877256,11.48177,14.052859,21.17186,8.291487,7.538881,22.762236,8.635794,9.652049,7.610093,9.568507,17.290682,11.391473,20.12101,6.471043,7.5323596,6.993688,10.504962,5.6366267,3.4663308,7.79478,10.059216,5.525809,7.875674,5.8549566,8.044236,7.931448,9.222607,6.0635157,6.04585,8.598833,9.868067,10.230223,2.9164739,5.94024,21.17186,22.387241,10.390676,5.5488014,11.322345,7.510219,7.9383426,11.322345,20.12101,6.923178,5.532363,21.17186,5.9933505
19.601921,20.743494,20.646557,20.179356,0.0,20.806128,20.518986,21.255907,14.2893505,21.059273,19.72096,12.693623,20.974901,20.478584,19.60358,21.059273,19.498583,21.059273,12.944539,19.658642,12.944539,19.432747,12.373669,20.736969,19.156422,21.059273,20.003847,20.950748,16.564575,11.8943205,20.160988,19.895786,13.168285,19.532082,9.154546,20.261957,23.198393,13.46554,21.059273,20.869226,14.993432,20.150179,21.333776,21.198973,20.319292,11.6430435,20.0842,10.282317,19.442245,19.189034,20.83652,20.886667,20.81503,19.5201,21.171314,20.947397,19.66301,20.108702,20.528158,21.161415,19.878376,18.686367,20.023441,19.39877,19.15173,20.826447,21.833607,19.59432,19.432747,13.46554,14.6801815,20.618477,19.620476,20.851316,20.974901,21.208242,20.851316,10.282317,19.446114,19.278605,13.46554,19.691141
6.528653,9.301393,3.192868,5.5697603,20.806128,0.0,10.477364,11.791286,18.469858,7.0472937,8.124174,20.266806,6.4338827,5.944477,8.731849,7.0472937,8.237172,7.0472937,17.940361,7.232351,17.940361,8.250157,20.874788,8.053861,11.801631,7.0472937,6.084055,7.290662,22.346083,19.681246,9.302933,8.661847,17.340921,9.264905,19.44964,12.348189,12.444781,20.88758,7.0472937,4.9263744,22.677433,9.60589,7.920683,6.772698,10.290208,18.299557,12.481931,20.394125,8.250528,8.304728,6.6574297,8.731988,2.8211656,6.971951,6.6549253,11.140124,8.220798,8.48186,3.4805052,7.214139,10.35019,10.640364,8.885473,8.422087,10.124396,8.802634,7.6907225,6.455138,8.250157,20.88758,22.306198,9.291661,8.242857,9.89094,6.4338827,7.272252,9.89094,20.394125,8.304242,8.170387,20.88758,8.717207
8.003239,7.7485332,9.9869795,8.314233,20.518986,10.477364,0.0,7.375604,17.579494,8.904861,6.577426,21.613924,8.441843,8.191027,6.8412695,8.904861,8.640698,8.904861,16.760754,8.758835,16.760754,8.89676,21.319193,13.838472,13.854795,8.904861,8.1052475,9.028035,23.235458,17.849808,9.68704,6.4524317,16.05789,8.50096,19.092648,9.892927,17.237982,22.065348,8.904861,11.118449,23.397518,6.399424,13.521711,8.480837,7.5526495,17.405285,9.290942,20.711975,7.3543944,8.43823,7.5630345,13.54915,9.458932,7.9898987,9.224929,6.736637,6.7942133,7.5214343,9.669792,8.41394,4.556615,8.549774,6.333297,7.487714,9.773368,12.563374,14.278303,8.468137,8.89676,22.065348,22.972942,12.898791,6.9436145,12.889419,8.441843,8.977713,12.889419,20.711975,8.2938385,7.072885,22.065348,8.262927
10.144299,6.6722593,10.985077,10.502072,21.255907,11.791286,7.375604,0.0,18.168064,8.456188,9.9405775,21.978142,8.512098,9.602345,9.156922,8.456188,10.101896,8.456188,17.833525,11.594314,17.833525,10.930227,22.204031,14.110484,15.377474,8.456188,10.333649,8.439247,23.757296,18.895449,9.9220915,7.987292,17.88716,9.4018135,19.843948,10.049789,17.78629,22.553429,8.456188,12.153424,24.018976,5.872434,14.061143,8.173799,5.839404,18.354797,10.072488,21.598307,10.138084,9.783572,8.7832775,14.461025,10.544108,10.524261,9.265854,4.5773225,9.0814705,7.761525,10.722969,8.053865,6.9791493,10.856673,8.046913,8.917231,10.822327,12.222554,14.700523,11.08929,10.930227,22.553429,23.508028,12.746866,9.516938,13.367515,8.512098,9.060688,13.367515,21.598307,9.991606,9.420651,22.553429,11.544649
17.410381,17.267164,18.129004,17.814377,14.2893505,18.469858,17.579494,18.168064,0.0,17.599134,17.413645,15.1945305,17.488533,17.851185,17.100046,17.599134,16.649166,17.599134,7.575773,17.712692,7.575773,17.161285,15.655554,19.121077,16.568918,17.599134,17.72285,17.463364,18.796427,11.687396,17.752466,17.193663,11.766447,16.80054,11.6312275,18.409601,21.382145,17.549583,17.599134,18.551117,17.959335,17.070713,19.953861,17.721869,17.3336,7.515325,17.773155,14.694268,16.894436,16.239887,17.808134,19.184002,18.173092,17.47804,17.760485,18.031265,17.087572,16.725447,17.902496,17.693747,17.005766,16.58629,17.310167,16.85198,16.654678,18.465925,19.863089,17.591764,17.161285,17.549583,17.056036,18.433006,17.083067,18.44223,17.488533,17.67588,18.44223,14.694268,16.63843,16.663105,17.549583,17.735113
8.438514,4.909723,6.542121,8.291487,21.059273,7.0472937,8.904861,8.456188,17.599134,0.0,8.653723,20.061905,1.6596144,6.3226805,8.22447,0.0,7.359481,0.0,17.683323,9.837964,17.683323,9.5667925,21.189264,9.950635,13.381588,0.0,8.5151005,0.8244469,22.291563,19.497215,8.186329,7.5687027,17.645061,8.104292,19.225315,11.38947,14.462601,20.859396,0.0,7.8098855,22.60081,6.545389,10.732979,2.7646635,6.8791943,18.011332,11.596215,20.47693,8.172077,7.0881724,5.0390563,10.570235,5.6907716,8.993848,3.6246552,7.8179827,7.7759147,4.989309,5.7511826,1.8463598,8.5850315,10.509996,7.854538,7.5473213,9.370612,7.982149,10.268355,9.208201,9.5667925,20.859396,22.096052,8.556068,8.192203,9.083658,1.6596144,4.4501176,9.083658,20.47693,7.537999,7.7331176,20.859396,10.806431
5.1152387,8.751197,8.180101,5.372885,19.72096,8.124174,6.577426,9.9405775,17.413645,8.653723,0.0,20.473558,8.067273,6.724714,3.9478745,8.653723,5.9407263,8.653723,16.158375,4.8784275,16.158375,5.7162776,20.360317,11.318285,12.699655,8.653723,5.21357,8.784781,22.649092,17.665274,8.37775,5.4623795,15.258262,6.239371,18.316212,10.516512,15.737687,21.165562,8.653723,9.187118,22.647821,7.677824,11.254983,8.450986,8.781023,16.765087,10.335783,19.788963,3.2901561,6.367625,6.9919176,11.381131,7.6522303,4.7582927,8.756849,8.997339,3.6226997,7.717833,7.7878556,8.374401,6.130694,7.808152,5.1758614,5.3167214,7.6450844,10.809411,12.076881,4.6919026,5.7162776,21.165562,22.274624,11.039451,3.5241919,11.650489,8.067273,8.842424,11.650489,19.788963,5.381155,3.9143958,21.165562,4.5519414
20.155647,20.516693,20.06672,20.520357,12.693623,20.266806,21.613924,21.978142,15.1945305,20.061905,20.473558,0.0,20.110785,20.387632,20.335943,20.061905,19.498997,20.061905,15.275994,20.591738,15.275994,20.145807,11.778765,19.111597,18.753998,20.061905,20.602316,19.958488,12.410056,15.714853,19.790281,20.516209,16.478392,19.718466,11.318567,20.946457,21.4772,8.6128235,20.061905,20.47214,9.7332735,20.499388,20.479317,20.361082,20.50575,14.066758,21.173117,11.015404,19.90175,19.264795,20.692171,19.466667,20.269934,20.35049,20.247807,21.574291,20.280521,19.891663,19.923,20.351671,21.198725,20.044533,20.734653,19.683111,19.396103,18.802626,20.299435,20.31841,20.145807,8.6128235,8.21694,18.531023,20.286516,18.95843,20.110785,20.488956,18.95843,11.015404,19.594398,19.826952,8.6128235,20.889978
7.799111,5.192218,5.7369494,7.510219,20.974901,6.4338827,8.441843,8.512098,17.488533,1.6596144,8.067273,20.110785,0.0,5.9787955,7.941251,1.6596144,7.298895,1.6596144,17.502064,9.152963,17.502064,9.193709,21.173975,9.877345,12.596296,1.6596144,7.7615533,2.1113021,22.285267,19.374163,8.484404,7.2835846,17.338144,8.057349,19.20099,11.495723,13.921059,20.836056,1.6596144,7.3486624,22.585957,6.818194,10.30116,2.0612047,7.2600355,17.856676,11.458636,20.46841,7.795111,6.95921,4.5985947,10.335959,4.8704495,8.4221525,2.479576,7.986292,7.456954,5.053884,4.9871655,1.6901773,8.186598,10.26846,7.5685697,7.3620706,9.352891,8.298106,9.937079,8.558928,9.193709,20.836056,22.075117,8.897468,7.82957,9.356145,0.0,3.185081,9.356145,20.46841,7.4072804,7.3475237,20.836056,10.160755
6.507289,7.300867,6.220041,6.2333055,20.478584,5.944477,8.191027,9.602345,17.851185,6.3226805,6.724714,20.387632,5.9787955,0.0,7.128106,6.3226805,7.023957,6.3226805,17.407473,6.7713637,17.407473,7.1676435,20.81308,8.88726,12.320946,6.3226805,6.5310097,6.4471536,22.29383,19.13203,7.118767,7.0922837,16.787632,7.507031,19.090088,10.697909,14.006066,20.910309,6.3226805,6.8471446,22.516777,7.4598956,9.371129,6.4828024,7.893587,17.757,10.707839,20.239374,6.5668025,6.6573696,5.8706536,9.443253,5.167476,6.6586947,6.6389894,8.697679,6.7304287,6.552841,5.435796,6.4155335,8.262516,9.373897,7.361314,6.9564643,8.785634,8.517177,9.745921,6.681838,7.1676435,20.910309,22.164213,8.781773,6.834372,9.750018,5.9787955,7.06094,9.750018,20.239374,6.8906727,6.7626414,20.910309,7.6979656
4.7500267,8.17865,8.714024,5.9738965,19.60358,8.731849,6.8412695,9.156922,17.100046,8.22447,3.9478745,20.335943,7.941251,7.128106,0.0,8.22447,4.577338,8.22447,16.001429,6.7383575,16.001429,5.0320992,20.26616,11.386995,13.34802,8.22447,5.5072827,8.210838,22.636652,17.664145,6.948434,3.0211153,15.487695,4.4798408,18.110142,10.059341,16.384811,21.101778,8.22447,9.901726,22.505291,6.449033,11.687365,8.185544,7.608251,16.416288,10.126854,19.561958,4.4873405,5.6667542,7.422047,11.903613,8.270581,4.4518294,8.942176,8.111656,1.1882875,6.9765005,8.372043,8.196134,6.007094,7.312562,2.7216034,2.8238883,5.6690288,10.074765,12.462309,5.084217,5.0320992,21.101778,22.199913,10.30232,1.5652584,11.150308,7.941251,9.020132,11.150308,19.561958,4.211403,2.114415,21.101778,6.2624254
8.438514,4.909723,6.542121,8.291487,21.059273,7.0472937,8.904861,8.456188,17.599134,0.0,8.653723,20.061905,1.6596144,6.3226805,8.22447,0.0,7.359481,0.0,17.683323,9.837964,17.683323,9.5667925,21.189264,9.950635,13.381588,0.0,8.5151005,0.8244469,22.291563,19.497215,8.186329,7.5687027,17.645061,8.104292,19.225315,11.38947,14.462601,20.859396,0.0,7.8098855,22.60081,6.545389,10.732979,2.7646635,6.8791943,18.011332,11.596215,20.47693,8.172077,7.0881724,5.0390563,10.570235,5.6907716,8.993848,3.6246552,7.8179827,7.7759147,4.989309,5.7511826,1.8463598,8.5850315,10.509996,7.854538,7.5473213,9.370612,7.982149,10.268355,9.208201,9.5667925,20.859396,22.096052,8.556068,8.192203,9.083658,1.6596144,4.4501176,9.083658,20.47693,7.537999,7.7331176,20.859396,10.806431
6.6404886,8.055983,8.358498,7.309564,19.498583,8.237172,8.640698,10.101896,16.649166,7.359481,5.9407263,19.498997,7.298895,7.023957,4.577338,7.359481,0.0,7.359481,16.003908,7.4019647,16.003908,5.2697983,19.792786,10.148463,13.582834,7.359481,7.2072473,7.335927,22.13179,17.845474,6.5484405,5.4828844,15.809287,3.6745298,17.723745,10.280284,16.073103,20.378025,7.359481,9.57166,21.923674,6.7080355,10.779384,7.779565,7.371858,16.403385,10.029388,18.99769,4.0754232,4.128012,7.774227,10.90754,7.9067535,6.596856,8.402546,8.827376,4.1849723,6.846326,7.9139667,7.702756,7.894846,7.489028,5.710822,4.426855,4.354603,9.003843,11.574113,6.76566,5.2697983,20.378025,21.645279,8.933913,4.105409,9.387066,7.298895,8.675137,9.387066,18.99769,1.5132966,4.0611033,20.378025,7.495685
8.438514,4.909723,6.542121,8.291487,21.059273,7.0472937,8.904861,8.456188,17.599134,0.0,8.653723,20.061905,1.6596144,6.3226805,8.22447,0.0,7.359481,0.0,17.683323,9.837964,17.683323,9.5667925,21.189264,9.950635,13.381588,0.0,8.5151005,0.8244469,22.291563,19.497215,8.186329,7.5687027,17.645061,8.104292,19.225315,11.38947,14.462601,20.859396,0.0,7.8098855,22.60081,6.545389,10.732979,2.7646635,6.8791943,18.011332,11.596215,20.47693,8.172077,7.0881724,5.0390563,10.570235,5.6907716,8.993848,3.6246552,7.8179827,7.7759147,4.989309,5.7511826,1.8463598,8.5850315,10.509996,7.854538,7.5473213,9.370612,7.982149,10.268355,9.208201,9.5667925,20.859396,22.096052,8.556068,8.192203,9.083658,1.6596144,4.4501176,9.083658,20.47693,7.537999,7.7331176,20.859396,10.806431
16.41698,17.336716,17.732878,16.879791,12.944539,17.940361,16.760754,17.833525,7.575773,17.683323,16.158375,15.275994,17.502064,17.407473,16.001429,17.683323,16.003908,17.683323,0.0,16.47886,0.0,16.11643,15.064541,18.930109,15.964309,17.683323,16.704102,17.554626,19.45055,9.969221,17.166061,16.34815,8.777123,16.093254,10.271893,17.808258,21.27982,17.468266,17.683323,18.01119,18.738167,16.558067,19.79645,17.768982,17.05045,5.079808,16.984638,13.549976,15.845261,15.721513,17.244688,19.02875,17.746534,16.347925,17.868332,17.537498,16.038986,16.686123,17.531063,17.735342,15.961904,15.4092455,16.389553,16.002449,15.97213,18.505157,19.621288,16.378021,16.11643,17.468266,18.046993,18.430368,15.98698,18.350147,17.502064,17.778046,18.350147,13.549976,15.940395,15.724774,17.468266,16.24072
5.396625,10.244472,7.846051,5.2582374,19.658642,7.232351,8.758835,11.594314,17.712692,9.837964,4.8784275,20.591738,9.152963,6.7713637,6.7383575,9.837964,7.4019647,9.837964,16.47886,0.0,16.47886,5.4085464,20.41491,10.277663,12.379457,9.837964,5.2138395,9.966349,22.69738,17.94256,9.896737,7.727848,15.476132,8.099477,18.530943,11.579088,15.098243,21.262945,9.837964,8.401761,22.7587,9.727864,10.446646,9.538591,10.570214,16.992548,11.641307,19.868032,5.348025,7.60698,8.233872,10.67347,7.1303844,5.039951,9.510988,10.895229,6.417668,9.139724,7.276788,9.6678095,8.459267,8.772117,7.729401,7.495117,8.996891,11.528457,10.915116,4.1545663,5.4085464,21.262945,22.475367,11.579658,6.1517386,11.834099,9.152963,9.623276,11.834099,19.868032,6.949618,6.3188515,21.262945,3.3949542
16.41698,17.336716,17.732878,16.879791,12.944539,17.940361,16.760754,17.833525,7.575773,17.683323,16.158375,15.275994,17.502064,17.407473,16.001429,17.683323,16.003908,17.683323,0.0,16.47886,0.0,16.11643,15.064541,18.930109,15.964309,17.683323,16.704102,17.554626,19.45055,9.969221,17.166061,16.34815,8.777123,16.093254,10.271893,17.808258,21.27982,17.468266,17.683323,18.01119,18.738167,16.558067,19.79645,17.768982,17.05045,5.079808,16.984638,13.549976,15.845261,15.721513,17.244688,19.02875,17.746534,16.347925,17.868332,17.537498,16.038986,16.686123,17.531063,17.735342,15.961904,15.4092455,16.389553,16.002449,15.97213,18.505157,19.621288,16.378021,16.11643,17.468266,18.046993,18.430368,15.98698,18.350147,17.502064,17.778046,18.350147,13.549976,15.940395,15.724774,17.468266,16.24072
4.9011054,9.735264,8.877619,5.94024,19.432747,8.250157,8.89676,10.930227,17.161285,9.5667925,5.7162776,20.145807,9.193709,7.1676435,5.0320992,9.5667925,5.2697983,9.5667925,16.11643,5.4085464,16.11643,0.0,19.917324,10.360205,13.205379,9.5667925,5.6419215,9.539957,22.318787,17.84545,8.199219,6.2042522,15.470738,5.205181,18.072042,10.548627,16.381126,20.973795,9.5667925,10.013775,22.235645,8.314662,10.758754,9.617001,9.127177,16.45371,10.424759,19.300293,5.2334404,6.3880286,9.051737,11.375488,8.181665,4.796722,9.9112015,9.982546,4.7980537,8.406373,8.350126,9.662409,8.264382,7.685485,6.3028812,5.39707,5.6672707,10.700903,11.659642,4.4140496,0.0,20.973795,22.061766,10.584788,4.4972615,10.890035,9.193709,9.961838,10.890035,19.300293,4.849068,4.6733594,20.973795,4.69053
20.131098,21.110811,20.805918,20.625116,12.373669,20.874788,21.319193,22.204031,15.655554,21.189264,20.360317,11.778765,21.173975,20.81308,20.26616,21.189264,19.792786,21.189264,15.064541,20.41491,15.064541,19.917324,0.0,20.509188,19.545406,21.189264,20.577566,21.087793,13.51214,14.563358,20.383772,20.625647,15.210521,19.946419,11.114816,20.87719,22.560396,12.778042,21.189264,20.847683,12.536146,20.701693,21.03153,21.49834,20.816523,14.171276,20.88342,8.085299,19.890358,19.529444,21.07643,20.257935,20.914501,20.139484,21.42486,21.742071,20.260841,20.68303,20.601593,21.40099,20.994259,19.211523,20.760195,19.952393,19.457287,20.504457,21.506023,20.151766,19.917324,12.778042,12.830314,20.355762,20.184906,20.19341,21.173975,21.552998,20.19341,8.085299,19.77307,19.875114,12.778042,20.43282
10.049814,11.530391,8.765739,9.9189825,20.736969,8.053861,13.838472,14.110484,19.121077,9.950635,11.318285,19.111597,9.877345,8.88726,11.386995,9.950635,10.148463,9.950635,18.930109,10.277663,18.930109,10.360205,20.509188,0.0,14.084935,9.950635,10.431516,9.948225,21.3723,20.43966,9.940324,11.500454,18.507013,11.018931,19.425282,13.556406,13.658749,19.780666,9.950635,9.206611,21.318512,12.1306095,7.606161,10.292222,12.091372,19.004345,13.820457,20.018484,10.62958,10.2260065,10.759069,7.4043465,8.263153,10.378259,10.104653,13.498148,11.152352,10.561488,8.179433,10.388247,13.385215,12.370054,11.862548,10.747286,11.200221,7.492369,7.6997914,10.172543,10.360205,19.780666,21.167542,6.6648693,11.145204,8.746432,9.877345,10.72853,8.746432,20.018484,10.21646,10.794501,19.780666,11.63211
11.990413,13.921377,11.515754,11.639183,19.156422,11.801631,13.854795,15.377474,16.568918,13.381588,12.699655,18.753998,12.596296,12.320946,13.34802,13.381588,13.582834,13.381588,15.964309,12.379457,15.964309,13.205379,19.545406,14.084935,0.0,13.381588,11.907688,13.443,20.971388,18.174849,14.302243,13.349024,14.770638,13.737554,18.098824,15.76236,12.88549,19.583448,13.381588,12.018401,21.20015,14.3349695,13.400426,12.644053,14.764992,16.274637,15.22579,19.188568,13.095932,12.943694,12.819617,13.414823,11.748446,12.308551,11.777257,15.135135,13.142992,13.070223,11.693849,13.224768,13.837282,13.831111,13.633469,13.122249,14.227215,14.251713,13.102613,12.043252,13.205379,19.583448,20.7358,14.523596,13.190712,14.727491,12.596296,11.423652,14.727491,19.188568,13.500935,12.726944,19.583448,12.915562
8.438514,4.909723,6.542121,8.291487,21.059273,7.0472937,8.904861,8.456188,17.599134,0.0,8.653723,20.061905,1.6596144,6.3226805,8.22447,0.0,7.359481,0.0,17.683323,9.837964,17.683323,9.5667925,21.189264,9.950635,13.381588,0.0,8.5151005,0.8244469,22.291563,19.497215,8.186329,7.5687027,17.645061,8.104292,19.225315,11.38947,14.462601,20.859396,0.0,7.8098855,22.60081,6.545389,10.732979,2.7646635,6.8791943,18.011332,11.596215,20.47693,8.172077,7.0881724,5.0390563,10.570235,5.6907716,8.993848,3.6246552,7.8179827,7.7759147,4.989309,5.7511826,1.8463598,8.5850315,10.509996,7.854538,7.5473213,9.370612,7.982149,10.268355,9.208201,9.5667925,20.859396,22.096052,8.556068,8.192203,9.083658,1.6596144,4.4501176,9.083658,20.47693,7.537999,7.7331176,20.859396,10.806431
2.151405,9.206516,5.932396,1.6261109,20.003847,6.084055,8.1052475,10.333649,17.72285,8.5151005,5.21357,20.602316,7.7615533,6.5310097,5.5072827,8.5151005,7.2072473,8.5151005,16.704102,5.2138395,16.704102,5.6419215,20.577566,10.431516,11.907688,8.5151005,0.0,8.636524,22.588873,18.429071,9.051112,5.5619907,15.817602,7.3237085,18.805204,11.406104,14.481575,21.268291,8.5151005,7.8967485,22.801281,8.461312,10.077278,7.8471723,9.542622,17.095402,11.394105,20.037762,6.4774666,7.4591703,7.0923886,10.867612,6.0970283,2.7300117,8.13689,9.879992,5.0856743,8.124235,6.317688,8.255203,7.661114,9.134108,5.58017,5.8258076,8.481245,10.405799,10.7261915,2.318808,5.6419215,21.268291,22.427929,10.8961525,5.098111,11.747636,7.7615533,8.237907,11.747636,20.037762,6.840437,5.214301,21.268291,5.8790803
8.471171,4.897598,6.7990065,8.421709,20.950748,7.290662,9.028035,8.439247,17.463364,0.8244469,8.784781,19.958488,2.1113021,6.4471536,8.210838,0.8244469,7.335927,0.8244469,17.554626,9.966349,17.554626,9.539957,21.087793,9.948225,13.443,0.8244469,8.636524,0.0,22.215382,19.386282,8.005819,7.510859,17.575222,7.9864163,19.083057,11.412542,14.602445,20.78576,0.8244469,7.988359,22.519417,6.427097,10.932599,3.065638,6.7558045,17.88108,11.637374,20.345987,8.2305565,6.9963446,5.2680817,10.684924,5.964687,9.049429,3.9582486,7.834358,7.7909,4.7582774,5.9625573,2.2787318,8.599691,10.426572,7.837103,7.433927,9.205183,7.8643727,10.370312,9.296382,9.539957,20.78576,22.029562,8.405603,8.220101,9.017242,2.1113021,4.7340508,9.017242,20.345987,7.5012527,7.6977787,20.78576,10.883542
22.207663,22.523693,22.184448,22.53112,16.564575,22.346083,23.235458,23.757296,18.796427,22.291563,22.649092,12.410056,22.285267,22.29383,22.636652,22.291563,22.13179,22.291563,19.45055,22.69738,19.45055,22.318787,13.51214,21.3723,20.971388,22.291563,22.588873,22.215382,0.0,19.60196,22.3684,22.811028,19.86577,22.13178,16.354517,22.807545,22.446596,12.597663,22.291563,22.096497,9.90535,22.7236,22.002813,22.619656,22.676043,18.359768,23.27699,13.526235,22.216276,21.45775,22.487385,20.966282,22.222254,22.424074,22.296715,23.426796,22.593554,22.142776,21.86146,22.430573,23.114767,22.182629,22.994926,22.108582,22.000305,21.422585,22.481339,22.388708,22.318787,12.597663,9.631041,21.268684,22.596397,21.564445,22.285267,22.48802,21.564445,13.526235,22.061792,22.12946,12.597663,22.908981
18.076952,18.727268,19.482431,18.559551,11.8943205,19.681246,17.849808,18.895449,11.687396,19.497215,17.665274,15.714853,19.374163,19.13203,17.664145,19.497215,17.845474,19.497215,9.969221,17.94256,9.969221,17.84545,14.563358,20.43966,18.174849,19.497215,18.429071,19.386282,19.60196,0.0,18.564268,17.900896,10.509434,17.860786,8.96189,18.534695,22.657333,17.110851,19.497215,19.673925,18.627684,17.992094,21.100193,19.584068,18.41057,9.726976,17.750729,13.777567,17.462492,17.587854,18.83282,20.413612,19.491945,17.997828,19.722992,18.706982,17.742203,18.150257,19.281364,19.47172,17.151772,16.156681,17.959076,17.692421,17.576431,20.041119,21.227106,18.093838,17.84545,17.110851,17.880106,19.927828,17.677769,19.623602,19.374163,19.646824,19.623602,13.777567,17.730244,17.46095,17.110851,17.591839
8.233212,8.382138,9.371299,8.902326,20.160988,9.302933,9.68704,9.9220915,17.752466,8.186329,8.37775,19.790281,8.484404,7.118767,6.948434,8.186329,6.5484405,8.186329,17.166061,9.896737,17.166061,8.199219,20.383772,9.940324,14.302243,8.186329,9.051112,8.005819,22.3684,18.564268,0.0,6.824183,17.036137,6.3124275,18.36818,10.411223,16.256899,20.602785,8.186329,10.190867,22.137829,6.860374,11.564398,8.6078825,7.143367,17.517708,10.42586,19.717926,7.6561255,6.981248,8.59252,11.371439,8.978501,8.439067,9.551913,8.915157,6.972377,7.1703324,8.982407,8.647645,9.057727,8.507784,7.214806,5.9208517,6.7807674,7.090637,11.949487,8.902881,8.199219,20.602785,21.929134,7.2416067,7.090619,9.125395,8.484404,9.940964,9.125395,19.717926,6.7348537,7.00574,20.602785,9.782917
4.8814173,7.4999824,8.228499,5.977057,19.895786,8.661847,6.4524317,7.987292,17.193663,7.5687027,5.4623795,20.516209,7.2835846,7.0922837,3.0211153,7.5687027,5.4828844,7.5687027,16.34815,7.727848,16.34815,6.2042522,20.625647,11.500454,13.349024,7.5687027,5.5619907,7.510859,22.811028,17.900896,6.824183,0.0,15.846482,4.962213,18.369095,10.061599,16.312063,21.210747,7.5687027,9.880043,22.680748,5.5487537,11.726656,7.131386,6.7951145,16.698277,10.065027,19.915722,5.92945,6.181722,7.079747,12.240776,8.077567,4.9659057,8.266941,7.33335,3.120401,6.3446546,8.201581,7.5015206,5.725774,7.729551,1.5305511,2.9925213,6.200607,9.834091,12.442688,5.8958488,6.2042522,21.210747,22.307251,10.16601,3.5225358,11.090541,7.2835846,8.254272,11.090541,19.915722,5.2925434,3.6196673,21.210747,7.4799957
15.607552,17.303715,17.224371,15.942694,13.168285,17.340921,16.05789,17.88716,11.766447,17.645061,15.258262,16.478392,17.338144,16.787632,15.487695,17.645061,15.809287,17.645061,8.777123,15.476132,8.777123,15.470738,15.210521,18.507013,14.770638,17.645061,15.817602,17.575222,19.86577,10.509434,17.036137,15.846482,0.0,15.814551,10.301818,17.516508,20.890837,17.986492,17.645061,17.445997,19.5115,16.478247,19.310358,17.59088,17.177885,8.673523,16.6192,13.311272,15.173053,15.482539,16.816477,18.36761,17.186865,15.436277,17.501413,17.449968,15.509769,16.543299,17.016113,17.586658,15.437843,14.61093,15.883209,15.677536,15.793634,18.591095,19.308811,15.473115,15.470738,17.986492,18.929531,18.422058,15.37498,18.247374,17.338144,17.360489,18.247374,13.311272,15.671427,15.226708,17.986492,15.138451
6.5562024,8.039305,9.229355,7.486767,19.532082,9.264905,8.50096,9.4018135,16.80054,8.104292,6.239371,19.718466,8.057349,7.507031,4.4798408,8.104292,3.6745298,8.104292,16.093254,8.099477,16.093254,5.205181,19.946419,11.018931,13.737554,8.104292,7.3237085,7.9864163,22.13178,17.860786,6.3124275,4.962213,15.814551,0.0,17.870667,10.139016,16.55806,20.555489,8.104292,10.415371,21.982273,6.3715525,11.486794,8.456404,6.810437,16.479609,9.813451,19.116493,5.081687,4.988846,8.247434,11.840411,8.769501,6.811783,9.063361,8.214241,4.3005958,6.7431393,8.728255,8.248707,7.2318735,7.318924,5.2649536,3.7596369,3.2413116,9.263646,12.423846,7.0741463,5.205181,20.555489,21.68142,9.30128,4.375492,10.223465,8.057349,9.193059,10.223465,19.116493,3.4873827,4.1625967,20.555489,7.6156583
18.32333,18.988447,19.26329,18.877256,9.154546,19.44964,19.092648,19.843948,11.6312275,19.225315,18.316212,11.318567,19.20099,19.090088,18.110142,19.225315,17.723745,19.225315,10.271893,18.530943,10.271893,18.072042,11.114816,19.425282,18.098824,19.225315,18.805204,19.083057,16.354517,8.96189,18.36818,18.369095,10.301818,17.870667,0.0,18.999098,22.359459,13.489915,19.225315,19.585716,15.09796,18.493574,20.561907,19.466589,18.739532,8.990955,18.606962,8.745919,17.7955,17.437458,19.227678,19.694317,19.335747,18.334991,19.50407,19.479614,18.166214,18.356833,18.988031,19.373129,18.461166,16.99997,18.507225,17.814262,17.369625,18.964521,20.561546,18.448456,18.072042,13.489915,14.407305,18.72834,18.110672,18.705805,19.20099,19.578758,18.705805,8.745919,17.707254,17.731705,13.489915,18.48746
10.945877,10.194681,12.308807,11.48177,20.261957,12.348189,9.892927,10.049789,18.409601,11.38947,10.516512,20.946457,11.495723,10.697909,10.059341,11.38947,10.280284,11.38947,17.808258,11.579088,17.808258,10.548627,20.87719,13.556406,15.76236,11.38947,11.406104,11.412542,22.807545,18.534695,10.411223,10.061599,17.516508,10.139016,18.999098,0.0,18.42372,21.795887,11.38947,12.808721,22.81291,9.2613125,13.719242,11.582003,8.994847,18.19361,8.237309,20.351871,10.182875,9.829592,11.093571,13.687136,11.780187,10.911369,12.118444,9.51358,10.057688,10.42825,11.866423,11.42437,10.685515,10.275943,10.099581,9.977972,10.514119,12.536111,14.848995,11.290038,10.548627,21.795887,22.576893,12.275398,10.05139,12.559943,11.495723,12.183403,12.559943,20.351871,10.152801,10.199356,21.795887,11.352505
14.823484,16.01647,12.146303,14.052859,23.198393,12.444781,17.237982,17.78629,21.382145,14.462601,15.737687,21.4772,13.921059,14.006066,16.384811,14.462601,16.073103,14.462601,21.27982,15.098243,21.27982,16.381126,22.560396,13.658749,12.88549,14.462601,14.481575,14.602445,22.446596,22.657333,16.256899,16.312063,20.890837,16.55806,22.359459,18.42372,0.0,21.284573,14.462601,11.22968,23.258764,16.927677,12.581408,14.02327,17.170095,21.529879,18.603724,22.741545,16.012033,15.43589,13.854546,11.335559,12.563686,15.241833,13.339688,17.728764,16.13289,15.533419,12.48921,14.516524,17.074816,17.5533,16.48899,16.064606,17.212507,14.390388,11.36682,14.906974,16.381126,21.284573,22.664286,14.926674,16.206207,15.515423,13.921059,13.544663,15.515423,22.741545,16.132729,15.898779,21.284573,16.346966
20.870197,21.333738,20.642675,21.17186,13.46554,20.88758,22.065348,22.553429,17.549583,20.859396,21.165562,8.6128235,20.836056,20.910309,21.101778,20.859396,20.378025,20.859396,17.468266,21.262945,17.468266,20.973795,12.778042,19.780666,19.583448,20.859396,21.268291,20.78576,12.597663,17.110851,20.602785,21.210747,17.986492,20.555489,13.489915,21.795887,21.284573,0.0,20.859396,20.812836,10.767544,21.26563,20.603762,21.03614,21.222528,16.54364,21.795908,12.775672,20.69522,20.068382,21.196775,19.5794,20.79143,21.072855,20.906176,22.230812,21.04249,20.66194,20.499043,21.078653,21.754435,20.63983,21.463598,20.527655,20.263916,19.749523,20.77839,21.026041,20.973795,0.0,9.166335,19.609518,21.05227,19.746397,20.836056,21.099632,19.746397,12.775672,20.443441,20.653004,0.0,21.573746
8.438514,4.909723,6.542121,8.291487,21.059273,7.0472937,8.904861,8.456188,17.599134,0.0,8.653723,20.061905,1.6596144,6.3226805,8.22447,0.0,7.359481,0.0,17.683323,9.837964,17.683323,9.5667925,21.189264,9.950635,13.381588,0.0,8.5151005,0.8244469,22.291563,19.497215,8.186329,7.5687027,17.645061,8.104292,19.225315,11.38947,14.462601,20.859396,0.0,7.8098855,22.60081,6.545389,10.732979,2.7646635,6.8791943,18.011332,11.596215,20.47693,8.172077,7.0881724,5.0390563,10.570235,5.6907716,8.993848,3.6246552,7.8179827,7.7759147,4.989309,5.7511826,1.8463598,8.5850315,10.509996,7.854538,7.5473213,9.370612,7.982149,10.268355,9.208201,9.5667925,20.859396,22.096052,8.556068,8.192203,9.083658,1.6596144,4.4501176,9.083658,20.47693,7.537999,7.7331176,20.859396,10.806431
8.258273,9.8797,5.2919416,7.538881,20.869226,4.9263744,11.118449,12.153424,18.551117,7.8098855,9.187118,20.47214,7.3486624,6.8471446,9.901726,7.8098855,9.57166,7.8098855,18.01119,8.401761,18.01119,10.013775,20.847683,9.206611,12.018401,7.8098855,7.8967485,7.988359,22.096497,19.673925,10.190867,9.880043,17.445997,10.415371,19.585716,12.808721,11.22968,20.812836,7.8098855,0.0,22.714804,10.6376915,9.255585,7.797599,10.993065,18.425533,13.276949,20.519638,9.196919,8.346613,5.765238,7.9966087,4.684404,8.611228,7.5112576,11.707399,9.519498,9.250256,4.6620626,8.010727,10.880626,11.579719,10.078319,9.68003,11.443714,9.645989,8.658145,8.287948,10.013775,20.812836,22.284868,10.19709,9.564584,11.156407,7.3486624,8.15612,11.156407,20.519638,9.549322,9.394424,20.812836,10.047095
22.36738,22.909084,22.562834,22.762236,14.993432,22.677433,23.397518,24.018976,17.959335,22.60081,22.647821,9.7332735,22.585957,22.516777,22.505291,22.60081,21.923674,22.60081,18.738167,22.7587,18.738167,22.235645,12.536146,21.318512,21.20015,22.60081,22.801281,22.519417,9.90535,18.627684,22.137829,22.680748,19.5115,21.982273,15.09796,22.81291,23.258764,10.767544,22.60081,22.714804,0.0,22.706625,22.25258,22.913748,22.667997,17.460817,23.212162,13.223513,22.152699,21.573397,22.900381,21.212784,22.618261,22.481821,22.671114,23.648142,22.486662,22.286068,22.301424,22.817066,23.263401,22.098804,22.887146,21.927189,21.586607,21.402086,22.492857,22.461134,22.235645,10.767544,5.77199,21.112633,22.434435,21.520256,22.585957,22.86457,21.520256,13.223513,21.916578,22.054077,10.767544,22.895792
8.0870285,5.7208886,9.314102,8.635794,20.150179,9.60589,6.399424,5.872434,17.070713,6.545389,7.677824,20.499388,6.818194,7.4598956,6.449033,6.545389,6.7080355,6.545389,16.558067,9.727864,16.558067,8.314662,20.701693,12.1306095,14.3349695,6.545389,8.461312,6.427097,22.7236,17.992094,6.860374,5.5487537,16.478247,6.3715525,18.493574,9.2613125,16.927677,21.26563,6.545389,10.6376915,22.706625,0.0,12.596865,6.9056506,3.7374558,17.022743,9.098262,20.01293,7.3034973,7.0474787,7.1816926,12.75273,8.7696085,8.29975,8.097214,4.4692907,6.227567,5.9325805,8.970611,6.630813,5.73142,8.213236,5.741432,5.990252,7.714183,9.987846,13.132454,8.831673,8.314662,21.26563,22.308294,10.334233,6.5647597,10.860472,6.818194,8.215231,10.860472,20.01293,6.7650223,6.6491413,21.26563,9.492143
10.052285,12.074334,8.270444,9.652049,21.333776,7.920683,13.521711,14.061143,19.953861,10.732979,11.254983,20.479317,10.30116,9.371129,11.687365,10.732979,10.779384,10.732979,19.79645,10.446646,19.79645,10.758754,21.03153,7.606161,13.400426,10.732979,10.077278,10.932599,22.002813,21.100193,11.564398,11.726656,19.310358,11.486794,20.561907,13.719242,12.581408,20.603762,10.732979,9.255585,22.25258,12.596865,0.0,10.564096,12.593221,19.994713,13.531436,20.890726,11.051318,10.826041,10.882461,8.342486,8.392995,10.319034,10.1772375,13.514868,11.3518095,11.479647,8.528025,10.895135,13.350039,12.805325,11.977384,11.230124,11.946264,9.911384,8.419689,10.063585,10.758754,20.603762,22.043121,9.907148,11.304684,10.968665,10.30116,10.521404,10.968665,20.890726,10.825459,11.1481495,20.603762,11.740356
7.9010787,5.4041624,5.6553574,7.610093,21.198973,6.772698,8.480837,8.173799,17.721869,2.7646635,8.450986,20.361082,2.0612047,6.4828024,8.185544,2.7646635,7.779565,2.7646635,17.768982,9.538591,17.768982,9.617001,21.49834,10.292222,12.644053,2.7646635,7.8471723,3.065638,22.619656,19.584068,8.6078825,7.131386,17.59088,8.456404,19.466589,11.582003,14.02327,21.03614,2.7646635,7.797599,22.913748,6.9056506,10.564096,0.0,7.4616046,18.113476,11.619116,20.80693,8.347951,7.556647,5.213242,10.89587,5.3466964,8.560294,2.9543524,8.010937,7.732291,5.4978027,5.520081,2.6472757,8.306141,10.563611,7.4386725,7.5367293,9.706903,8.566607,10.342276,8.81628,9.617001,21.03614,22.358988,9.213438,8.136979,9.7623415,2.0612047,3.3558364,9.7623415,20.80693,7.925078,7.712555,21.03614,10.482184
9.1067,5.531855,9.978305,9.568507,20.319292,10.290208,7.5526495,5.839404,17.3336,6.8791943,8.781023,20.50575,7.2600355,7.893587,7.608251,6.8791943,7.371858,6.8791943,17.05045,10.570214,17.05045,9.127177,20.816523,12.091372,14.764992,6.8791943,9.542622,6.7558045,22.676043,18.41057,7.143367,6.7951145,17.177885,6.810437,18.739532,8.994847,17.170095,21.222528,6.8791943,10.993065,22.667997,3.7374558,12.593221,7.4616046,0.0,17.449625,8.781146,20.171022,8.186966,7.413609,7.804109,12.825078,9.271726,9.429258,8.325499,3.7208438,7.377934,6.168349,9.376123,6.9501348,7.1226363,8.953657,7.0993743,6.8389325,8.016152,9.8982525,13.378559,9.902028,9.127177,21.222528,22.33722,10.261,7.7324615,10.887142,7.2600355,8.474324,10.887142,20.171022,7.368966,7.632302,21.222528,10.5571995
16.775074,17.755442,18.130743,17.290682,11.6430435,18.299557,17.405285,18.354797,7.515325,18.011332,16.765087,14.066758,17.856676,17.757,16.416288,18.011332,16.403385,18.011332,5.079808,16.992548,5.079808,16.45371,14.171276,19.004345,16.274637,18.011332,17.095402,17.88108,18.359768,9.726976,17.517708,16.698277,8.673523,16.479609,8.990955,18.19361,21.529879,16.54364,18.011332,18.425533,17.460817,17.022743,19.994713,18.113476,17.449625,0.0,17.596392,12.51009,16.463058,16.173765,17.731253,19.233786,18.080416,16.688662,18.191282,17.982761,16.468374,17.039553,17.855942,18.070955,16.553741,15.89345,16.779842,16.388268,16.32908,18.633238,19.838217,16.761827,16.45371,16.54364,16.752863,18.491888,16.413914,18.529444,17.856676,18.123314,18.529444,12.51009,16.337507,16.158474,16.54364,16.83402
10.984622,10.450211,12.350572,11.391473,20.0842,12.481931,9.290942,10.072488,17.773155,11.596215,10.335783,21.173117,11.458636,10.707839,10.126854,11.596215,10.029388,11.596215,16.984638,11.641307,16.984638,10.424759,20.88342,13.820457,15.22579,11.596215,11.394105,11.637374,23.27699,17.750729,10.42586,10.065027,16.6192,9.813451,18.606962,8.237309,18.603724,21.795908,11.596215,13.276949,23.212162,9.098262,13.531436,11.619116,8.781146,17.596392,0.0,20.346222,9.902946,9.882162,11.247277,13.936146,11.981481,11.06345,11.904129,9.302049,9.984741,10.450762,12.074691,11.484835,9.772874,9.469981,10.232725,9.932915,10.125632,12.713082,15.136573,11.336255,10.424759,21.795908,22.826067,12.736814,9.947276,12.772261,11.458636,11.780268,12.772261,20.346222,9.891354,9.979023,21.795908,11.082213
19.55975,20.399708,20.268135,20.12101,10.282317,20.394125,20.711975,21.598307,14.694268,20.47693,19.788963,11.015404,20.46841,20.239374,19.561958,20.47693,18.99769,20.47693,13.549976,19.868032,13.549976,19.300293,8.085299,20.018484,19.188568,20.47693,20.037762,20.345987,13.526235,13.777567,19.717926,19.915722,13.311272,19.116493,8.745919,20.351871,22.741545,12.775672,20.47693,20.519638,13.223513,20.01293,20.890726,20.80693,20.171022,12.51009,20.346222,0.0,19.213385,18.660795,20.521568,20.09946,20.368208,19.55954,20.75438,21.042444,19.594076,19.883509,20.025541,20.672396,20.249155,18.537767,20.049435,19.215328,18.572588,19.920946,21.244265,19.632711,19.300293,12.775672,13.241745,19.706123,19.529213,19.647358,20.46841,20.892141,19.647358,0.0,18.990341,19.128744,12.775672,19.930063
6.1113105,8.371349,8.365265,6.471043,19.442245,8.250528,7.3543944,10.138084,16.894436,8.172077,3.2901561,19.90175,7.795111,6.5668025,4.4873405,8.172077,4.0754232,8.172077,15.845261,5.348025,15.845261,5.2334404,19.890358,10.62958,13.095932,8.172077,6.4774666,8.2305565,22.216276,17.462492,7.6561255,5.92945,15.173053,5.081687,17.7955,10.182875,16.012033,20.69522,8.172077,9.196919,22.152699,7.3034973,11.051318,8.347951,8.186966,16.463058,9.902946,19.213385,0.0,4.774125,7.182887,10.88817,7.739968,5.9067965,8.641978,8.946231,4.094271,7.1754694,7.7523804,8.1293955,6.803805,7.1256404,5.907003,5.2351155,6.273766,10.020293,11.833077,5.843556,5.2334404,20.69522,21.85486,10.014319,3.8819802,10.398035,7.795111,8.80995,10.398035,19.213385,3.3294716,3.8898687,20.69522,5.1674395
6.8899827,7.583962,8.251562,7.5323596,19.189034,8.304728,8.43823,9.783572,16.239887,7.0881724,6.367625,19.264795,6.95921,6.6573696,5.6667542,7.0881724,4.128012,7.0881724,15.721513,7.60698,15.721513,6.3880286,19.529444,10.2260065,12.943694,7.0881724,7.4591703,6.9963446,21.45775,17.587854,6.981248,6.181722,15.482539,4.988846,17.437458,9.829592,15.43589,20.068382,7.0881724,8.346613,21.573397,7.0474787,10.826041,7.556647,7.413609,16.173765,9.882162,18.660795,4.774125,0.0,6.4285526,10.040238,7.6322427,7.0019174,7.8875656,8.76061,5.380186,6.208987,7.4558673,7.3658366,7.762887,7.4072814,6.46846,5.145278,5.7204733,8.964031,11.577022,7.252364,6.3880286,20.068382,21.279488,8.840688,5.3527255,9.484869,6.95921,8.111087,9.484869,18.660795,3.9566224,4.741472,20.068382,7.9079056
