0,1,2,3,4,5,6,7,8,9,10,11,12,13,14,15,16,17,18,19,20,21,22,23,24,25,26,27,28,29,30,31,32,33,34,35,36,37,38,39,40,41,42,43,44,45,46,47,48,49,50,51,52,53,54,55,56,57,58,59,60,61,62,63,64,65,66,67,68,69,70,71,72,73,74,75,76,77,78,79,80,81,82,83,84,85,86,87,88,89,90,91,92,93,94,95,96,97,98,99,100,101,102,103,104,105,106,107,108,109,110,111,112,113,114,115,116,117,118,119,120,121,122,123,124,125,126,127,128,129,130,131,132,133,134,135,136,137,138,139,140,141,142,143,144,145,146,147,148,149,150,151,152,153,154,155,156,157,158,159,160,161,162,163,164,165,166,167,168,169,170,171,172,173,174,175,176,177,178,179,180,181,182,183,184,185,186,187
1.0000002,0.5664611,0.4810118,0.4810118,0.54258156,0.77536464,0.68180776,0.7627567,0.5234139,0.5234139,0.7498127,0.7416973,0.7416973,0.9448762,0.952007,0.8417944,0.74130076,0.8213843,0.4810118,0.5234139,0.8305371,0.68180776,0.77075934,0.69872534,0.83670795,0.4810118,0.5664611,0.724353,1.0000002,0.5664611,0.8370902,0.75293595,0.7761824,0.7416973,0.76486325,0.7713707,0.767856,0.54258156,0.85398436,0.96381307,0.5234139,0.68180776,0.7214949,0.54258156,0.7416973,0.8821092,0.7416973,0.8114177,0.8305371,0.7498127,0.76438737,0.7687578,0.7416973,0.76438737,0.76303375,0.9012711,0.47728127,0.47728127,0.825046,0.7099334,0.47728127,0.85053295,0.88454115,0.88145643,0.7692774,0.8765382,0.83684623,0.83670795,0.5234139,0.5234139,0.7390863,0.5234139,0.7390863,0.76099,0.7214949,0.8723726,0.8305371,0.7498127,0.7498127,0.58812904,0.7498127,0.58812904,0.7498127,0.84739083,0.84739083,0.84739083,0.84739083,0.54937375,0.7196965,0.92797756,0.84739083,0.69978005,0.84739083,0.8110183,0.7547178,0.7547178,0.7605101,0.7416973,0.7214949,0.9658646,0.8305371,0.8305371,0.8305371,0.8366659,0.89156127,0.4810118,0.8651638,0.90145284,0.76430786,0.54703796,0.4810118,0.5284449,0.7498127,0.92503464,0.7498127,0.8467578,0.7498127,0.77401996,0.83670795,0.7686573,0.54258156,0.7390863,0.7535281,0.97319734,0.7498127,0.88500303,0.83670795,0.7442367,0.83670795,0.5781653,0.7750913,0.93143713,0.77075934,0.7498127,0.7416973,0.7416973,0.77026975,0.68180776,0.854355,0.78812075,0.9158232,0.79163456,0.8129989,0.6764462,0.90260684,0.825046,0.5849877,0.7158506,0.76565814,0.7849666,0.58812904,0.83670795,0.51282334,0.7177353,0.83670795,0.7596823,0.54258156,0.7380253,0.87779784,0.72272384,0.7159482,0.767856,0.4810118,0.5462128,0.51918054,0.5664611,0.96757233,0.531351,0.90214926,0.9116926,0.7750913,0.7498127,0.77075934,0.83670795,0.9204178,0.5234139,0.9106148,0.8941411,0.71820056,0.5849877,0.7416973,0.8021023,0.6276827,0.90014297,0.5849877,0.7121644,0.7416973,0.6520444
0.5664611,1.0000002,0.8068788,0.8068788,0.767341,0.5372491,0.6747319,0.52990687,0.69828916,0.69828916,0.52114475,0.511026,0.511026,0.55089617,0.58681965,0.55191636,0.50211096,0.4699698,0.8068788,0.69828916,0.59881115,0.6747319,0.5398418,0.48699468,0.59734917,0.8068788,1.0000002,0.46146804,0.5664611,1.0000002,0.5433217,0.5198983,0.5307994,0.511026,0.5462684,0.5296606,0.53332824,0.767341,0.5829489,0.5488887,0.69828916,0.6747319,0.47737816,0.767341,0.511026,0.56772757,0.511026,0.5762421,0.59881115,0.52114475,0.52671695,0.52773017,0.511026,0.52671695,0.52234834,0.5703234,0.807663,0.807663,0.5820297,0.47785816,0.807663,0.5914998,0.55660427,0.60466033,0.5484595,0.59076035,0.58809435,0.59734917,0.69828916,0.69828916,0.5293312,0.69828916,0.5293312,0.52196264,0.47737816,0.600898,0.59881115,0.52114475,0.52114475,0.45060295,0.52114475,0.45060295,0.52114475,0.6040586,0.6040586,0.6040586,0.6040586,0.6341919,0.4732503,0.5724476,0.6040586,0.48370776,0.6040586,0.57658285,0.52230275,0.52230275,0.52308464,0.511026,0.47737816,0.54158866,0.59881115,0.59881115,0.59881115,0.5781972,0.574493,0.8068788,0.60085386,0.6008096,0.5248766,0.78030217,0.8068788,0.7681893,0.52114475,0.5782333,0.52114475,0.58525014,0.52114475,0.54371715,0.59734917,0.5224129,0.767341,0.5293312,0.5429282,0.53277683,0.52114475,0.5706545,0.59734917,0.5223349,0.59734917,0.35017136,0.5401406,0.57944775,0.5398418,0.52114475,0.511026,0.511026,0.5420544,0.6747319,0.57856107,0.5506673,0.56664824,0.5373591,0.56844896,0.8950635,0.54582506,0.5820297,0.686815,0.4870306,0.5340841,0.5409835,0.45060295,0.59734917,0.6863865,0.48799995,0.59734917,0.521625,0.767341,0.53152317,0.5489816,0.8088877,0.4625104,0.53332824,0.8068788,0.69952416,0.8957178,1.0000002,0.52650297,0.7015761,0.5919094,0.5831249,0.5401406,0.52114475,0.5398418,0.59734917,0.5613104,0.69828916,0.5135019,0.5643974,0.491756,0.686815,0.511026,0.5205269,0.93036246,0.5985733,0.686815,0.45847797,0.511026,0.83148867
0.4810118,0.8068788,1.0000002,1.0000002,0.8840084,0.5875022,0.62642014,0.57765746,0.85250306,0.85250306,0.56743836,0.57378864,0.57378864,0.4636768,0.4860578,0.5213984,0.5856626,0.40089145,1.0000002,0.85250306,0.5267819,0.62642014,0.56827796,0.5482596,0.521794,1.0000002,0.8068788,0.4472984,0.4810118,0.8068788,0.5138962,0.5684941,0.57393867,0.57378864,0.5762663,0.56198376,0.56553864,0.8840084,0.5295687,0.4885683,0.85250306,0.62642014,0.55044997,0.8840084,0.57378864,0.4865178,0.57378864,0.5477147,0.5267819,0.56743836,0.5756233,0.58011913,0.57378864,0.5756233,0.57551575,0.4913894,0.9624592,0.9624592,0.50909173,0.47461694,0.9624592,0.5410799,0.5220387,0.5101087,0.5643837,0.519952,0.55251294,0.521794,0.85250306,0.85250306,0.5598042,0.85250306,0.5598042,0.5747598,0.55044997,0.53026545,0.5267819,0.56743836,0.56743836,0.5117954,0.56743836,0.5117954,0.56743836,0.51444805,0.51444805,0.51444805,0.51444805,0.72023463,0.46520016,0.5308597,0.51444805,0.53344977,0.51444805,0.52234244,0.5733187,0.5733187,0.5710274,0.57378864,0.55044997,0.44952172,0.5267819,0.5267819,0.5267819,0.5326904,0.51658607,1.0000002,0.5297297,0.5117159,0.5737629,0.86877656,1.0000002,0.7939811,0.56743836,0.5003121,0.56743836,0.53304815,0.56743836,0.57255507,0.521794,0.58072877,0.8840084,0.5598042,0.5686024,0.44454286,0.56743836,0.47441617,0.521794,0.5534059,0.521794,0.41040665,0.562606,0.53481174,0.56827796,0.56743836,0.57378864,0.57378864,0.56587315,0.62642014,0.4817619,0.5850609,0.5267571,0.52776325,0.55668193,0.6984787,0.46096438,0.50909173,0.7482918,0.5329106,0.5567765,0.5527627,0.5117954,0.521794,0.7518301,0.56236184,0.521794,0.57207406,0.8840084,0.4732607,0.47004926,0.6291392,0.4152181,0.56553864,1.0000002,0.83436906,0.6864908,0.8068788,0.44988236,0.7626295,0.5318749,0.48121437,0.562606,0.56743836,0.56827796,0.521794,0.45544094,0.85250306,0.42671895,0.46790966,0.5674096,0.7482918,0.57378864,0.53416234,0.7223255,0.5177377,0.7482918,0.52672654,0.57378864,0.7078421
0.4810118,0.8068788,1.0000002,1.0000002,0.8840084,0.5875022,0.62642014,0.57765746,0.85250306,0.85250306,0.56743836,0.57378864,0.57378864,0.4636768,0.4860578,0.5213984,0.5856626,0.40089145,1.0000002,0.85250306,0.5267819,0.62642014,0.56827796,0.5482596,0.521794,1.0000002,0.8068788,0.4472984,0.4810118,0.8068788,0.5138962,0.5684941,0.57393867,0.57378864,0.5762663,0.56198376,0.56553864,0.8840084,0.5295687,0.4885683,0.85250306,0.62642014,0.55044997,0.8840084,0.57378864,0.4865178,0.57378864,0.5477147,0.5267819,0.56743836,0.5756233,0.58011913,0.57378864,0.5756233,0.57551575,0.4913894,0.9624592,0.9624592,0.50909173,0.47461694,0.9624592,0.5410799,0.5220387,0.5101087,0.5643837,0.519952,0.55251294,0.521794,0.85250306,0.85250306,0.5598042,0.85250306,0.5598042,0.5747598,0.55044997,0.53026545,0.5267819,0.56743836,0.56743836,0.5117954,0.56743836,0.5117954,0.56743836,0.51444805,0.51444805,0.51444805,0.51444805,0.72023463,0.46520016,0.5308597,0.51444805,0.53344977,0.51444805,0.52234244,0.5733187,0.5733187,0.5710274,0.57378864,0.55044997,0.44952172,0.5267819,0.5267819,0.5267819,0.5326904,0.51658607,1.0000002,0.5297297,0.5117159,0.5737629,0.86877656,1.0000002,0.7939811,0.56743836,0.5003121,0.56743836,0.53304815,0.56743836,0.57255507,0.521794,0.58072877,0.8840084,0.5598042,0.5686024,0.44454286,0.56743836,0.47441617,0.521794,0.5534059,0.521794,0.41040665,0.562606,0.53481174,0.56827796,0.56743836,0.57378864,0.57378864,0.56587315,0.62642014,0.4817619,0.5850609,0.5267571,0.52776325,0.55668193,0.6984787,0.46096438,0.50909173,0.7482918,0.5329106,0.5567765,0.5527627,0.5117954,0.521794,0.7518301,0.56236184,0.521794,0.57207406,0.8840084,0.4732607,0.47004926,0.6291392,0.4152181,0.56553864,1.0000002,0.83436906,0.6864908,0.8068788,0.44988236,0.7626295,0.5318749,0.48121437,0.562606,0.56743836,0.56827796,0.521794,0.45544094,0.85250306,0.42671895,0.46790966,0.5674096,0.7482918,0.57378864,0.53416234,0.7223255,0.5177377,0.7482918,0.52672654,0.57378864,0.7078421
0.54258156,0.767341,0.8840084,0.8840084,1.0000002,0.63469094,0.6739506,0.6245876,0.8942791,0.8942791,0.6241852,0.6294213,0.6294213,0.5158705,0.5462953,0.5698966,0.60095716,0.4438638,0.8840084,0.8942791,0.60261536,0.6739506,0.62625915,0.5791284,0.5935613,0.8840084,0.767341,0.50513065,0.54258156,0.767341,0.5644088,0.61777365,0.6356541,0.6294213,0.6402668,0.63316524,0.636572,1.0000002,0.6003046,0.54356277,0.8942791,0.6739506,0.5842774,1.0000002,0.6294213,0.5541445,0.6294213,0.6274711,0.60261536,0.6241852,0.6306895,0.6276893,0.6294213,0.6306895,0.6290393,0.5607677,0.86680627,0.86680627,0.58880407,0.5266939,0.86680627,0.6179797,0.5736246,0.5819967,0.63555133,0.59218025,0.6266053,0.5935613,0.8942791,0.8942791,0.62103814,0.8942791,0.62103814,0.62592125,0.5842774,0.6057062,0.60261536,0.6241852,0.6241852,0.56016374,0.6241852,0.56016374,0.6241852,0.5897156,0.5897156,0.5897156,0.5897156,0.72257805,0.51325244,0.5753454,0.5897156,0.5690048,0.5897156,0.58543026,0.62106365,0.62106365,0.62587583,0.6294213,0.5842774,0.5090014,0.60261536,0.60261536,0.60261536,0.60995674,0.5938364,0.8840084,0.6058951,0.58420306,0.6298682,0.86266065,0.8840084,0.7922548,0.6241852,0.5687598,0.6241852,0.6056622,0.6241852,0.62656754,0.5935613,0.6352351,1.0000002,0.62103814,0.6351165,0.5080822,0.6241852,0.542994,0.5935613,0.61187553,0.5935613,0.43677843,0.6248019,0.5818317,0.62625915,0.6241852,0.6294213,0.6294213,0.6254667,0.6739506,0.5577023,0.6559732,0.58689034,0.5746535,0.6353854,0.72516924,0.5096204,0.58880407,0.8925115,0.58347,0.63146406,0.6270486,0.56016374,0.5935613,0.7464652,0.598927,0.5935613,0.6172802,1.0000002,0.55802774,0.5378268,0.7391534,0.44917408,0.636572,0.8840084,0.9057726,0.6509646,0.767341,0.5088417,0.76475465,0.6065741,0.558126,0.6248019,0.6241852,0.62625915,0.5935613,0.5290656,0.8942791,0.4763801,0.53393453,0.6035906,0.8925115,0.6294213,0.57303584,0.73544204,0.5918811,0.8925115,0.56286263,0.6294213,0.70834327
0.77536464,0.5372491,0.5875022,0.5875022,0.63469094,0.9999999,0.5129207,0.9523823,0.62681234,0.62681234,0.9327222,0.92353046,0.92353046,0.73699105,0.8128525,0.8698825,0.892546,0.7234452,0.5875022,0.62681234,0.9070804,0.5129207,0.9576522,0.88438123,0.9035317,0.5875022,0.5372491,0.8116921,0.77536464,0.5372491,0.8426039,0.9409427,0.96891004,0.92353046,0.91483945,0.927908,0.91756606,0.63469094,0.91433525,0.80870795,0.62681234,0.5129207,0.89175713,0.63469094,0.92353046,0.8565641,0.92353046,0.90297395,0.9070804,0.9327222,0.95920044,0.95843947,0.92353046,0.95920044,0.95836127,0.8555071,0.57266563,0.57266563,0.8704752,0.8261268,0.57266563,0.8869574,0.86543804,0.83909744,0.91201454,0.8548852,0.88284314,0.9035317,0.62681234,0.62681234,0.9086158,0.62681234,0.9086158,0.95604026,0.89175713,0.8972055,0.9070804,0.9327222,0.9327222,0.7084981,0.9327222,0.7084981,0.9327222,0.8896228,0.8896228,0.8896228,0.8896228,0.62726915,0.7642636,0.8661928,0.8896228,0.8795587,0.8896228,0.89916074,0.94901025,0.94901025,0.9562565,0.92353046,0.89175713,0.7683017,0.9070804,0.9070804,0.9070804,0.9231466,0.873384,0.5875022,0.9065372,0.8372719,0.9528702,0.6189254,0.5875022,0.63299227,0.9327222,0.8420923,0.9327222,0.9210483,0.9327222,0.95673424,0.9035317,0.9654457,0.63469094,0.9086158,0.93014574,0.7533746,0.9327222,0.8196391,0.9035317,0.9177174,0.9035317,0.69413793,0.94799876,0.86831486,0.9576522,0.9327222,0.92353046,0.92353046,0.948622,0.5129207,0.83598065,0.9471852,0.85097206,0.8738069,0.89732957,0.5180789,0.761968,0.8704752,0.66297656,0.88663685,0.9075823,0.9175062,0.7084981,0.9035317,0.57567585,0.9068931,0.9035317,0.9478935,0.63469094,0.77882504,0.820939,0.59337205,0.5650654,0.91756606,0.5875022,0.6544503,0.49800053,0.5372491,0.7217112,0.59843475,0.87188566,0.8207649,0.94799876,0.9327222,0.9576522,0.9035317,0.8036938,0.62681234,0.6962965,0.8315966,0.9142958,0.66297656,0.92353046,0.8926189,0.5630306,0.8452907,0.66297656,0.8708995,0.92353046,0.5699186
0.68180776,0.6747319,0.62642014,0.62642014,0.6739506,0.5129207,0.9999998,0.48706934,0.644624,0.644624,0.4694458,0.4758061,0.4758061,0.6794014,0.6644261,0.5610523,0.49865168,0.51688206,0.62642014,0.644624,0.5714016,0.9999998,0.48928422,0.42399657,0.56611127,0.62642014,0.6747319,0.43997985,0.68180776,0.6747319,0.5598347,0.4857803,0.5019361,0.4758061,0.51040316,0.49779156,0.4942198,0.6739506,0.5527697,0.67704874,0.644624,0.9999998,0.46483728,0.6739506,0.4758061,0.61587274,0.4758061,0.5398363,0.5714016,0.4694458,0.48634896,0.4929096,0.4758061,0.48634896,0.48962483,0.61086214,0.6141269,0.6141269,0.557837,0.42987218,0.6141269,0.5628054,0.555417,0.611693,0.492962,0.60974574,0.5527983,0.56611127,0.644624,0.644624,0.47978514,0.644624,0.47978514,0.501222,0.46483728,0.5981482,0.5714016,0.4694458,0.4694458,0.438533,0.4694458,0.438533,0.4694458,0.58744735,0.58744735,0.58744735,0.58744735,0.6203074,0.49105412,0.6299596,0.58744735,0.43306696,0.58744735,0.5360036,0.47921002,0.47921002,0.48177058,0.4758061,0.46483728,0.6568924,0.5714016,0.5714016,0.5714016,0.555719,0.6488341,0.62642014,0.5933048,0.6266488,0.48985082,0.69831306,0.62642014,0.63607466,0.4694458,0.6824987,0.4694458,0.5537902,0.4694458,0.5058887,0.56611127,0.49410814,0.6739506,0.47978514,0.49810332,0.6727849,0.4694458,0.6284514,0.56611127,0.4730851,0.56611127,0.34182543,0.4926867,0.6394377,0.48928422,0.4694458,0.4758061,0.4758061,0.4963963,0.9999998,0.5636869,0.5279096,0.6214855,0.5018226,0.55539536,0.7477444,0.5924188,0.557837,0.6196198,0.45439887,0.48501986,0.48673165,0.438533,0.56611127,0.63410044,0.45948434,0.56611127,0.48397288,0.6739506,0.5276693,0.59170455,0.74769664,0.61958915,0.4942198,0.62642014,0.64953935,0.57217073,0.6747319,0.68335134,0.6321373,0.63205063,0.65257865,0.4926867,0.4694458,0.48928422,0.56611127,0.6374825,0.644624,0.6657913,0.6204902,0.4437392,0.6196198,0.4758061,0.5009144,0.7218553,0.63128644,0.6196198,0.44252777,0.4758061,0.72346026
0.7627567,0.52990687,0.57765746,0.57765746,0.6245876,0.9523823,0.48706934,1.0,0.6342563,0.6342563,0.9601034,0.9596041,0.9596041,0.7125965,0.79921544,0.8445814,0.88409144,0.69842464,0.57765746,0.6342563,0.8881279,0.48706934,0.97673833,0.92656946,0.8851246,0.57765746,0.52990687,0.8092149,0.7627567,0.52990687,0.8274218,0.9745909,0.9682316,0.9596041,0.938591,0.935035,0.92675626,0.6245876,0.8988108,0.80452204,0.6342563,0.48706934,0.9215379,0.6245876,0.9596041,0.85102654,0.9596041,0.8915428,0.8881279,0.9601034,0.9906614,0.9895659,0.9596041,0.9906614,0.9859741,0.8531564,0.56699306,0.56699306,0.8533965,0.8091508,0.56699306,0.87754595,0.8478204,0.8262077,0.9109584,0.84056735,0.87507844,0.8851246,0.6342563,0.6342563,0.9259312,0.6342563,0.9259312,0.97386223,0.9215379,0.8852706,0.8881279,0.9601034,0.9601034,0.7387876,0.9601034,0.7387876,0.9601034,0.8708382,0.8708382,0.8708382,0.8708382,0.6166598,0.7722602,0.87020326,0.8708382,0.9094789,0.8708382,0.8577286,0.9951195,0.9951195,0.9917141,0.9596041,0.9215379,0.7654869,0.8881279,0.8881279,0.8881279,0.90615153,0.8580627,0.57765746,0.8879894,0.82419163,0.98290664,0.59177125,0.57765746,0.612314,0.9601034,0.8354652,0.9601034,0.90295464,0.9601034,0.96003914,0.8851246,0.98008347,0.6245876,0.9259312,0.935575,0.7543079,0.9601034,0.8046019,0.8851246,0.927926,0.8851246,0.7383226,0.94507354,0.87299967,0.97673833,0.9601034,0.9596041,0.9596041,0.94627696,0.48706934,0.81705457,0.94010067,0.84319276,0.8503184,0.8766006,0.49870324,0.73169875,0.8533965,0.66849667,0.92545974,0.90816617,0.91097355,0.7387876,0.8851246,0.5652299,0.9285997,0.8851246,0.9937912,0.6245876,0.77905357,0.7899619,0.5904112,0.54565036,0.92675626,0.57765746,0.6494724,0.4856268,0.52990687,0.71948856,0.5848794,0.8602094,0.81185246,0.94507354,0.9601034,0.97673833,0.8851246,0.7940513,0.6342563,0.66784275,0.82424945,0.9580447,0.66849667,0.9596041,0.874612,0.5445543,0.83425105,0.66849667,0.9039445,0.9596041,0.5398481
0.5234139,0.69828916,0.85250306,0.85250306,0.8942791,0.62681234,0.644624,0.6342563,0.9999999,0.9999999,0.632309,0.64941436,0.64941436,0.5039863,0.52837086,0.55725473,0.6236813,0.43607634,0.85250306,0.9999999,0.5702543,0.644624,0.61929345,0.61994064,0.5649338,0.85250306,0.69828916,0.52470505,0.5234139,0.69828916,0.5529366,0.637861,0.62622255,0.64941436,0.6195866,0.6086687,0.6100511,0.8942791,0.5705794,0.53748965,0.9999999,0.644624,0.6340234,0.8942791,0.64941436,0.53953457,0.64941436,0.58033264,0.5702543,0.632309,0.6333462,0.6340853,0.64941436,0.6333462,0.6403241,0.5327729,0.8609387,0.8609387,0.5527054,0.53252125,0.8609387,0.5800099,0.54949033,0.5373159,0.60991967,0.55402184,0.57518184,0.5649338,0.9999999,0.9999999,0.63055414,0.9999999,0.63055414,0.6393982,0.6340234,0.58060247,0.5702543,0.632309,0.632309,0.64933586,0.632309,0.64933586,0.632309,0.56303895,0.56303895,0.56303895,0.56303895,0.75101334,0.544145,0.57727903,0.56303895,0.605924,0.56303895,0.5653465,0.6362509,0.6362509,0.62953544,0.64941436,0.6340234,0.49664277,0.5702543,0.5702543,0.5702543,0.5751443,0.56920546,0.85250306,0.57598585,0.54307425,0.63975644,0.84093684,0.85250306,0.77659,0.632309,0.5524136,0.632309,0.5730128,0.632309,0.6267415,0.5649338,0.6342368,0.8942791,0.63055414,0.628892,0.49839678,0.632309,0.5219061,0.5649338,0.61654776,0.5649338,0.503163,0.61659735,0.5778244,0.61929345,0.632309,0.64941436,0.64941436,0.6137953,0.644624,0.51914096,0.6284883,0.5620671,0.55487436,0.5890702,0.6596829,0.49117514,0.5527054,0.81944925,0.6194802,0.6005219,0.6012707,0.64933586,0.5649338,0.7083216,0.6306915,0.5649338,0.63137174,0.8942791,0.5405036,0.5124471,0.6667844,0.4491341,0.6100511,0.85250306,0.9407464,0.6038681,0.69828916,0.50539184,0.7401438,0.56491673,0.52551395,0.61659735,0.632309,0.61929345,0.5649338,0.50448203,0.9999999,0.4700597,0.51851064,0.63159263,0.81944925,0.64941436,0.56645817,0.7067147,0.5466591,0.81944925,0.6142978,0.64941436,0.7182857
0.5234139,0.69828916,0.85250306,0.85250306,0.8942791,0.62681234,0.644624,0.6342563,0.9999999,0.9999999,0.632309,0.64941436,0.64941436,0.5039863,0.52837086,0.55725473,0.6236813,0.43607634,0.85250306,0.9999999,0.5702543,0.644624,0.61929345,0.61994064,0.5649338,0.85250306,0.69828916,0.52470505,0.5234139,0.69828916,0.5529366,0.637861,0.62622255,0.64941436,0.6195866,0.6086687,0.6100511,0.8942791,0.5705794,0.53748965,0.9999999,0.644624,0.6340234,0.8942791,0.64941436,0.53953457,0.64941436,0.58033264,0.5702543,0.632309,0.6333462,0.6340853,0.64941436,0.6333462,0.6403241,0.5327729,0.8609387,0.8609387,0.5527054,0.53252125,0.8609387,0.5800099,0.54949033,0.5373159,0.60991967,0.55402184,0.57518184,0.5649338,0.9999999,0.9999999,0.63055414,0.9999999,0.63055414,0.6393982,0.6340234,0.58060247,0.5702543,0.632309,0.632309,0.64933586,0.632309,0.64933586,0.632309,0.56303895,0.56303895,0.56303895,0.56303895,0.75101334,0.544145,0.57727903,0.56303895,0.605924,0.56303895,0.5653465,0.6362509,0.6362509,0.62953544,0.64941436,0.6340234,0.49664277,0.5702543,0.5702543,0.5702543,0.5751443,0.56920546,0.85250306,0.57598585,0.54307425,0.63975644,0.84093684,0.85250306,0.77659,0.632309,0.5524136,0.632309,0.5730128,0.632309,0.6267415,0.5649338,0.6342368,0.8942791,0.63055414,0.628892,0.49839678,0.632309,0.5219061,0.5649338,0.61654776,0.5649338,0.503163,0.61659735,0.5778244,0.61929345,0.632309,0.64941436,0.64941436,0.6137953,0.644624,0.51914096,0.6284883,0.5620671,0.55487436,0.5890702,0.6596829,0.49117514,0.5527054,0.81944925,0.6194802,0.6005219,0.6012707,0.64933586,0.5649338,0.7083216,0.6306915,0.5649338,0.63137174,0.8942791,0.5405036,0.5124471,0.6667844,0.4491341,0.6100511,0.85250306,0.9407464,0.6038681,0.69828916,0.50539184,0.7401438,0.56491673,0.52551395,0.61659735,0.632309,0.61929345,0.5649338,0.50448203,0.9999999,0.4700597,0.51851064,0.63159263,0.81944925,0.64941436,0.56645817,0.7067147,0.5466591,0.81944925,0.6142978,0.64941436,0.7182857
0.7498127,0.52114475,0.56743836,0.56743836,0.6241852,0.9327222,0.4694458,0.9601034,0.632309,0.632309,1.0,0.98376274,0.98376274,0.6966245,0.8006268,0.8497533,0.8780063,0.6898861,0.56743836,0.632309,0.8735593,0.4694458,0.96410704,0.9475137,0.88004816,0.56743836,0.52114475,0.82908654,0.7498127,0.52114475,0.83538055,0.96277404,0.9395283,0.98376274,0.8986888,0.9037349,0.89505434,0.6241852,0.8877643,0.7835611,0.632309,0.4694458,0.93460846,0.6241852,0.98376274,0.84128964,0.98376274,0.8757776,0.8735593,1.0,0.96843195,0.9683522,0.98376274,0.96843195,0.97115475,0.8439292,0.5701561,0.5701561,0.8557925,0.82383144,0.5701561,0.8683899,0.8370284,0.8063031,0.92830396,0.82148415,0.85009223,0.88004816,0.632309,0.632309,0.9393403,0.632309,0.9393403,0.9617001,0.93460846,0.8806359,0.8735593,1.0,1.0,0.77528787,1.0,0.77528787,1.0,0.8690917,0.8690917,0.8690917,0.8690917,0.6156588,0.7953812,0.8667292,0.8690917,0.9490597,0.8690917,0.8712529,0.9655385,0.9655385,0.9696947,0.98376274,0.93460846,0.7703061,0.8735593,0.8735593,0.8735593,0.89161265,0.8468584,0.56743836,0.87857044,0.80481267,0.9764839,0.58729637,0.56743836,0.6195985,1.0,0.8231641,1.0,0.8915013,1.0,0.9585557,0.88004816,0.94938785,0.6241852,0.9393403,0.94636697,0.7411925,1.0,0.79877716,0.88004816,0.9648844,0.88004816,0.778723,0.925695,0.8620021,0.96410704,1.0,0.98376274,0.98376274,0.9164894,0.4694458,0.80890805,0.92154396,0.8168136,0.85516787,0.87759846,0.49926773,0.7180281,0.8557925,0.69131726,0.9454545,0.8885526,0.9273752,0.77528787,0.88004816,0.55572844,0.9379133,0.88004816,0.9615381,0.6241852,0.7899984,0.80000424,0.5977936,0.5262914,0.89505434,0.56743836,0.6635006,0.48692226,0.52114475,0.7139871,0.5770614,0.8362926,0.8002635,0.925695,1.0,0.96410704,0.88004816,0.7913815,0.632309,0.6548065,0.8108306,0.95153356,0.69131726,0.98376274,0.88010275,0.53855515,0.81485987,0.69131726,0.91757834,0.98376274,0.5354277
0.7416973,0.511026,0.57378864,0.57378864,0.6294213,0.92353046,0.4758061,0.9596041,0.64941436,0.64941436,0.98376274,0.9999998,0.9999998,0.69294935,0.7841065,0.84283483,0.8872808,0.68243384,0.57378864,0.64941436,0.8585361,0.4758061,0.9390384,0.93508023,0.8565149,0.57378864,0.511026,0.8215879,0.7416973,0.511026,0.8331942,0.97038615,0.9316223,0.9999998,0.8990755,0.90267795,0.8925374,0.6294213,0.8703034,0.78408223,0.64941436,0.4758061,0.94642,0.6294213,0.9999998,0.82208467,0.9999998,0.87090766,0.8585361,0.98376274,0.9650482,0.96433425,0.9999998,0.9650482,0.97001135,0.8233327,0.5660448,0.5660448,0.83821416,0.8152402,0.5660448,0.8550873,0.81510335,0.78726196,0.91235185,0.80577534,0.8310304,0.8565149,0.64941436,0.64941436,0.9419428,0.64941436,0.9419428,0.96122384,0.94642,0.86354244,0.8585361,0.98376274,0.98376274,0.7816775,0.98376274,0.7816775,0.98376274,0.84602743,0.84602743,0.84602743,0.84602743,0.60995257,0.79189295,0.8546276,0.84602743,0.93628114,0.84602743,0.8480616,0.965961,0.965961,0.9677028,0.9999998,0.94642,0.7600969,0.8585361,0.8585361,0.8585361,0.8808239,0.83935106,0.57378864,0.86410666,0.78820026,0.9796385,0.58967733,0.57378864,0.6079211,0.98376274,0.8146707,0.98376274,0.8733988,0.98376274,0.9339119,0.8565149,0.94616795,0.6294213,0.9419428,0.93996406,0.73473525,0.98376274,0.7785821,0.8565149,0.9431902,0.8565149,0.7786821,0.90038127,0.8500418,0.9390384,0.98376274,0.9999998,0.9999998,0.8938,0.4758061,0.7917296,0.9185377,0.81349415,0.8456711,0.8681699,0.48914447,0.71313953,0.83821416,0.6891035,0.95434976,0.8757094,0.90673065,0.7816775,0.8565149,0.55510527,0.92702764,0.8565149,0.95918536,0.6294213,0.7838978,0.7860591,0.58735883,0.53310466,0.8925374,0.57378864,0.673102,0.47516125,0.511026,0.71857,0.5768888,0.8287106,0.7887554,0.90038127,0.98376274,0.9390384,0.8565149,0.77281547,0.64941436,0.655406,0.7897593,0.9526506,0.6891035,0.9999998,0.8670529,0.530776,0.7981268,0.6891035,0.9247542,0.9999998,0.53397495
0.7416973,0.511026,0.57378864,0.57378864,0.6294213,0.92353046,0.4758061,0.9596041,0.64941436,0.64941436,0.98376274,0.9999998,0.9999998,0.69294935,0.7841065,0.84283483,0.8872808,0.68243384,0.57378864,0.64941436,0.8585361,0.4758061,0.9390384,0.93508023,0.8565149,0.57378864,0.511026,0.8215879,0.7416973,0.511026,0.8331942,0.97038615,0.9316223,0.9999998,0.8990755,0.90267795,0.8925374,0.6294213,0.8703034,0.78408223,0.64941436,0.4758061,0.94642,0.6294213,0.9999998,0.82208467,0.9999998,0.87090766,0.8585361,0.98376274,0.9650482,0.96433425,0.9999998,0.9650482,0.97001135,0.8233327,0.5660448,0.5660448,0.83821416,0.8152402,0.5660448,0.8550873,0.81510335,0.78726196,0.91235185,0.80577534,0.8310304,0.8565149,0.64941436,0.64941436,0.9419428,0.64941436,0.9419428,0.96122384,0.94642,0.86354244,0.8585361,0.98376274,0.98376274,0.7816775,0.98376274,0.7816775,0.98376274,0.84602743,0.84602743,0.84602743,0.84602743,0.60995257,0.79189295,0.8546276,0.84602743,0.93628114,0.84602743,0.8480616,0.965961,0.965961,0.9677028,0.9999998,0.94642,0.7600969,0.8585361,0.8585361,0.8585361,0.8808239,0.83935106,0.57378864,0.86410666,0.78820026,0.9796385,0.58967733,0.57378864,0.6079211,0.98376274,0.8146707,0.98376274,0.8733988,0.98376274,0.9339119,0.8565149,0.94616795,0.6294213,0.9419428,0.93996406,0.73473525,0.98376274,0.7785821,0.8565149,0.9431902,0.8565149,0.7786821,0.90038127,0.8500418,0.9390384,0.98376274,0.9999998,0.9999998,0.8938,0.4758061,0.7917296,0.9185377,0.81349415,0.8456711,0.8681699,0.48914447,0.71313953,0.83821416,0.6891035,0.95434976,0.8757094,0.90673065,0.7816775,0.8565149,0.55510527,0.92702764,0.8565149,0.95918536,0.6294213,0.7838978,0.7860591,0.58735883,0.53310466,0.8925374,0.57378864,0.673102,0.47516125,0.511026,0.71857,0.5768888,0.8287106,0.7887554,0.90038127,0.98376274,0.9390384,0.8565149,0.77281547,0.64941436,0.655406,0.7897593,0.9526506,0.6891035,0.9999998,0.8670529,0.530776,0.7981268,0.6891035,0.9247542,0.9999998,0.53397495
0.9448762,0.55089617,0.4636768,0.4636768,0.5158705,0.73699105,0.6794014,0.7125965,0.5039863,0.5039863,0.6966245,0.69294935,0.69294935,1.0,0.9207767,0.8190698,0.70007586,0.79842085,0.4636768,0.5039863,0.7915572,0.6794014,0.71864027,0.65023875,0.79962516,0.4636768,0.55089617,0.6716171,0.9448762,0.55089617,0.81494415,0.7015034,0.7285471,0.69294935,0.7168128,0.7270667,0.7224079,0.5158705,0.80981493,0.9254937,0.5039863,0.6794014,0.664085,0.5158705,0.69294935,0.8535067,0.69294935,0.762262,0.7915572,0.6966245,0.7139709,0.7169094,0.69294935,0.7139709,0.715589,0.8642425,0.45375702,0.45375702,0.7775258,0.661998,0.45375702,0.7998168,0.8502127,0.83540565,0.7172928,0.8375746,0.7856822,0.79962516,0.5039863,0.5039863,0.6924077,0.5039863,0.6924077,0.71448016,0.664085,0.822197,0.7915572,0.6966245,0.6966245,0.52498597,0.6966245,0.52498597,0.6966245,0.8132128,0.8132128,0.8132128,0.8132128,0.5312895,0.66172415,0.8733659,0.8132128,0.6465019,0.8132128,0.7848793,0.70587575,0.70587575,0.710618,0.69294935,0.664085,0.9219157,0.7915572,0.7915572,0.7915572,0.7884225,0.8566121,0.4636768,0.81676817,0.8559879,0.7126608,0.53724766,0.4636768,0.5023615,0.6966245,0.8917361,0.6966245,0.7994961,0.6966245,0.73210573,0.79962516,0.7189908,0.5158705,0.6924077,0.7150227,0.92692953,0.6966245,0.86656004,0.79962516,0.6926121,0.79962516,0.5119092,0.7322475,0.8780154,0.71864027,0.6966245,0.69294935,0.69294935,0.72444856,0.6794014,0.80999345,0.74263227,0.8804543,0.7474815,0.77605796,0.6636528,0.8865043,0.7775258,0.5411255,0.66277695,0.7187387,0.7299632,0.52498597,0.79962516,0.502792,0.65768766,0.79962516,0.70725673,0.5158705,0.6852064,0.8627902,0.69811124,0.74518967,0.7224079,0.4636768,0.51486623,0.5086924,0.55089617,0.93085647,0.5128652,0.8581673,0.8669982,0.7322475,0.6966245,0.71864027,0.79962516,0.88221747,0.5039863,0.95253146,0.8596126,0.6803804,0.5411255,0.69294935,0.77000314,0.6160995,0.8595457,0.5411255,0.64379287,0.69294935,0.6412761
0.952007,0.58681965,0.4860578,0.4860578,0.5462953,0.8128525,0.6644261,0.79921544,0.52837086,0.52837086,0.8006268,0.7841065,0.7841065,0.9207767,0.9999999,0.8722477,0.77305424,0.8429671,0.4860578,0.52837086,0.90522164,0.6644261,0.81050754,0.7473873,0.91460943,0.4860578,0.58681965,0.7903841,0.952007,0.58681965,0.8619004,0.79855585,0.80287004,0.7841065,0.77818954,0.7880783,0.77854425,0.5462953,0.9063899,0.94922936,0.52837086,0.6644261,0.76984674,0.5462953,0.7841065,0.9110462,0.7841065,0.85718656,0.90522164,0.8006268,0.8029433,0.8050083,0.7841065,0.8029433,0.8048042,0.9299846,0.47985852,0.47985852,0.89378166,0.7713183,0.47985852,0.88776577,0.8898066,0.8876791,0.81559336,0.88953406,0.83299595,0.91460943,0.52837086,0.52837086,0.80502135,0.52837086,0.80502135,0.79428613,0.76984674,0.9307738,0.90522164,0.8006268,0.8006268,0.63631225,0.8006268,0.63631225,0.8006268,0.9268915,0.9268915,0.9268915,0.9268915,0.56413245,0.7822605,0.94629806,0.9268915,0.77111346,0.9268915,0.8870967,0.79357374,0.79357374,0.80122614,0.7841065,0.76984674,0.9709383,0.90522164,0.90522164,0.90522164,0.8966014,0.9279139,0.4860578,0.9256191,0.8999193,0.80716646,0.5537754,0.4860578,0.55997837,0.8006268,0.94192475,0.8006268,0.9013178,0.8006268,0.811595,0.91460943,0.7906381,0.5462953,0.80502135,0.82166225,0.93036425,0.8006268,0.902248,0.91460943,0.8101175,0.91460943,0.638661,0.7961104,0.9435202,0.81050754,0.8006268,0.7841065,0.7841065,0.7866801,0.6644261,0.8859172,0.8055966,0.9018196,0.8318239,0.84022874,0.6721823,0.89754236,0.89378166,0.59368515,0.7697513,0.780576,0.8282421,0.63631225,0.91460943,0.5103306,0.7575128,0.91460943,0.79663503,0.5462953,0.8154204,0.91596323,0.74524176,0.70223653,0.77854425,0.4860578,0.5529654,0.5474841,0.58681965,0.93290085,0.5372386,0.9092593,0.9216815,0.7961104,0.8006268,0.81050754,0.91460943,0.94556046,0.52837086,0.88649607,0.91336524,0.7528846,0.59368515,0.7841065,0.846293,0.65293187,0.9044119,0.59368515,0.7631827,0.7841065,0.65705657
0.8417944,0.55191636,0.5213984,0.5213984,0.5698966,0.8698825,0.5610523,0.8445814,0.55725473,0.55725473,0.8497533,0.84283483,0.84283483,0.8190698,0.8722477,1.0,0.8457626,0.82986426,0.5213984,0.55725473,0.88717884,0.5610523,0.85183614,0.79704916,0.898305,0.5213984,0.55191636,0.84528464,0.8417944,0.55191636,0.9605712,0.8550889,0.85250694,0.84283483,0.84206283,0.8546986,0.8465212,0.5698966,0.90701044,0.8411232,0.55725473,0.5610523,0.8079129,0.5698966,0.84283483,0.884899,0.84283483,0.88807106,0.88717884,0.8497533,0.8486478,0.85336304,0.84283483,0.8486478,0.85881364,0.8865639,0.510234,0.510234,0.8998118,0.8681202,0.510234,0.8962187,0.87694234,0.8577986,0.8654902,0.8892317,0.8652072,0.898305,0.55725473,0.55725473,0.8434417,0.55725473,0.8434417,0.8477761,0.8079129,0.90133804,0.88717884,0.8497533,0.8497533,0.67693955,0.8497533,0.67693955,0.8497533,0.89223367,0.89223367,0.89223367,0.89223367,0.612889,0.8198857,0.8725746,0.89223367,0.8170189,0.89223367,0.9016098,0.8403753,0.8403753,0.847968,0.84283483,0.8079129,0.8393912,0.88717884,0.88717884,0.88717884,0.8981762,0.8825577,0.5213984,0.90303683,0.8669629,0.8594928,0.5811573,0.5213984,0.58026177,0.8497533,0.8720517,0.8497533,0.90450823,0.8497533,0.85681975,0.898305,0.83962333,0.5698966,0.8434417,0.86104524,0.8311483,0.8497533,0.87051076,0.898305,0.8585779,0.898305,0.6955687,0.84256375,0.8684838,0.85183614,0.8497533,0.84283483,0.84283483,0.8346567,0.5610523,0.8714303,0.8714838,0.8858838,0.94350755,0.9084233,0.58022654,0.8645297,0.8998118,0.6199397,0.8082559,0.858363,0.89866495,0.67693955,0.898305,0.57694364,0.7950961,0.898305,0.84493583,0.5698966,0.8078517,0.8957357,0.6540286,0.6688265,0.8465212,0.5213984,0.5870496,0.5154623,0.55191636,0.7997775,0.59439987,0.8859411,0.87381697,0.84256375,0.8497533,0.85183614,0.898305,0.87144554,0.55725473,0.7922503,0.8720375,0.81804985,0.6199397,0.84283483,0.86605704,0.58746177,0.8750981,0.6199397,0.79740846,0.84283483,0.58111006
0.74130076,0.50211096,0.5856626,0.5856626,0.60095716,0.892546,0.49865168,0.88409144,0.6236813,0.6236813,0.8780063,0.8872808,0.8872808,0.70007586,0.77305424,0.8457626,0.9999999,0.7232063,0.5856626,0.6236813,0.8364038,0.49865168,0.86253047,0.8554409,0.8277905,0.5856626,0.50211096,0.78870714,0.74130076,0.50211096,0.8495648,0.9105745,0.86115897,0.8872808,0.8706701,0.8608849,0.8489486,0.60095716,0.83500636,0.77222127,0.6236813,0.49865168,0.89977604,0.60095716,0.8872808,0.79895467,0.8872808,0.84874165,0.8364038,0.8780063,0.8834704,0.893731,0.8872808,0.8834704,0.8965198,0.801318,0.56137264,0.56137264,0.81516576,0.807939,0.56137264,0.8234781,0.7977845,0.7711562,0.860708,0.80366254,0.8037883,0.8277905,0.6236813,0.6236813,0.86462003,0.6236813,0.86462003,0.88293654,0.89977604,0.83195627,0.8364038,0.8780063,0.8780063,0.75265545,0.8780063,0.75265545,0.8780063,0.81896544,0.81896544,0.81896544,0.81896544,0.6279032,0.78174955,0.82779187,0.81896544,0.8679196,0.81896544,0.8180581,0.8827018,0.8827018,0.8812922,0.8872808,0.89977604,0.7395388,0.8364038,0.8364038,0.8364038,0.8514396,0.8263587,0.5856626,0.83875996,0.77816486,0.8954689,0.59252715,0.5856626,0.57123196,0.8780063,0.8093978,0.8780063,0.84121907,0.8780063,0.8580789,0.8277905,0.87413794,0.60095716,0.86462003,0.8571718,0.73599017,0.8780063,0.7531035,0.8277905,0.8613902,0.8277905,0.77418864,0.82815576,0.8174818,0.86253047,0.8780063,0.8872808,0.8872808,0.82279915,0.49865168,0.7747457,0.86984503,0.83235955,0.83728117,0.8385099,0.49577707,0.73611045,0.81516576,0.6341018,0.86987436,0.83587766,0.8578737,0.75265545,0.8277905,0.55795324,0.8842946,0.8277905,0.8899089,0.60095716,0.742948,0.79029787,0.56341976,0.5692732,0.8489486,0.5856626,0.63684314,0.47814193,0.50211096,0.7328949,0.58274627,0.83232284,0.7771345,0.82815576,0.8780063,0.86253047,0.8277905,0.76262975,0.6236813,0.693413,0.77757525,0.87128544,0.6341018,0.8872808,0.8531984,0.5291321,0.787251,0.6341018,0.88687336,0.8872808,0.52927047
0.8213843,0.4699698,0.40089145,0.40089145,0.4438638,0.7234452,0.51688206,0.69842464,0.43607634,0.43607634,0.6898861,0.68243384,0.68243384,0.79842085,0.8429671,0.82986426,0.7232063,1.0000002,0.40089145,0.43607634,0.797331,0.51688206,0.70056427,0.6371105,0.8124471,0.40089145,0.4699698,0.7512441,0.8213843,0.4699698,0.82669306,0.6974179,0.70248324,0.68243384,0.7177708,0.7353743,0.73293436,0.4438638,0.8218207,0.8034245,0.43607634,0.51688206,0.66356,0.4438638,0.68243384,0.8144773,0.68243384,0.79552364,0.797331,0.6898861,0.7059622,0.70374674,0.68243384,0.7059622,0.71070313,0.83656734,0.37959117,0.37959117,0.8230722,0.78995997,0.37959117,0.81189775,0.7956961,0.79362094,0.7000992,0.823085,0.76257133,0.8124471,0.43607634,0.43607634,0.6701307,0.43607634,0.6701307,0.69358915,0.66356,0.8164079,0.797331,0.6898861,0.6898861,0.547415,0.6898861,0.547415,0.6898861,0.80485344,0.80485344,0.80485344,0.80485344,0.48405766,0.713676,0.79920805,0.80485344,0.65707135,0.80485344,0.8124576,0.6955841,0.6955841,0.70402294,0.68243384,0.66356,0.81569386,0.797331,0.797331,0.797331,0.8021622,0.8078826,0.40089145,0.81834537,0.8060448,0.7132939,0.4418236,0.40089145,0.446787,0.6898861,0.8112041,0.6898861,0.8095521,0.6898861,0.7087498,0.8124471,0.69120574,0.4438638,0.6701307,0.686715,0.8186542,0.6898861,0.8100451,0.8124471,0.6827235,0.8124471,0.581645,0.70114,0.79195946,0.70056427,0.6898861,0.68243384,0.68243384,0.6891463,0.51688206,0.84206706,0.72206616,0.8434404,0.82627076,0.78189063,0.55228364,0.9182472,0.8230722,0.48800296,0.64300907,0.74344707,0.75533366,0.547415,0.8124471,0.43567082,0.64309955,0.8124471,0.69731224,0.4438638,0.7531824,0.8773266,0.59843814,0.6153134,0.73293436,0.40089145,0.45337534,0.4482306,0.4699698,0.80383027,0.46393794,0.816789,0.8318348,0.70114,0.6898861,0.70056427,0.8124471,0.8544109,0.43607634,0.79763377,0.8237072,0.6432228,0.48800296,0.68243384,0.7351024,0.5215039,0.8086593,0.48800296,0.66045105,0.68243384,0.52408254
0.4810118,0.8068788,1.0000002,1.0000002,0.8840084,0.5875022,0.62642014,0.57765746,0.85250306,0.85250306,0.56743836,0.57378864,0.57378864,0.4636768,0.4860578,0.5213984,0.5856626,0.40089145,1.0000002,0.85250306,0.5267819,0.62642014,0.56827796,0.5482596,0.521794,1.0000002,0.8068788,0.4472984,0.4810118,0.8068788,0.5138962,0.5684941,0.57393867,0.57378864,0.5762663,0.56198376,0.56553864,0.8840084,0.5295687,0.4885683,0.85250306,0.62642014,0.55044997,0.8840084,0.57378864,0.4865178,0.57378864,0.5477147,0.5267819,0.56743836,0.5756233,0.58011913,0.57378864,0.5756233,0.57551575,0.4913894,0.9624592,0.9624592,0.50909173,0.47461694,0.9624592,0.5410799,0.5220387,0.5101087,0.5643837,0.519952,0.55251294,0.521794,0.85250306,0.85250306,0.5598042,0.85250306,0.5598042,0.5747598,0.55044997,0.53026545,0.5267819,0.56743836,0.56743836,0.5117954,0.56743836,0.5117954,0.56743836,0.51444805,0.51444805,0.51444805,0.51444805,0.72023463,0.46520016,0.5308597,0.51444805,0.53344977,0.51444805,0.52234244,0.5733187,0.5733187,0.5710274,0.57378864,0.55044997,0.44952172,0.5267819,0.5267819,0.5267819,0.5326904,0.51658607,1.0000002,0.5297297,0.5117159,0.5737629,0.86877656,1.0000002,0.7939811,0.56743836,0.5003121,0.56743836,0.53304815,0.56743836,0.57255507,0.521794,0.58072877,0.8840084,0.5598042,0.5686024,0.44454286,0.56743836,0.47441617,0.521794,0.5534059,0.521794,0.41040665,0.562606,0.53481174,0.56827796,0.56743836,0.57378864,0.57378864,0.56587315,0.62642014,0.4817619,0.5850609,0.5267571,0.52776325,0.55668193,0.6984787,0.46096438,0.50909173,0.7482918,0.5329106,0.5567765,0.5527627,0.5117954,0.521794,0.7518301,0.56236184,0.521794,0.57207406,0.8840084,0.4732607,0.47004926,0.6291392,0.4152181,0.56553864,1.0000002,0.83436906,0.6864908,0.8068788,0.44988236,0.7626295,0.5318749,0.48121437,0.562606,0.56743836,0.56827796,0.521794,0.45544094,0.85250306,0.42671895,0.46790966,0.5674096,0.7482918,0.57378864,0.53416234,0.7223255,0.5177377,0.7482918,0.52672654,0.57378864,0.7078421
0.5234139,0.69828916,0.85250306,0.85250306,0.8942791,0.62681234,0.644624,0.6342563,0.9999999,0.9999999,0.632309,0.64941436,0.64941436,0.5039863,0.52837086,0.55725473,0.6236813,0.43607634,0.85250306,0.9999999,0.5702543,0.644624,0.61929345,0.61994064,0.5649338,0.85250306,0.69828916,0.52470505,0.5234139,0.69828916,0.5529366,0.637861,0.62622255,0.64941436,0.6195866,0.6086687,0.6100511,0.8942791,0.5705794,0.53748965,0.9999999,0.644624,0.6340234,0.8942791,0.64941436,0.53953457,0.64941436,0.58033264,0.5702543,0.632309,0.6333462,0.6340853,0.64941436,0.6333462,0.6403241,0.5327729,0.8609387,0.8609387,0.5527054,0.53252125,0.8609387,0.5800099,0.54949033,0.5373159,0.60991967,0.55402184,0.57518184,0.5649338,0.9999999,0.9999999,0.63055414,0.9999999,0.63055414,0.6393982,0.6340234,0.58060247,0.5702543,0.632309,0.632309,0.64933586,0.632309,0.64933586,0.632309,0.56303895,0.56303895,0.56303895,0.56303895,0.75101334,0.544145,0.57727903,0.56303895,0.605924,0.56303895,0.5653465,0.6362509,0.6362509,0.62953544,0.64941436,0.6340234,0.49664277,0.5702543,0.5702543,0.5702543,0.5751443,0.56920546,0.85250306,0.57598585,0.54307425,0.63975644,0.84093684,0.85250306,0.77659,0.632309,0.5524136,0.632309,0.5730128,0.632309,0.6267415,0.5649338,0.6342368,0.8942791,0.63055414,0.628892,0.49839678,0.632309,0.5219061,0.5649338,0.61654776,0.5649338,0.503163,0.61659735,0.5778244,0.61929345,0.632309,0.64941436,0.64941436,0.6137953,0.644624,0.51914096,0.6284883,0.5620671,0.55487436,0.5890702,0.6596829,0.49117514,0.5527054,0.81944925,0.6194802,0.6005219,0.6012707,0.64933586,0.5649338,0.7083216,0.6306915,0.5649338,0.63137174,0.8942791,0.5405036,0.5124471,0.6667844,0.4491341,0.6100511,0.85250306,0.9407464,0.6038681,0.69828916,0.50539184,0.7401438,0.56491673,0.52551395,0.61659735,0.632309,0.61929345,0.5649338,0.50448203,0.9999999,0.4700597,0.51851064,0.63159263,0.81944925,0.64941436,0.56645817,0.7067147,0.5466591,0.81944925,0.6142978,0.64941436,0.7182857
