0,1,2,3,4,5,6,7,8,9,10,11,12,13,14,15,16,17,18,19,20,21,22,23,24,25,26,27,28,29,30,31,32,33,34,35,36,37,38,39,40,41,42,43,44,45,46,47,48,49,50,51,52,53,54,55,56,57,58,59,60,61,62,63,64,65,66,67,68,69,70,71,72,73,74,75,76,77,78,79,80,81,82,83,84,85,86,87,88,89,90,91,92,93,94,95,96,97,98,99,100,101,102,103,104,105,106,107,108,109,110,111,112,113,114,115,116,117,118,119,120,121,122,123,124,125,126,127,128,129,130,131,132,133,134,135,136,137,138,139,140,141,142,143,144,145,146,147,148,149,150,151,152,153,154,155,156,157,158,159,160,161,162,163,164,165,166,167,168,169,170,171,172,173,174,175,176,177,178,179,180,181,182,183,184,185,186,187,188,189,190,191,192,193,194,195,196,197,198
0.0,0.5852806,0.43533394,0.8018366,0.57396424,0.5176719,0.18745367,0.6488813,0.61240727,0.6134261,0.36912683,0.52413595,0.37521744,0.51732844,0.30251452,0.64041555,0.27345192,0.7081789,0.67541564,0.57611275,0.8213072,0.29065073,0.29627398,0.65975994,0.8710291,0.73177016,0.39769316,0.69016564,0.7031768,0.5400013,0.7294413,0.75352335,0.6644924,0.70759386,0.62859225,0.5479021,0.76495475,0.28025392,0.5026673,0.5600806,0.77309376,0.30415753,0.74323404,0.3568299,0.7080943,0.76675534,0.5971043,0.36912683,0.5571193,0.37634364,0.64115644,0.5045985,0.6976987,0.50321937,0.63394105,0.75801736,0.31345087,0.5505831,0.41162807,0.57608736,0.55349267,0.49618396,0.63178694,0.5819951,0.29657337,0.36912683,0.76557624,0.4193876,0.5323179,0.6453938,0.37244752,0.56481,0.40242067,0.49151775,0.6212981,0.5281502,0.59877855,1.0509875,0.69345194,0.5932371,0.57630795,0.37862265,0.74506706,0.56630415,0.5523768,0.66493887,0.54334056,0.2310095,0.54128236,0.54451245,0.542826,0.7748681,0.3958033,0.5854042,0.57096153,0.31586513,0.62644655,0.6553305,0.64518094,0.6974187,0.58089006,0.075206175,0.5384966,0.61372894,0.50901806,0.4203393,0.63111037,0.6120747,0.5185183,0.6846964,0.65069157,0.5593821,0.5324805,0.6187104,0.35029995,0.5942811,0.72902745,0.612781,0.5093903,0.5557838,0.74526876,0.7207507,0.60077536,0.67598945,0.5651388,0.71392965,0.6761323,0.5026673,0.5563669,0.47311655,0.6156066,0.5212541,0.66821027,0.36689892,0.25104597,0.6052521,0.49438745,0.42706257,0.55324906,0.45967355,0.6639329,0.45922315,0.60726523,0.5253686,0.48142198,0.4294521,0.37018016,0.6586099,0.38583064,0.5093903,0.23253089,0.59527767,0.59341097,0.46873814,0.5648785,0.8958506,0.58594525,0.5684798,0.6553305,0.25936243,0.33727935,0.21777198,0.50530815,0.19186881,0.38611603,0.30760366,0.4946279,0.52311707,0.47525632,0.46483698,0.47882995,0.6117351,0.4919447,0.5925958,0.511557,0.5771228,0.54688966,0.4707572,0.51547277,0.37081075,0.52291286,0.6970756,0.5883913,0.6960709,0.712735,0.6648747,0.6572217,0.6664265,0.6739954,0.5615585,0.66364425,0.49071407,0.36978465,0.36912683,0.54492056,0.38981676,0.67426246,0.6557227,0.52781117
0.5852806,0.0,0.5512188,0.9016589,0.5333112,0.6409572,0.61582094,0.74559534,0.70605004,0.7542657,0.52434826,0.59201324,0.5776077,0.38640532,0.7058057,0.45275718,0.5896878,0.565142,0.62987,0.7198023,0.7148951,0.5962097,0.5791753,0.48392218,0.9791845,0.67168623,0.51526415,0.6569625,0.70423424,0.7846632,0.6332857,0.65654874,0.57017595,0.59402144,0.75414824,0.26800022,0.6505049,0.61670995,0.54337853,0.5858278,0.6652651,0.5986106,0.6202535,0.51876485,0.61499935,0.6526226,0.5862006,0.52434826,0.5791667,0.5681886,0.46874294,0.45006198,0.55028725,0.64070076,0.64258873,0.6538305,0.5238692,0.4174616,0.65339726,0.5965575,0.7303256,0.61573446,0.7047184,0.5263084,0.53994006,0.52434826,0.6791622,0.48893607,0.55316424,0.6177598,0.6101394,0.7592265,0.56901705,0.51502675,0.76699454,0.65695137,0.74076927,1.0283613,0.5784649,0.54457533,0.13332742,0.5190361,0.65333164,0.57826984,0.52075726,0.6106629,0.44575343,0.60807484,0.4547992,0.5767099,0.78059894,0.64744014,0.5406659,0.5040924,0.5975261,0.5922155,0.65789354,0.848269,0.7708026,0.4633638,0.51731795,0.5792643,0.74897575,0.50085384,0.5983641,0.53334934,0.7338154,0.5780656,0.46938547,0.7948985,0.7293676,0.7990586,0.6436847,0.6474688,0.623691,0.62004715,0.703158,0.54140586,0.6508512,0.75382626,0.639875,0.60801965,0.5375106,0.65937084,0.634478,0.63883394,0.59712374,0.54337853,0.5235008,0.4987636,0.71984696,0.29826292,0.7574282,0.5212537,0.52027214,0.4513347,0.5485576,0.5460395,0.6069454,0.53863597,0.7577777,0.46918997,0.6463776,0.53902555,0.6853492,0.59987026,0.518726,0.6279232,0.4904474,0.6508512,0.6110136,0.57675594,0.55474484,0.71578425,0.75707394,1.0243101,0.79003555,0.76260227,0.848269,0.6125246,0.5822757,0.6385287,0.5250897,0.6155881,0.5281524,0.58846956,0.45620412,0.59338886,0.47334182,0.47863975,0.5961761,0.6086555,0.360824,0.64874864,0.7632421,0.67172813,0.5932955,0.7177484,0.69388115,0.5883197,0.7275895,0.7774222,0.7138265,0.75332105,0.761049,0.7661264,0.7310633,0.727802,0.7056443,0.5065317,0.599864,0.52050894,0.51903737,0.52434826,0.76229656,0.54917973,0.48725942,0.59363467,0.6298596
0.43533394,0.5512188,0.0,0.8881999,0.54081815,0.56375146,0.45127285,0.7515871,0.6864474,0.6956275,0.38680214,0.19593829,0.5173204,0.40103644,0.54718316,0.47853968,0.32996663,0.63421106,0.5731904,0.6617013,0.6913869,0.4306364,0.37212446,0.52963805,0.96695036,0.7033264,0.42112643,0.59322053,0.70557743,0.66977054,0.70141625,0.7504837,0.70346576,0.7088831,0.7639281,0.5659476,0.71327406,0.3999407,0.58529806,0.56491005,0.65050983,0.39153704,0.71022,0.40598652,0.61810565,0.72167945,0.6050342,0.38680214,0.22865349,0.49422914,0.46899247,0.32817963,0.6428352,0.6343939,0.5747302,0.6966237,0.43428102,0.4470064,0.55163056,0.48405567,0.6227429,0.56471354,0.72030103,0.64271235,0.42681745,0.38680214,0.72024506,0.36248404,0.5489548,0.6257152,0.34770328,0.674411,0.48695144,0.5694055,0.7261876,0.56426275,0.67370355,1.0436611,0.64890623,0.5552869,0.55337596,0.4190867,0.6734571,0.6059833,0.46448305,0.53969604,0.4037459,0.42296153,0.38693234,0.5051367,0.68546,0.69684106,0.3852652,0.43559206,0.41247517,0.4251493,0.59086496,0.7308366,0.7535496,0.664495,0.6434398,0.41974637,0.6768425,0.42243466,0.62393093,0.40021485,0.73591214,0.5076566,0.30731592,0.8019174,0.73408526,0.7117343,0.42999357,0.5947373,0.44841713,0.45265588,0.6685473,0.4253936,0.6501832,0.66378033,0.70481014,0.685603,0.60827124,0.62638664,0.59097564,0.6369102,0.57195157,0.58529806,0.6529111,0.423937,0.70178074,0.6069675,0.7611629,0.40388432,0.46923974,0.42908707,0.57535946,0.59593195,0.47329313,0.3738195,0.77079934,0.41800246,0.5605584,0.42273486,0.587011,0.5359475,0.38936305,0.54363436,0.3748299,0.6501832,0.41337225,0.5735775,0.51804,0.6434611,0.66933733,0.9855209,0.7221913,0.6715716,0.7308366,0.4313656,0.42525288,0.41589507,0.49473536,0.41900393,0.39265874,0.33743066,0.3862775,0.19163144,0.3588771,0.38808054,0.58934677,0.6024268,0.5952486,0.6372413,0.6411923,0.60475737,0.49842834,0.64144063,0.580316,0.5265037,0.626281,0.75757784,0.6869196,0.75401473,0.79159844,0.76690733,0.74255836,0.70676714,0.72195256,0.6086323,0.6279918,0.48682782,0.40622503,0.38680214,0.65608305,0.4973039,0.59313935,0.63082147,0.5000264
0.8018366,0.9016589,0.8881999,0.0,0.91430956,0.92150575,0.85304385,0.8032625,0.862223,0.8064674,0.8690791,0.89481956,0.7929389,0.87741894,0.90531147,0.92459756,0.87712824,0.8958597,0.88436157,0.5654732,0.97481537,0.8862236,0.896316,0.90023553,0.087626904,0.79515797,0.8853532,0.90008354,0.7903383,0.8044368,0.84392315,0.8361004,0.9263973,0.86538607,0.8166567,0.9132621,0.8411631,0.84232765,0.7691244,0.8544275,0.87145495,0.9043043,0.8414048,0.8690362,0.9252044,0.8200818,0.8678706,0.8690791,0.9076005,0.8292897,0.9219625,0.92927724,0.8853729,0.7199572,0.91016674,0.83216345,0.8604208,0.89955044,0.9001365,0.9014173,0.84612495,0.79693854,0.8335181,0.8867259,0.8624632,0.8690791,0.84081244,0.88218534,0.8999628,0.929468,0.9018016,0.5405012,0.8282102,0.85242134,0.76935667,0.91070366,0.91662914,1.0839639,0.9411722,0.8911054,0.92192906,0.88275075,0.83330196,0.9099207,0.9165912,0.90832216,0.8685684,0.8734764,0.9206247,0.90498173,0.7580595,0.8646987,0.9127913,0.9185081,0.9114983,0.79051536,0.9160908,0.705261,0.7890329,0.90813243,0.8437087,0.81270236,0.83161193,0.955959,0.9089066,0.8866993,0.79217964,0.9035819,0.9195072,0.77501273,0.8135889,0.63207746,0.88300675,0.85233235,0.88586634,0.89749134,0.84556055,0.8940983,0.7094623,0.523105,0.8220025,0.8375063,0.8672516,0.84742427,0.9132294,0.90252644,0.92892873,0.7691244,0.87720644,0.926707,0.8580536,0.93063813,0.7827507,0.8724688,0.7829183,0.8786984,0.815726,0.8021591,0.84314144,0.9351747,0.8098533,0.90257955,0.905581,0.819554,0.77607656,0.7884342,0.92998546,0.92091644,0.8243514,0.7094623,0.8708157,0.8486362,0.8589496,0.86748135,0.55349153,0.19627137,0.48895353,0.49476135,0.705261,0.880426,0.85458434,0.81330264,0.87912595,0.8441006,0.87422186,0.89419407,0.9164743,0.8979035,0.8538132,0.91269684,0.8480752,0.9398756,0.8606518,0.8854054,0.7955946,0.8159554,0.91926426,0.84034187,0.8147745,0.79680437,0.8432016,0.7739006,0.7505112,0.77217203,0.80556464,0.7796388,0.78510684,0.7907919,0.7921655,0.88658583,0.92916167,0.8731279,0.87946266,0.8690791,0.5731952,0.8398046,0.8778585,0.86749065,0.90729946
0.57396424,0.5333112,0.54081815,0.91430956,0.0,0.68322563,0.6107726,0.7575181,0.6074718,0.7292365,0.6277887,0.5622218,0.5325628,0.51219296,0.6689595,0.51615727,0.567963,0.50145423,0.538738,0.6802807,0.7021337,0.5594106,0.5877446,0.4662446,0.98423004,0.6942077,0.6501357,0.5711474,0.69612604,0.6831119,0.616308,0.66949594,0.5497795,0.65380067,0.7377352,0.59501433,0.6743273,0.55893254,0.6326192,0.5138846,0.6572471,0.58234495,0.63034654,0.642108,0.6699608,0.6614631,0.49360758,0.6277887,0.57580364,0.68888485,0.5082125,0.51339644,0.48092303,0.65545875,0.6734156,0.6543063,0.64868474,0.53565514,0.5801966,0.58525264,0.64561903,0.58565474,0.69514936,0.54608834,0.5386246,0.6277887,0.6899998,0.6422293,0.606348,0.5218348,0.5900799,0.68660355,0.68886065,0.4886748,0.69324124,0.6852619,0.64123464,1.0507784,0.54698783,0.42767534,0.5439322,0.638048,0.6719864,0.56794614,0.46554658,0.5594911,0.5156284,0.5610339,0.5643071,0.44710696,0.6785721,0.68755597,0.6278014,0.56019866,0.4891261,0.5614558,0.70799214,0.7498567,0.73934895,0.48766583,0.48878548,0.5803138,0.62569433,0.5584398,0.5306119,0.647389,0.6954321,0.5898218,0.51784354,0.79868865,0.7075238,0.7163163,0.59534335,0.59186834,0.6576037,0.57818717,0.678572,0.47097942,0.66305214,0.690838,0.63564706,0.6170606,0.47888377,0.65530896,0.5893599,0.5648442,0.6273491,0.6326192,0.54176635,0.48859107,0.61669105,0.60876155,0.7653065,0.63236153,0.5981291,0.50470775,0.704199,0.63407177,0.5125307,0.48208803,0.76443046,0.4598889,0.69429916,0.48752362,0.5084102,0.5303577,0.49637574,0.55093175,0.6253576,0.66305214,0.5621058,0.53225964,0.52569413,0.5609646,0.69713134,1.0220953,0.7172123,0.6973395,0.7498567,0.566263,0.5544722,0.5776816,0.55545825,0.58819675,0.6335846,0.5790666,0.4873961,0.56512684,0.55453205,0.59796035,0.706596,0.6396889,0.6638983,0.5691337,0.65243495,0.58807397,0.5673689,0.57633364,0.59022456,0.5413243,0.6576938,0.77622235,0.6971076,0.753925,0.80554116,0.776222,0.7023136,0.69592166,0.7276599,0.5091221,0.48301256,0.5456535,0.6407125,0.6277887,0.69134575,0.68750966,0.512035,0.5391637,0.6776216
0.5176719,0.6409572,0.56375146,0.92150575,0.68322563,0.0,0.44801033,0.66699004,0.77316815,0.63316154,0.4757967,0.6340142,0.63753456,0.45467436,0.5375242,0.69602126,0.46865666,0.67599934,0.77061737,0.7310607,0.7838333,0.426301,0.4724189,0.7280594,1.0030701,0.77793056,0.45000717,0.74183583,0.73473907,0.78814304,0.7498179,0.7428378,0.77286386,0.72731614,0.6427179,0.62946534,0.7617779,0.5196021,0.60070246,0.74687433,0.7611069,0.5183059,0.71499896,0.5004302,0.63205326,0.7451075,0.7304898,0.4757967,0.6596193,0.50966907,0.6858608,0.56602585,0.6489503,0.5784746,0.6459362,0.7560822,0.46221992,0.45528322,0.6169893,0.40482184,0.7486598,0.73486614,0.6969112,0.706731,0.52971077,0.4757967,0.7822098,0.48569703,0.50847507,0.73948616,0.53257215,0.69162625,0.534545,0.7446972,0.7860243,0.284975,0.6996992,1.042049,0.7192964,0.7327842,0.5879139,0.41708001,0.74396104,0.5737541,0.5871414,0.721955,0.63922507,0.44138518,0.5838971,0.7300862,0.60174465,0.74181056,0.49909213,0.61977136,0.6844535,0.5841167,0.64916587,0.67721975,0.7390955,0.78556246,0.7333367,0.49840367,0.6867672,0.60518134,0.65268546,0.5004284,0.7383118,0.48880643,0.62279457,0.72956973,0.74328846,0.77120405,0.43389753,0.7084877,0.5297303,0.551531,0.6856281,0.6447883,0.5903292,0.6811675,0.7213227,0.7045194,0.7630179,0.6463525,0.558126,0.77641803,0.5094607,0.60070246,0.7149607,0.5912213,0.7881649,0.6608424,0.6823647,0.4459374,0.5158096,0.6220233,0.48058486,0.50838715,0.68630654,0.62182593,0.68690544,0.63981247,0.62144923,0.67797494,0.731171,0.6823766,0.5752486,0.7178459,0.51541454,0.5903292,0.4489328,0.75089955,0.72904426,0.6810797,0.69419855,1.0292947,0.7432447,0.6956822,0.67721975,0.45017704,0.53200066,0.5629163,0.5349592,0.5505415,0.4897757,0.45892906,0.5551499,0.6402701,0.61583054,0.53947645,0.44390133,0.6794019,0.6569483,0.7130279,0.7469594,0.7655135,0.5809697,0.706439,0.7308192,0.6495147,0.641352,0.7360858,0.71605253,0.7415852,0.69498926,0.6985325,0.7495306,0.7140957,0.7195779,0.7083145,0.7577828,0.52279586,0.4171006,0.4757967,0.678464,0.47511938,0.7492172,0.7640715,0.32015657
0.18745367,0.61582094,0.45127285,0.85304385,0.6107726,0.44801033,0.0,0.6713484,0.6518329,0.64002174,0.32969454,0.54856205,0.47712624,0.4470931,0.17273691,0.6599563,0.2315685,0.7106714,0.7376557,0.66373074,0.84391904,0.19716592,0.23528478,0.67885834,0.93298936,0.7491726,0.3130784,0.71596,0.751504,0.64112467,0.76734185,0.78301203,0.67483914,0.73441756,0.61903995,0.5806099,0.8077008,0.27770177,0.5042639,0.605811,0.79861814,0.2839513,0.77592415,0.31668484,0.7312701,0.7880721,0.638831,0.32969454,0.5628598,0.3418185,0.65414774,0.51947045,0.68081456,0.52926415,0.68120736,0.7854239,0.23934068,0.4365242,0.45955473,0.5468514,0.6108392,0.601719,0.67269075,0.5527081,0.253382,0.32969454,0.7849685,0.36617666,0.5428615,0.68033844,0.3312325,0.64162326,0.36682412,0.60023475,0.7003198,0.5482721,0.6205516,1.0590061,0.70832837,0.6327611,0.5577823,0.27273542,0.78636646,0.5524907,0.5611331,0.6764295,0.600208,0.16228516,0.56848115,0.58872783,0.49593815,0.7919518,0.36232513,0.62159324,0.597238,0.36266264,0.6718472,0.6547488,0.6981752,0.68448985,0.59952056,0.21054485,0.5587222,0.6068312,0.5444224,0.37896886,0.6894702,0.61803627,0.5806892,0.7416499,0.70238954,0.6320997,0.5915643,0.661671,0.43445665,0.6777513,0.73149335,0.6574998,0.5396992,0.6280922,0.7498067,0.75535643,0.6432996,0.6853052,0.55650926,0.72828156,0.71310085,0.5042639,0.5388862,0.4304875,0.6594781,0.585046,0.7106667,0.29983312,0.32175156,0.59669244,0.48248094,0.41043496,0.6431134,0.52264804,0.6915549,0.43756643,0.65124965,0.5919465,0.5635654,0.5568851,0.43210045,0.66431737,0.37759557,0.5396992,0.16584854,0.64380085,0.6408339,0.499889,0.6392892,0.95542634,0.69503576,0.64554423,0.6547488,0.19189791,0.29310042,0.25884178,0.49873018,0.15545735,0.34735334,0.23358758,0.5242783,0.54479223,0.5307594,0.4856539,0.45419118,0.6223967,0.5974322,0.6041924,0.60250217,0.6517676,0.54814667,0.52083194,0.56460917,0.4749572,0.56365746,0.75011027,0.67685145,0.756216,0.67038643,0.712646,0.71485025,0.71771276,0.68300986,0.5956306,0.698786,0.48312798,0.26379827,0.32969454,0.61645466,0.33075583,0.74829715,0.6995194,0.5468449
0.6488813,0.74559534,0.7515871,0.8032625,0.7575181,0.66699004,0.6713484,0.0,0.64858705,0.75344396,0.61146265,0.75892115,0.66182023,0.6559242,0.726288,0.8102321,0.6629103,0.6977929,0.79325485,0.64640576,0.71286196,0.67383456,0.69197416,0.8112441,0.8781818,0.5513136,0.6409124,0.8125138,0.43835512,0.8168885,0.4350371,0.37113452,0.8094325,0.40199986,0.24395442,0.74031854,0.43076938,0.6941746,0.65402055,0.7318511,0.64561105,0.6971691,0.38733625,0.6349172,0.75558066,0.57223755,0.6828317,0.61146265,0.80365884,0.6202006,0.8063441,0.7431582,0.6647813,0.6081433,0.7786144,0.4374126,0.5870104,0.66707754,0.6876695,0.67098016,0.7879248,0.7375435,0.1936262,0.744494,0.61779493,0.61146265,0.6266317,0.63922954,0.67273426,0.72416514,0.728446,0.6276459,0.6218307,0.76525867,0.7233972,0.675068,0.45996925,1.0379093,0.75941604,0.74621433,0.7444965,0.6185322,0.47084728,0.70548135,0.7560655,0.77025515,0.742778,0.67770374,0.7165974,0.76753205,0.7231043,0.45316038,0.64463127,0.7214698,0.7541898,0.7021655,0.80057526,0.74606687,0.3955021,0.84684306,0.7199183,0.66504973,0.6537615,0.8032175,0.7141648,0.6430435,0.35336134,0.6833803,0.7390839,0.20542228,0.38328612,0.7433037,0.7611011,0.71562576,0.6889237,0.7825541,0.45498523,0.7730497,0.6334531,0.6178392,0.4107205,0.41159537,0.7683621,0.42110837,0.6877558,0.7686648,0.7340026,0.65402055,0.7627142,0.7066174,0.67394024,0.7411609,0.16478398,0.6075187,0.589225,0.75523573,0.6030365,0.5973676,0.811813,0.7431238,0.046954684,0.7328609,0.7781688,0.78935206,0.75336325,0.7692823,0.7206569,0.8115667,0.6331925,0.6334531,0.68009794,0.7557985,0.76476717,0.66432846,0.6285735,0.9225988,0.6988732,0.67462265,0.74606687,0.6890811,0.740247,0.70382774,0.6471343,0.69011736,0.6211786,0.68345153,0.6945638,0.78505677,0.7085598,0.6864234,0.6322853,0.7588989,0.6912919,0.700906,0.7878381,0.7293522,0.7579966,0.664674,0.71122634,0.689737,0.78761214,0.21181124,0.3601397,0.2511608,0.28032312,0.17479967,0.39750415,0.42699227,0.5122857,0.7189398,0.76847893,0.63769346,0.62017053,0.61146265,0.63290185,0.6032725,0.8026506,0.74730074,0.67393434
0.61240727,0.70605004,0.6864474,0.862223,0.6074718,0.77316815,0.6518329,0.64858705,0.0,0.6918446,0.694042,0.6730613,0.48929942,0.6757505,0.68260604,0.7189485,0.6022433,0.7088519,0.61932874,0.76329774,0.83133626,0.62600654,0.6436646,0.6673597,0.93198085,0.70861465,0.7277076,0.666748,0.72425354,0.74079764,0.72514415,0.7012332,0.64362985,0.6875887,0.72141707,0.67367333,0.70781183,0.6161875,0.7355051,0.5246318,0.7931723,0.6334931,0.66233957,0.7194689,0.7668487,0.6962433,0.44824615,0.694042,0.6855359,0.7002027,0.71922314,0.7065077,0.6992509,0.7023517,0.7823423,0.7240529,0.67087823,0.68507624,0.6221054,0.6857108,0.70883965,0.5369148,0.6230958,0.4793358,0.44221148,0.694042,0.70470285,0.7223512,0.68428123,0.39932877,0.6563782,0.7541697,0.70167845,0.52336043,0.5449687,0.7848911,0.60555744,1.0942199,0.4961535,0.52698845,0.70635295,0.7081738,0.7084558,0.60245407,0.6517181,0.61552185,0.7363028,0.6112579,0.7467683,0.5440389,0.63744295,0.7087765,0.6777032,0.7362783,0.5141827,0.60915256,0.81183726,0.7458794,0.7214947,0.6165011,0.46670395,0.6285548,0.46260038,0.76199967,0.62104887,0.7242462,0.6906116,0.74578506,0.7090477,0.70316017,0.69445217,0.7467767,0.7275753,0.3138138,0.7486971,0.70428205,0.7103047,0.6941067,0.7245665,0.7487681,0.6908192,0.6722587,0.4906167,0.6993987,0.7189486,0.35015503,0.7869589,0.7355051,0.4821679,0.5321245,0.07788507,0.6502024,0.68219006,0.6985112,0.6621705,0.7224207,0.72079986,0.7154875,0.6948286,0.59265107,0.67860544,0.5091362,0.78638715,0.6576088,0.5895307,0.63304776,0.54852897,0.64466184,0.7118241,0.7245665,0.6125843,0.5712412,0.5623485,0.47254822,0.75291246,0.9487084,0.774802,0.75865036,0.7458794,0.6269094,0.6448385,0.58491594,0.6461306,0.6247544,0.703393,0.632384,0.6674643,0.6912673,0.70953375,0.7308021,0.7368022,0.6518965,0.6539094,0.24051286,0.7054718,0.48086753,0.6597624,0.5442111,0.5489753,0.4987582,0.7085514,0.6955799,0.6224868,0.6560027,0.75397575,0.6882644,0.7064226,0.68489105,0.67836505,0.44128335,0.36947846,0.6357778,0.7092731,0.694042,0.74477637,0.71264595,0.7029476,0.5537247,0.78615654
0.6134261,0.7542657,0.6956275,0.8064674,0.7292365,0.63316154,0.64002174,0.75344396,0.6918446,0.0,0.6525954,0.71867996,0.7469063,0.67186815,0.6754791,0.7962766,0.57922196,0.8391425,0.82192916,0.74364775,0.9334198,0.63325745,0.64104176,0.7672,0.8818748,0.84182686,0.69503415,0.8353649,0.8137381,0.7350779,0.85148907,0.8412377,0.7999049,0.8143413,0.8089147,0.72787243,0.8360199,0.58977544,0.64721686,0.76109177,0.89658815,0.6400544,0.7909523,0.67619973,0.808483,0.81723785,0.7311673,0.6525954,0.7402317,0.60548365,0.7947048,0.81742656,0.8339553,0.6712984,0.79949534,0.8492765,0.6646518,0.70404917,0.66792315,0.7444621,0.6991945,0.7901574,0.7818265,0.6906212,0.66011995,0.6525954,0.86048025,0.68783545,0.7536923,0.7913716,0.62935627,0.7009418,0.6335742,0.6827844,0.7401082,0.59619355,0.74146336,1.0650684,0.84613085,0.78782696,0.7470359,0.6811952,0.818607,0.7266918,0.78001076,0.8048705,0.74662113,0.588815,0.7414349,0.742537,0.49991515,0.84784716,0.6350628,0.7551084,0.77163476,0.63936967,0.80400956,0.5935137,0.85162926,0.80222374,0.6619911,0.63773304,0.6492898,0.7657251,0.64959025,0.69101644,0.798359,0.7281381,0.77722347,0.79263294,0.8097751,0.8029889,0.6687212,0.7227319,0.6645611,0.7378415,0.8283025,0.7231834,0.66041046,0.6915067,0.8223508,0.7982649,0.7786038,0.82943463,0.6842785,0.78631413,0.7620953,0.64721686,0.67323756,0.74041224,0.69058084,0.72286516,0.75014675,0.6537401,0.62281823,0.75195515,0.6958557,0.62542087,0.8232385,0.73429364,0.75895685,0.71078956,0.780647,0.8182944,0.69155496,0.7769377,0.68639666,0.8179406,0.67605805,0.66041046,0.56603426,0.76979697,0.8127971,0.6981648,0.70864564,0.9109179,0.7277226,0.7203506,0.5935137,0.6048878,0.6253114,0.61850804,0.7341003,0.6199732,0.6634457,0.62756795,0.7845325,0.71757144,0.70995265,0.69199395,0.63562965,0.609685,0.68197095,0.75884455,0.68144506,0.76104987,0.7960644,0.72063524,0.6400055,0.7468834,0.7167106,0.7783818,0.7706248,0.7726216,0.8391013,0.7799229,0.81588227,0.8032525,0.8053526,0.6293301,0.78087103,0.72574383,0.6742387,0.6525954,0.69295925,0.64968336,0.8076799,0.7675396,0.6676135
0.36912683,0.52434826,0.38680214,0.8690791,0.6277887,0.4757967,0.32969454,0.61146265,0.694042,0.6525954,0.0,0.50597835,0.53361154,0.3632677,0.41761664,0.6802694,0.15974317,0.6273031,0.74630684,0.66293293,0.79194784,0.30973062,0.23963886,0.6704771,0.94812006,0.67018396,0.164505,0.7331896,0.613515,0.6847243,0.64596283,0.6862566,0.7104613,0.6924565,0.6413648,0.4412015,0.69036776,0.2859071,0.42740098,0.618038,0.72201234,0.21853857,0.6678878,0.03837539,0.72740144,0.7198947,0.65672016,0.0,0.5354675,0.22144854,0.66382074,0.49415323,0.62213576,0.44583702,0.58768684,0.69079965,0.15348348,0.4010831,0.43129653,0.5788569,0.6910751,0.66376215,0.6058625,0.6652475,0.33922887,0.0,0.7371703,0.10412186,0.47672188,0.6853039,0.21284728,0.6251582,0.1980321,0.68330514,0.7698078,0.41746286,0.63753915,1.0469087,0.69434327,0.6709488,0.5096976,0.06068288,0.697122,0.52790856,0.56973314,0.68564916,0.47146082,0.30590212,0.460006,0.6079905,0.62702364,0.7081365,0.08098197,0.48104873,0.5390272,0.3841408,0.58804303,0.71667033,0.66759187,0.7489218,0.66862977,0.35187635,0.6514952,0.51360655,0.5885583,0.09514686,0.6395054,0.53945345,0.48279145,0.6764879,0.6497207,0.69868505,0.5684539,0.65978134,0.2789672,0.6075562,0.6342389,0.59048975,0.46129552,0.6089031,0.6766392,0.65727615,0.6673588,0.60301584,0.45330974,0.7158915,0.6423908,0.42740098,0.6792243,0.46435717,0.7104817,0.4822813,0.6601241,0.031685535,0.2804477,0.47495005,0.40406582,0.3799968,0.66322976,0.46355194,0.6314953,0.4404136,0.55610526,0.6139655,0.6740799,0.6179212,0.4159419,0.6846928,0.12973899,0.46129552,0.2878138,0.648148,0.6674726,0.6098394,0.62577957,0.9840698,0.67228085,0.62873685,0.71667033,0.31710088,0.36098304,0.3382012,0.39556015,0.3125668,0.03822703,0.15755317,0.5180238,0.5094133,0.3613634,0.33700493,0.4317283,0.58453536,0.52071804,0.628593,0.6717381,0.74215984,0.5680441,0.65385777,0.6552315,0.54738617,0.6672783,0.64654493,0.6129298,0.6731581,0.730958,0.64522946,0.64839005,0.5944665,0.6595818,0.62514704,0.6855678,0.3744266,0.07993622,0.0,0.6059546,0.19997443,0.7152759,0.7285696,0.4991225
0.52413595,0.59201324,0.19593829,0.89481956,0.5622218,0.6340142,0.54856205,0.75892115,0.6730613,0.71867996,0.50597835,0.0,0.5606525,0.45607898,0.6540328,0.43213624,0.45600826,0.65015537,0.5609509,0.7045751,0.6607111,0.5040949,0.4677629,0.56650907,0.97238857,0.7186361,0.52127844,0.5821934,0.77275014,0.71737736,0.7573662,0.7444338,0.7344145,0.7169201,0.83377033,0.6248236,0.7197308,0.46623257,0.6528642,0.63578784,0.6762417,0.51314354,0.7030962,0.5215191,0.61939526,0.7080733,0.55919796,0.50597835,0.12298516,0.5520373,0.4100587,0.37974787,0.6342048,0.6902201,0.59053904,0.6885443,0.5258668,0.49785203,0.63771737,0.47707376,0.6428238,0.57229286,0.79227215,0.6229917,0.5244428,0.50597835,0.710948,0.49394348,0.6254177,0.65210307,0.46893457,0.74095744,0.5490613,0.5843127,0.75170267,0.6541963,0.76070344,1.0478743,0.6768416,0.6083823,0.59739226,0.52477694,0.6886131,0.6663202,0.5205788,0.56407106,0.4159099,0.5154758,0.40069842,0.5663385,0.7204307,0.6797186,0.48315603,0.43412313,0.42015454,0.46634588,0.63608456,0.7596228,0.82275563,0.64626807,0.6545335,0.5061591,0.71117723,0.42225352,0.6971756,0.516656,0.78812206,0.5563114,0.37761253,0.8285086,0.81446105,0.77284575,0.44819447,0.66353863,0.5526093,0.40824303,0.7008823,0.41137397,0.7269791,0.73109114,0.71230006,0.6930648,0.63567066,0.6778913,0.6875661,0.62189054,0.5685771,0.6528642,0.65728277,0.46446764,0.70635486,0.6655326,0.7931097,0.5103789,0.539586,0.4879785,0.644633,0.67596155,0.49336627,0.46490458,0.79956466,0.47557405,0.6050271,0.4786012,0.63595355,0.58528304,0.46847394,0.5927,0.45668894,0.7269791,0.5097913,0.636189,0.5259908,0.7251856,0.7389642,0.98947924,0.7878561,0.74000436,0.7596228,0.52293515,0.50931555,0.49866757,0.56793267,0.5186719,0.51053476,0.4681049,0.43257675,0.041765768,0.4406091,0.46820024,0.6299681,0.68443084,0.62380046,0.69697976,0.7005993,0.6299294,0.5642792,0.7269925,0.6377822,0.59804934,0.68632424,0.7935263,0.7572267,0.7665549,0.82344496,0.7920451,0.79867727,0.7911028,0.7929447,0.61743635,0.6511501,0.56293154,0.5180517,0.50597835,0.71988016,0.55143946,0.60402465,0.6376286,0.56390214
0.37521744,0.5776077,0.5173204,0.7929389,0.5325628,0.63753456,0.47712624,0.66182023,0.48929942,0.7469063,0.53361154,0.5606525,0.0,0.58018184,0.5887371,0.6568024,0.4633044,0.6752804,0.5915653,0.60925764,0.80703974,0.44003075,0.45411786,0.62890387,0.87297124,0.7199444,0.5643757,0.587324,0.66086274,0.5843163,0.69453865,0.7370781,0.63142455,0.6955462,0.6755906,0.4999236,0.7336471,0.37812254,0.61242807,0.41682264,0.76496464,0.49602208,0.7143112,0.53082424,0.7579208,0.76595193,0.42403528,0.53361154,0.61447495,0.5635938,0.64739215,0.5466669,0.633475,0.49682537,0.63197637,0.7271662,0.55872124,0.58933216,0.4220509,0.57039875,0.61334944,0.24617204,0.6144173,0.5267806,0.28764388,0.53361154,0.76785415,0.56083935,0.4589785,0.5420425,0.48871392,0.588894,0.5619137,0.47795117,0.482439,0.6526499,0.5831272,1.0571772,0.6017779,0.48032883,0.5810359,0.5465409,0.7261498,0.646607,0.4921958,0.51927537,0.5968321,0.45606798,0.63619226,0.47050783,0.6337017,0.7219807,0.5315891,0.6106764,0.48275214,0.39791277,0.65330905,0.7123833,0.679216,0.666849,0.52356225,0.36426434,0.47019237,0.66735125,0.5232393,0.5644374,0.6378682,0.64150244,0.5542421,0.7329357,0.61687726,0.58502835,0.54403704,0.4685067,0.49760914,0.60359144,0.6939267,0.5831637,0.5490968,0.5748637,0.71319735,0.7009297,0.4372778,0.61853325,0.6205787,0.6027863,0.70459634,0.61242807,0.57595116,0.4273286,0.5217689,0.5330559,0.7034009,0.5389042,0.47318342,0.62042445,0.58609515,0.5816995,0.46345058,0.44025302,0.7071599,0.38984114,0.6189395,0.41691,0.48418024,0.29072717,0.3634655,0.5539826,0.5414856,0.5490968,0.45932418,0.48301834,0.39925885,0.42113954,0.5894955,0.8964394,0.6263975,0.5933913,0.7123833,0.4622405,0.47810972,0.41918162,0.44468993,0.44487816,0.54794794,0.47535342,0.5434513,0.59171575,0.5487149,0.58078486,0.59448075,0.5822595,0.5086855,0.49114737,0.555654,0.45228314,0.4865827,0.46521115,0.50303507,0.07224189,0.5666636,0.7077343,0.577008,0.6738129,0.7432626,0.713197,0.6450636,0.6416479,0.67411196,0.55554485,0.5362647,0.42727622,0.544651,0.53361154,0.5669317,0.5753158,0.67301637,0.5403467,0.64774424
0.51732844,0.38640532,0.40103644,0.87741894,0.51219296,0.45467436,0.4470931,0.6559242,0.6757505,0.67186815,0.3632677,0.45607898,0.58018184,0.0,0.5380976,0.46984568,0.41034597,0.53391415,0.6046855,0.6509798,0.6472147,0.3968097,0.4215976,0.5025137,0.9581543,0.6036321,0.34312105,0.6168602,0.6465256,0.77241874,0.5783903,0.58972543,0.587324,0.548734,0.6310959,0.4772869,0.5814344,0.46998218,0.49069333,0.55409664,0.62015724,0.44718516,0.5506163,0.38101912,0.6085327,0.5729952,0.5377306,0.3632677,0.4594825,0.44578674,0.45858702,0.41955018,0.5405343,0.5380216,0.563515,0.5583977,0.37044486,0.10469224,0.58134115,0.42312366,0.7144872,0.65281016,0.6391727,0.55408806,0.44350824,0.3632677,0.624196,0.3494703,0.4515827,0.49596462,0.46777678,0.6507254,0.44508508,0.6140174,0.73378783,0.4876571,0.6653214,1.03597,0.5207106,0.49586183,0.33668968,0.3301543,0.57164305,0.53713804,0.42323253,0.56464094,0.39694574,0.4019794,0.340235,0.5210233,0.6247193,0.5479322,0.3743842,0.38647532,0.52067107,0.49029237,0.59321004,0.6747815,0.6806249,0.5401238,0.5777582,0.4968341,0.6489878,0.39072737,0.6051101,0.38865876,0.6665435,0.46287203,0.47347933,0.71179616,0.67309046,0.7294526,0.4812448,0.58670986,0.5260596,0.49426037,0.5301528,0.43830362,0.550116,0.63908875,0.5364132,0.5150866,0.53357124,0.49269605,0.5296066,0.54891765,0.550965,0.49069333,0.56048363,0.3504675,0.6924081,0.51628995,0.67044663,0.3439998,0.4521475,0.2644137,0.4569285,0.43687883,0.5345016,0.46267402,0.6738991,0.40230078,0.56721663,0.44535655,0.6075297,0.59227425,0.458349,0.55221236,0.3586601,0.550116,0.40973032,0.5571826,0.53477514,0.6158692,0.64792174,0.99392766,0.7004022,0.65069497,0.6747815,0.4112016,0.44840094,0.50714207,0.42964607,0.50475144,0.36782223,0.39720306,0.43294477,0.4541828,0.40616372,0.34626395,0.45036936,0.63182145,0.53943324,0.5981357,0.74190724,0.6668885,0.49394757,0.6647086,0.6570584,0.58888423,0.67570627,0.71426666,0.64877886,0.68880916,0.67163616,0.67671347,0.6732882,0.6535416,0.6517396,0.5430937,0.5144082,0.4207688,0.32605734,0.3632677,0.64046276,0.39349753,0.5379816,0.5709924,0.45743352
0.30251452,0.7058057,0.54718316,0.90531147,0.6689595,0.5375242,0.17273691,0.726288,0.68260604,0.6754791,0.41761664,0.6540328,0.5887371,0.5380976,0.0,0.7530746,0.31983674,0.8233696,0.83032006,0.72984326,0.86567634,0.3225043,0.37491947,0.7844017,0.9020565,0.843444,0.3990434,0.81615233,0.77831304,0.71893656,0.81439793,0.83857363,0.732556,0.82448226,0.6525091,0.67976207,0.85806984,0.40254146,0.5709341,0.70017195,0.88377297,0.3199532,0.8287463,0.4373201,0.79163784,0.8595349,0.7443858,0.41761664,0.654002,0.47795188,0.7639352,0.6308545,0.79257923,0.62984747,0.7960794,0.84874284,0.31110242,0.52639425,0.4593882,0.63194644,0.6874223,0.70131105,0.7030933,0.6418378,0.31572765,0.41761664,0.8678839,0.4605181,0.6260922,0.7255974,0.42440933,0.7118754,0.4773236,0.6794739,0.7627426,0.6386731,0.6124759,1.0733165,0.79800934,0.711037,0.6421045,0.3613454,0.83960027,0.70012814,0.6742211,0.794997,0.6719872,0.286963,0.6470896,0.67298967,0.5998572,0.86759114,0.45357686,0.7068468,0.6768841,0.43557525,0.7936197,0.7379681,0.7670378,0.7403623,0.6632338,0.35413268,0.6448296,0.70250875,0.6233667,0.47405317,0.76005054,0.7014934,0.69159204,0.7760149,0.7683611,0.6784697,0.6613996,0.7380886,0.5637717,0.7469655,0.8100949,0.73596644,0.6320911,0.7130372,0.7937123,0.80479157,0.72641665,0.75420266,0.66619635,0.7955012,0.77831566,0.5709341,0.6192564,0.521869,0.6822291,0.62432086,0.7477673,0.38863796,0.334472,0.70446134,0.57702595,0.49716076,0.7526762,0.6397289,0.7349696,0.51549166,0.7689391,0.7084092,0.61227363,0.61532766,0.5468769,0.7756445,0.46303925,0.6320911,0.29006445,0.72444004,0.7355761,0.55328035,0.7177248,0.9320184,0.72118366,0.7250551,0.7379681,0.3141798,0.3907537,0.33501345,0.5795061,0.313406,0.4347113,0.32113406,0.6297321,0.649955,0.59083724,0.5621478,0.5582998,0.6960093,0.67506856,0.65037364,0.66330993,0.75860494,0.66084826,0.59025306,0.62571234,0.58181256,0.70404917,0.7866191,0.7065777,0.79212165,0.7499725,0.7494078,0.78046453,0.7474967,0.7738675,0.6386201,0.7425989,0.5657798,0.34741694,0.41761664,0.70669276,0.43972653,0.8198635,0.7848412,0.6362162
0.64041555,0.45275718,0.47853968,0.92459756,0.51615727,0.69602126,0.6599563,0.8102321,0.7189485,0.7962766,0.6802694,0.43213624,0.6568024,0.46984568,0.7530746,0.0,0.65774566,0.566393,0.57967687,0.77778363,0.6314867,0.6309206,0.64657885,0.4761962,1.0034008,0.7084837,0.66407907,0.5820487,0.8197596,0.8174856,0.72633535,0.69226944,0.5931711,0.65831745,0.8414478,0.5761463,0.6905261,0.66319466,0.6875482,0.6326376,0.6240015,0.67010325,0.690757,0.6753731,0.56583464,0.68589294,0.55595666,0.6802694,0.4259302,0.67812496,0.029763684,0.4077614,0.5759388,0.79872596,0.7059137,0.686879,0.6747813,0.52998734,0.744869,0.52749664,0.71196437,0.6282016,0.82481444,0.5746013,0.5995928,0.6802694,0.7056959,0.64390415,0.6707395,0.59199655,0.69277745,0.835439,0.67705417,0.5108614,0.79438555,0.763709,0.81601703,1.039142,0.6127577,0.53336716,0.46236148,0.6727425,0.68402237,0.6913709,0.5324358,0.59895205,0.3439184,0.64157367,0.3651734,0.55530983,0.76904774,0.67361796,0.67867893,0.3954706,0.540569,0.62243795,0.7249638,0.8192822,0.84962994,0.49580878,0.5825399,0.6273307,0.72745985,0.37997463,0.6734293,0.6961406,0.83585054,0.6274672,0.42946234,0.8400642,0.83719736,0.85498,0.57157695,0.70043296,0.730554,0.50133705,0.7218938,0.43746236,0.80913514,0.83132124,0.70065826,0.67170304,0.57895595,0.7029653,0.72808796,0.5934799,0.5766316,0.6875482,0.5747813,0.50539273,0.73485565,0.6067077,0.8172737,0.6739758,0.68662804,0.4993299,0.6780915,0.7053466,0.5377679,0.49677324,0.82109255,0.5127606,0.7207407,0.5265702,0.70822465,0.655502,0.5372571,0.5995313,0.65171945,0.80913514,0.640451,0.61899513,0.5329285,0.7353985,0.82810843,1.0320772,0.85982287,0.82881826,0.8192822,0.6454187,0.6257663,0.6650346,0.6371378,0.6761364,0.6830069,0.65618306,0.40942818,0.43344006,0.5345825,0.5590763,0.69802415,0.6787437,0.60434467,0.7024631,0.79576916,0.64749753,0.62985325,0.73181266,0.6608472,0.6646944,0.7866754,0.8384312,0.83176273,0.8201974,0.7989506,0.8148051,0.83534473,0.8399237,0.8068396,0.5622701,0.60909265,0.6323315,0.66776115,0.6802694,0.8303744,0.6465652,0.50193274,0.60277456,0.67880344
0.27345192,0.5896878,0.32996663,0.87712824,0.567963,0.46865666,0.2315685,0.6629103,0.6022433,0.57922196,0.15974317,0.45600826,0.4633044,0.41034597,0.31983674,0.65774566,0.0,0.69405425,0.6879857,0.6659455,0.81218493,0.21985216,0.15973562,0.6291263,0.95718306,0.7061305,0.26805186,0.6802681,0.65768826,0.6232741,0.68173033,0.7235468,0.672419,0.7238382,0.6697552,0.4957215,0.724039,0.21528462,0.48944023,0.53957784,0.7463374,0.16139054,0.70046073,0.17042309,0.7142106,0.7572584,0.56993306,0.15974317,0.48074436,0.29370767,0.64198786,0.51026905,0.6980875,0.51916814,0.5812837,0.7250673,0.22100016,0.44555718,0.39747638,0.53780746,0.6073024,0.59342855,0.6497904,0.57809484,0.2458747,0.15974317,0.76595724,0.21940154,0.50093985,0.623298,0.14081481,0.626906,0.29174146,0.5998012,0.70896083,0.42883095,0.5836027,1.0589477,0.70023835,0.5997799,0.56173766,0.21896367,0.701924,0.555492,0.5262566,0.6283146,0.5161196,0.19230752,0.4904027,0.5312135,0.5236264,0.73789597,0.16870435,0.5095336,0.48924366,0.3137231,0.5901352,0.63803947,0.67776006,0.69090974,0.59247804,0.25489673,0.56253535,0.5276612,0.5051469,0.21897665,0.6670404,0.5455736,0.49750397,0.7215262,0.6714761,0.6439297,0.50906485,0.6116816,0.26927865,0.58006114,0.6667163,0.57964903,0.52365035,0.61355865,0.7190196,0.6891821,0.5930918,0.6326208,0.46997625,0.65937334,0.6400586,0.48944023,0.5920316,0.39980116,0.61897945,0.51443136,0.6955579,0.18996632,0.33009264,0.5156069,0.45753738,0.44834107,0.6132189,0.42275223,0.6831168,0.36704808,0.547301,0.5554527,0.585215,0.54567116,0.3643572,0.62097013,0.25940818,0.52365035,0.16443525,0.574826,0.60791856,0.511606,0.62774706,0.97632843,0.67730266,0.6324593,0.63803947,0.19953421,0.2666234,0.24501391,0.4297094,0.20498458,0.1851244,0.09646073,0.5233,0.4583013,0.4320603,0.37618604,0.45095345,0.5139283,0.55703586,0.5568236,0.5912668,0.64571875,0.52503616,0.56047803,0.55831254,0.46572408,0.5682125,0.6972811,0.64048195,0.7244993,0.7670262,0.69579995,0.67677957,0.62049365,0.68772066,0.5383964,0.62201655,0.41067177,0.19993813,0.15974317,0.60069364,0.31023842,0.7281986,0.662062,0.5262924
0.7081789,0.565142,0.63421106,0.8958597,0.50145423,0.67599934,0.7106714,0.6977929,0.7088519,0.8391425,0.6273031,0.65015537,0.6752804,0.53391415,0.8233696,0.566393,0.69405425,0.0,0.681509,0.73595566,0.760321,0.68403584,0.6969386,0.6183874,0.9717431,0.6961734,0.6205789,0.7170945,0.75210255,0.84373754,0.72866356,0.7031535,0.7019954,0.6399114,0.7540184,0.60525686,0.6957164,0.7103476,0.68939304,0.71916837,0.722034,0.7399659,0.6830465,0.6354659,0.7437187,0.6745743,0.64969796,0.6273031,0.6609709,0.6318374,0.566974,0.5634629,0.13058558,0.6635414,0.6965359,0.6688565,0.6328219,0.5776315,0.7289874,0.59172064,0.81556237,0.66993976,0.7181059,0.66758007,0.67007554,0.6273031,0.6979221,0.58294183,0.6031568,0.71662164,0.72350997,0.7188067,0.63184303,0.6499912,0.78152657,0.6785866,0.8145088,1.0260494,0.66155803,0.6475305,0.6021745,0.6127253,0.69654316,0.61176306,0.65933955,0.6640779,0.58170104,0.6996621,0.55498916,0.68353266,0.748877,0.6551951,0.65034276,0.6042926,0.66936034,0.72091544,0.6946575,0.7697551,0.7717187,0.71002436,0.6323287,0.68291616,0.7113404,0.61255014,0.69074744,0.64411527,0.74086064,0.63819766,0.5724145,0.76014674,0.7581186,0.8213159,0.74851364,0.6364433,0.67484444,0.6923514,0.6492168,0.6384992,0.6735169,0.71405494,0.6992099,0.6831062,0.71909744,0.650627,0.6485995,0.68912435,0.714442,0.68939304,0.6727723,0.6620787,0.72249544,0.6326183,0.73153955,0.6144519,0.66882986,0.5836292,0.5934502,0.63927144,0.6516713,0.6104964,0.71700346,0.68201554,0.6868166,0.613548,0.732317,0.6999572,0.6194841,0.6883154,0.64549565,0.6735169,0.69552904,0.73613065,0.63770807,0.7259311,0.716373,1.0138797,0.78587776,0.7354748,0.7697551,0.7036128,0.7516461,0.7162413,0.54411316,0.72568214,0.63131505,0.69553137,0.545675,0.6543041,0.5990198,0.58646256,0.63581026,0.6991612,0.6273424,0.7054596,0.8171091,0.6565577,0.6691614,0.7424495,0.73034024,0.68266267,0.7647714,0.7470467,0.74314946,0.7325852,0.7187612,0.73181564,0.7399746,0.7377982,0.70606536,0.650848,0.71205497,0.53337485,0.61586887,0.6273031,0.7206628,0.6019379,0.6205671,0.69543177,0.67126954
0.67541564,0.62987,0.5731904,0.88436157,0.538738,0.77061737,0.7376557,0.79325485,0.61932874,0.82192916,0.74630684,0.5609509,0.5915653,0.6046855,0.83032006,0.57967687,0.6879857,0.681509,0.0,0.7230791,0.74057865,0.7084747,0.7019326,0.5140686,0.96207327,0.6544893,0.76291007,0.39286196,0.78352076,0.6630583,0.69083524,0.68549955,0.63396895,0.66212916,0.82641995,0.72620124,0.67315835,0.6888678,0.7477372,0.4544385,0.685473,0.72719985,0.64359593,0.74300706,0.6842994,0.69003206,0.4820437,0.74630684,0.58026654,0.7675924,0.5715517,0.58953774,0.69131714,0.75798446,0.7115194,0.6409606,0.75451493,0.64782536,0.7090806,0.65834874,0.6437597,0.53966707,0.7913257,0.6658292,0.6421942,0.74630684,0.68342584,0.73903775,0.677005,0.55740494,0.7163423,0.742102,0.76724577,0.5938091,0.57358867,0.81635433,0.7401087,1.0907384,0.5803586,0.39539394,0.6435535,0.7574167,0.6738999,0.6914143,0.3887268,0.39190462,0.6298009,0.70267135,0.6185306,0.47780588,0.73669577,0.64986384,0.742457,0.646296,0.5226538,0.690589,0.7510698,0.7390451,0.79147434,0.605739,0.6246211,0.6671876,0.601637,0.6216012,0.70098394,0.7630727,0.77256763,0.7110339,0.59665203,0.83742505,0.79774165,0.7426963,0.65017724,0.5863659,0.7287366,0.6211638,0.67355055,0.52629375,0.76355284,0.73547816,0.6621826,0.6452047,0.4671396,0.65908694,0.748707,0.51833165,0.72215694,0.7477372,0.6617913,0.56996685,0.6341118,0.7601025,0.80441755,0.7485753,0.7432124,0.59401804,0.7490966,0.7565632,0.41230434,0.47763014,0.8067652,0.5641064,0.73891956,0.4060323,0.540175,0.5451037,0.5257585,0.3884198,0.710873,0.76355284,0.7015985,0.4661712,0.40745118,0.599788,0.73823947,0.97857857,0.7754638,0.7398969,0.7390451,0.70814115,0.6945072,0.7076758,0.6653228,0.72253025,0.75080764,0.7031449,0.6088598,0.56133926,0.673343,0.69198185,0.76374227,0.7250384,0.7649488,0.60706717,0.64425987,0.42053437,0.46696445,0.5733674,0.58223546,0.59433514,0.594471,0.8149932,0.7820932,0.79450935,0.8101303,0.8104852,0.782171,0.787627,0.8041811,0.65591305,0.53030294,0.6602506,0.7564325,0.74630684,0.73036647,0.7627212,0.54138845,0.41614196,0.7697237
