0,1,2,3,4,5,6,7,8,9,10,11,12,13,14,15,16,17,18,19,20,21,22,23,24,25,26,27,28,29,30,31,32,33,34,35,36,37,38,39,40,41,42,43,44,45,46,47,48,49,50,51,52,53,54,55,56,57,58,59,60,61,62,63,64,65,66,67,68,69,70,71,72,73,74,75,76,77,78,79,80,81,82,83,84,85,86,87,88,89,90,91,92,93,94,95,96,97,98,99,100,101,102,103,104,105,106,107,108,109,110,111,112,113,114,115,116,117,118,119,120,121,122,123,124,125,126,127,128,129,130,131,132,133,134,135,136,137,138,139,140,141,142,143,144,145,146,147,148,149,150,151,152,153,154,155,156,157,158,159,160,161,162,163,164,165,166,167,168,169,170,171,172,173,174,175,176
0.99999994,0.80914277,0.88415897,0.85016453,0.87607574,0.8115418,0.73424524,0.81023145,0.87277293,0.86617625,0.77027845,0.8318596,0.84262496,0.8843615,0.87362844,0.79772514,0.9572544,0.88621634,0.8389468,0.8152201,0.5588095,0.86405665,0.50740457,0.5004786,0.87634754,0.83061516,0.9269075,0.76878893,0.798789,0.9515957,0.95305043,0.832706,0.8932003,0.8235649,0.7282474,0.8191776,0.5471171,0.79070556,0.8197649,0.8638296,0.78474396,0.7605038,0.78564084,0.7964511,0.81654584,0.76681453,0.8961184,0.8154132,0.81067014,0.7864665,0.7803591,0.8553139,0.8432193,0.77348226,0.9313782,0.89460087,0.8230517,0.82368416,0.7598915,0.8179059,0.77446294,0.77314246,0.8066467,0.7471038,0.82638836,0.7393507,0.9009409,0.8546388,0.76959103,0.7551838,0.808829,0.9386349,0.79943895,0.79980904,0.8850655,0.8111825,0.5229354,0.8014397,0.8014397,0.7940033,0.82739544,0.83264446,0.7925141,0.87516224,0.8572658,0.8788077,0.835521,0.7436763,0.81270343,0.8624302,0.892197,0.88637495,0.88637495,0.89125925,0.7813828,0.78836334,0.8543936,0.8929113,0.7943385,0.785656,0.86782587,0.8793733,0.8808769,0.76827645,0.90978414,0.7886215,0.71713424,0.8930893,0.7928504,0.7108406,0.7386338,0.7811488,0.54915947,0.7672242,0.90284467,0.9019609,0.6011636,0.54915947,0.89676815,0.73612475,0.82297707,0.782985,0.8008402,0.8160465,0.742334,0.7612012,0.88681763,0.91590244,0.72762156,0.900651,0.83716404,0.78548104,0.8051392,0.889554,0.799636,0.83886313,0.88809186,0.77883565,0.88645506,0.8746288,0.7362795,0.8344778,0.8866387,0.8220329,0.78742266,0.90800875,0.43786007,0.7734805,0.8062414,0.7860675,0.73734653,0.7657138,0.8016599,0.8930783,0.7741388,0.7746089,0.78933084,0.8932224,0.84589064,0.8092561,0.6546509,0.82095385,0.72085977,0.44791186,0.7931373,0.7484009,0.7831174,0.8169558,0.80709004,0.7865724,0.8080176,0.7994231,0.86265105,0.8755723,0.8557912,0.8256492,0.75593555
0.80914277,1.0,0.88668466,0.92566085,0.8443558,0.9208412,0.8550893,0.9003155,0.9204252,0.8833936,0.93321866,0.94443107,0.836995,0.91224,0.88955855,0.92557824,0.8745477,0.9108087,0.8831336,0.92804205,0.53227806,0.87742925,0.5014634,0.50384325,0.93318486,0.92590785,0.86752766,0.8472196,0.9141293,0.8594974,0.8608635,0.92399323,0.88514704,0.90804386,0.72335196,0.930271,0.55121946,0.931052,0.9246773,0.941667,0.9015046,0.90664124,0.9187428,0.92885804,0.9110108,0.91288656,0.86867464,0.9289687,0.91414595,0.8417171,0.823747,0.8876985,0.901508,0.9240667,0.8870535,0.84390724,0.91671145,0.94539046,0.92078626,0.92897147,0.893304,0.9188964,0.92257106,0.8973488,0.91730046,0.83694154,0.8989467,0.88821954,0.9507616,0.90742946,0.91780365,0.8542193,0.920531,0.91743046,0.92287743,0.90904284,0.5241449,0.93817997,0.93817997,0.91761667,0.9379837,0.9323168,0.93180823,0.9171876,0.9321195,0.89739466,0.93906057,0.9062099,0.898031,0.86088103,0.9370281,0.9022151,0.9022151,0.90202516,0.909539,0.91415524,0.9292196,0.899707,0.91257876,0.93921363,0.92716974,0.92528415,0.9070522,0.92271376,0.9156673,0.9244647,0.89708287,0.90018004,0.9415735,0.8949712,0.8738402,0.92834425,0.47668195,0.9161578,0.8945666,0.9256276,0.6397744,0.47668195,0.8713014,0.7891227,0.94174564,0.92953867,0.9278697,0.92823416,0.89234626,0.92809296,0.8664896,0.8250327,0.82627964,0.81583273,0.9266755,0.9067016,0.952351,0.8970617,0.94033325,0.9386016,0.9040112,0.9052881,0.8329898,0.9015801,0.9064783,0.94379926,0.8657393,0.9356555,0.9212204,0.872644,0.5463296,0.9131522,0.94261986,0.866679,0.90313727,0.8369596,0.9403469,0.914805,0.83027697,0.85920787,0.937171,0.90018696,0.93707454,0.9421483,0.81961244,0.9307555,0.89866686,0.5406843,0.919644,0.9182829,0.92631537,0.8850207,0.9178159,0.92166173,0.94577944,0.9173478,0.9372186,0.9237398,0.933925,0.94271886,0.87654316
0.88415897,0.88668466,0.9999999,0.8713598,0.8571807,0.883523,0.76103437,0.9185864,0.9421592,0.9629828,0.88245416,0.86095977,0.89514154,0.95851105,0.99155414,0.8984232,0.9287229,0.97706014,0.93846434,0.92022455,0.50926423,0.9001994,0.4599894,0.44331282,0.94005275,0.87193537,0.90061176,0.8067298,0.9108959,0.8961759,0.9240795,0.8927827,0.9564371,0.9004713,0.7089762,0.87399316,0.49221718,0.86624944,0.8812869,0.9363831,0.87774396,0.88737494,0.895685,0.8573353,0.8683504,0.82162356,0.92992735,0.91014075,0.84647673,0.7825861,0.8686359,0.9625692,0.88791144,0.8690827,0.91384333,0.8505122,0.90710604,0.92503846,0.8897078,0.90996933,0.8192264,0.839741,0.8932713,0.8552066,0.9275865,0.8321198,0.94838965,0.93010765,0.8548365,0.83514947,0.8606707,0.9442067,0.89802295,0.9052534,0.9526497,0.9044895,0.5055779,0.86649084,0.86649084,0.8583278,0.89802194,0.91319746,0.8764566,0.92652273,0.9435575,0.9625406,0.926664,0.81620884,0.8764998,0.90353155,0.91930014,0.9439043,0.9439043,0.9572438,0.83203316,0.85027087,0.92495173,0.96484345,0.8413057,0.86746645,0.93592954,0.9558133,0.9210463,0.866915,0.95709956,0.8493469,0.8240028,0.9545366,0.89274734,0.8205905,0.77415276,0.8467016,0.47663254,0.87689435,0.953901,0.92877233,0.5699891,0.47663254,0.8818104,0.73264295,0.9020499,0.89457786,0.9034856,0.87206286,0.80202895,0.8775238,0.91744155,0.89612097,0.75906575,0.895875,0.9070946,0.84924793,0.90220475,0.9546807,0.91246575,0.9081533,0.954842,0.8581348,0.8382938,0.9536193,0.8406399,0.9261994,0.92791444,0.90749115,0.88825357,0.8905046,0.40901253,0.83866596,0.89121515,0.82308495,0.8117651,0.7954732,0.8895618,0.95062226,0.7780485,0.83220303,0.8768195,0.9692827,0.90945464,0.8946231,0.74871194,0.87657785,0.81263065,0.42198908,0.87284136,0.8471401,0.89082557,0.85089576,0.852878,0.89796954,0.89835894,0.8504207,0.92775035,0.9502381,0.92583364,0.91944,0.7856267
0.85016453,0.92566085,0.8713598,0.99999994,0.8763,0.90483415,0.83553714,0.8079474,0.88304245,0.86501694,0.8790076,0.89711195,0.8617089,0.9225047,0.8700063,0.8600118,0.8993002,0.88326406,0.8394594,0.9009153,0.54299515,0.915062,0.50972956,0.49409232,0.92223775,0.9275675,0.905957,0.85673773,0.8307685,0.8976841,0.8947468,0.91726893,0.87416446,0.89715517,0.74044454,0.9253027,0.54663014,0.9033687,0.9175954,0.87590706,0.9069214,0.8745426,0.8976003,0.9154688,0.9159856,0.9059893,0.88319874,0.9134571,0.9129031,0.8690869,0.7819744,0.8405261,0.907349,0.8874375,0.89066803,0.8875647,0.9202432,0.90052223,0.8493556,0.9089625,0.9000337,0.87533903,0.90733224,0.8609756,0.83818525,0.7527641,0.90559137,0.8389366,0.8831425,0.8981743,0.9074185,0.86944354,0.9003943,0.8734424,0.91688645,0.8967198,0.53648686,0.92215,0.92215,0.9115943,0.9209882,0.9047861,0.91643405,0.9151036,0.89926785,0.8792993,0.89644563,0.8886106,0.9070468,0.8808228,0.9155823,0.9000667,0.9000667,0.8940214,0.9058033,0.9162401,0.90774167,0.8815074,0.91902876,0.9000221,0.9158317,0.91050684,0.91729987,0.9009456,0.903319,0.90898645,0.8519664,0.89271533,0.89987916,0.8470198,0.8796823,0.9120215,0.49777597,0.8857401,0.9117898,0.9341862,0.6299794,0.49777597,0.88944554,0.8146757,0.9155947,0.87025934,0.9017771,0.89679176,0.8886303,0.85647655,0.8928321,0.86945814,0.8277991,0.8596227,0.9245833,0.9047613,0.90969384,0.90895724,0.9033569,0.9243256,0.8836851,0.8896123,0.87773645,0.8682395,0.87213564,0.92541677,0.8435215,0.91061354,0.89714086,0.89159644,0.5498861,0.9073297,0.90949404,0.9179416,0.88030106,0.8826589,0.9166492,0.91091,0.8530184,0.87179434,0.90177655,0.88441527,0.9207841,0.9162098,0.7978241,0.9304335,0.8705197,0.53837043,0.8782992,0.8813828,0.87748784,0.9343035,0.92623144,0.9093791,0.9063715,0.9247505,0.9318991,0.8806432,0.9266388,0.92030025,0.8894081
0.87607574,0.8443558,0.8571807,0.8763,0.9999999,0.84530187,0.8508284,0.78052866,0.874449,0.82364154,0.82080257,0.84960353,0.8970206,0.9053204,0.85711443,0.80376726,0.9068505,0.86857474,0.7950078,0.8481833,0.53571916,0.8896808,0.5149132,0.4789862,0.89578557,0.8860377,0.93508095,0.9111721,0.7787155,0.9354489,0.8829125,0.8469439,0.8848342,0.86729735,0.70303893,0.8822793,0.55235386,0.88728225,0.87665784,0.8684964,0.8720567,0.82396007,0.8574564,0.8485998,0.8612021,0.84513605,0.8630873,0.85791403,0.88035274,0.9019978,0.8387407,0.8243181,0.90070546,0.84273946,0.91875046,0.9068049,0.8480402,0.86794996,0.79014236,0.8274636,0.88929105,0.8212806,0.83340645,0.82447684,0.7909652,0.6947011,0.8888273,0.8047417,0.83422905,0.84669214,0.8505338,0.86457795,0.8572376,0.8149488,0.88783586,0.8282775,0.5425253,0.88722384,0.88722384,0.88744,0.8632914,0.8609029,0.8659885,0.9045336,0.882473,0.8590983,0.842306,0.8323914,0.8824189,0.9008892,0.89087385,0.89849657,0.89849657,0.89758,0.8939411,0.8948647,0.8608481,0.8656116,0.8870103,0.8336425,0.8541624,0.8958318,0.91636753,0.83888686,0.8925514,0.89340174,0.8165312,0.90926576,0.82951814,0.8115097,0.8747651,0.8702312,0.5011156,0.84458506,0.8710828,0.91448617,0.62423325,0.5011156,0.9654518,0.90485,0.8445107,0.8326009,0.83722925,0.87633765,0.83910286,0.79396474,0.9172435,0.873633,0.8746749,0.88399696,0.8689436,0.8606548,0.8638785,0.9000525,0.83300513,0.85247034,0.8612721,0.8818294,0.94081736,0.85796064,0.8199488,0.86709374,0.8360826,0.89205754,0.8584861,0.9570635,0.4881405,0.8499749,0.83012486,0.8371214,0.8522161,0.82175124,0.85716325,0.88686097,0.9041682,0.8157134,0.87394154,0.8659141,0.8822411,0.855802,0.8322558,0.8953028,0.8128117,0.48267433,0.79808027,0.8305868,0.8318251,0.86245793,0.8909129,0.8372707,0.87913966,0.8974924,0.88391894,0.85750127,0.8931125,0.8777946,0.87978756
0.8115418,0.9208412,0.883523,0.90483415,0.84530187,1.0,0.8640466,0.8548984,0.894889,0.87840444,0.9194998,0.9277579,0.8047358,0.8921993,0.88172984,0.88994306,0.87135994,0.895644,0.8635965,0.93285084,0.5201825,0.8768151,0.47830647,0.46377793,0.9338011,0.936093,0.87147266,0.8470671,0.885106,0.86221844,0.8561777,0.9619023,0.8943078,0.9595834,0.7480923,0.93594,0.52486235,0.92490315,0.9512803,0.9119128,0.89502597,0.89627326,0.908201,0.93876797,0.91234416,0.9277301,0.858281,0.940844,0.9320936,0.86324394,0.8145506,0.87835634,0.9123914,0.9442462,0.880812,0.808951,0.944863,0.94330806,0.9025713,0.9661869,0.886751,0.93423545,0.94452757,0.90671283,0.8725725,0.7920451,0.8923076,0.85984766,0.9309548,0.92560136,0.9218733,0.86470234,0.942748,0.9274014,0.9310033,0.9540121,0.51282406,0.93347263,0.93347263,0.91874146,0.9447649,0.94379985,0.93706816,0.9131193,0.9063918,0.8972286,0.9340953,0.92828834,0.93906033,0.8226973,0.90086204,0.8751857,0.8751857,0.87768614,0.90324295,0.9101834,0.9321991,0.8846127,0.91896117,0.94354266,0.9342488,0.9136542,0.878729,0.91046095,0.9000156,0.914587,0.8988429,0.8716047,0.94819415,0.8952126,0.8794553,0.92951727,0.47387022,0.9403492,0.90529096,0.91346765,0.61524963,0.47387022,0.8769618,0.8009218,0.9512844,0.94269156,0.9571336,0.9152082,0.91121316,0.9338802,0.8464266,0.8035064,0.8422135,0.81112146,0.93437266,0.9409715,0.9492884,0.900648,0.9432738,0.9451426,0.89525265,0.9167285,0.82030165,0.8907267,0.9183479,0.9507782,0.86060303,0.9531511,0.94404465,0.8750313,0.5580543,0.93654436,0.92140996,0.88324237,0.91524136,0.8437668,0.940124,0.9303393,0.833574,0.89548904,0.9355084,0.88534296,0.93342626,0.93759686,0.8301636,0.9254745,0.9223534,0.54335785,0.9166321,0.93206555,0.9206583,0.9045309,0.9316874,0.9397484,0.9385309,0.92753345,0.9407988,0.902689,0.9453533,0.96199936,0.88386387
0.73424524,0.8550893,0.76103437,0.83553714,0.8508284,0.8640466,1.0000001,0.7310971,0.8111788,0.7447278,0.8507084,0.8641058,0.75475323,0.8065872,0.7654358,0.8015045,0.7795385,0.7867329,0.737483,0.8435778,0.49358338,0.80742186,0.44316965,0.4402536,0.8417304,0.85644317,0.8200679,0.8934258,0.7483326,0.7944782,0.7449286,0.8297944,0.7955627,0.8711465,0.69234693,0.8792008,0.5034337,0.90781987,0.89299166,0.81417716,0.8565463,0.83365136,0.8570271,0.8999859,0.85788685,0.8986412,0.7652321,0.8652737,0.9006372,0.87951714,0.7806817,0.754099,0.86508733,0.8989625,0.8264208,0.75921386,0.8631732,0.8689902,0.81982845,0.8353072,0.8802431,0.83566666,0.83939564,0.86303854,0.7462569,0.6495898,0.7959328,0.7366605,0.8716394,0.8824163,0.8614619,0.74297976,0.86804295,0.8303816,0.820107,0.82738405,0.4768703,0.89756656,0.89756656,0.8954402,0.86546373,0.8494433,0.882416,0.8227733,0.83277804,0.7793164,0.8411951,0.8857681,0.88746065,0.7745393,0.83237946,0.81123036,0.81123036,0.8021868,0.90191287,0.89799416,0.8465109,0.78291655,0.89688706,0.87975144,0.82195276,0.8315184,0.8232892,0.86837864,0.8102585,0.90500224,0.8766986,0.80288833,0.85785884,0.8750975,0.9130411,0.8997318,0.43023872,0.88139164,0.77732176,0.8492493,0.61276865,0.43023872,0.8415214,0.8651294,0.85457295,0.8617793,0.8478156,0.8408549,0.87516904,0.82637846,0.7893622,0.72251296,0.8819461,0.7497553,0.8504862,0.8880439,0.8802951,0.8048259,0.8547721,0.8471497,0.7845434,0.8984453,0.7878133,0.7887866,0.87494636,0.8608941,0.7517948,0.9005794,0.88547903,0.8308389,0.5618309,0.8948517,0.8570207,0.84179795,0.8969861,0.794278,0.8760723,0.8154449,0.89302015,0.8414052,0.90478647,0.7829894,0.85381204,0.86634785,0.87902623,0.8932272,0.9064893,0.53800285,0.8145371,0.8863456,0.8611691,0.8408389,0.89459264,0.84613335,0.8928181,0.9060651,0.84972787,0.79692614,0.85710716,0.87818813,0.893748
0.81023145,0.9003155,0.9185864,0.8079474,0.78052866,0.8548984,0.7310971,0.9999999,0.91221726,0.9046445,0.875714,0.87820387,0.81083894,0.8818176,0.92128956,0.9226676,0.86305505,0.9174383,0.9256519,0.87506044,0.480052,0.8370042,0.45286545,0.425159,0.9025097,0.8268834,0.8205161,0.7556592,0.948671,0.81557095,0.85484725,0.85135174,0.90379,0.8581496,0.6941949,0.8237871,0.47217026,0.8304421,0.8448503,0.9389445,0.8129552,0.8417107,0.862859,0.8183443,0.81192076,0.7870617,0.8556652,0.85854995,0.8018058,0.71777487,0.8185985,0.9416242,0.82642484,0.8458079,0.8572271,0.7802682,0.85578156,0.89695674,0.88429743,0.87577057,0.7650937,0.8514329,0.85196537,0.83334935,0.9647345,0.9000429,0.8913351,0.93131226,0.87874657,0.8078513,0.8131114,0.88105094,0.87646824,0.8768823,0.8928362,0.8598223,0.48294237,0.83587754,0.83587754,0.8081458,0.86620474,0.8854671,0.8399298,0.8666296,0.90405107,0.92140317,0.90701133,0.79742825,0.8248705,0.8287958,0.88993496,0.88083434,0.88083434,0.89781094,0.7821355,0.79912937,0.90052575,0.9171876,0.7901889,0.8683996,0.89798975,0.90164685,0.85371023,0.8330896,0.9025812,0.8042568,0.810466,0.8975998,0.86890507,0.80608743,0.73238784,0.8156008,0.4503801,0.8601222,0.87393385,0.8671436,0.5502025,0.4503801,0.81301033,0.6699337,0.87235695,0.8999511,0.8834531,0.88321793,0.79660475,0.9092056,0.8438127,0.81072575,0.7048881,0.8123292,0.85841066,0.8152244,0.8857111,0.88322604,0.8808942,0.8735543,0.91402936,0.8215438,0.76079583,0.9187023,0.8180075,0.8886621,0.9163163,0.86594737,0.86505485,0.82298017,0.4086591,0.8167283,0.8688371,0.7695885,0.7887974,0.74539113,0.861125,0.89308214,0.72552574,0.8016536,0.83795583,0.9205206,0.8836085,0.86886406,0.7009327,0.8289579,0.7929455,0.42380035,0.8932699,0.81856537,0.8795838,0.7885372,0.8030499,0.85148835,0.8616011,0.7980745,0.8906001,0.926056,0.8673748,0.87196404,0.7355334
0.87277293,0.9204252,0.9421592,0.88304245,0.874449,0.894889,0.8111788,0.91221726,0.9999999,0.9480319,0.93465304,0.89545286,0.89701223,0.95354843,0.9542341,0.91235185,0.9109688,0.9518552,0.91992766,0.9442252,0.4732602,0.9139623,0.47450116,0.45885798,0.95810217,0.9190278,0.8941076,0.8480085,0.933772,0.8999766,0.8992914,0.93209755,0.9361076,0.8934859,0.70972234,0.8926042,0.50687325,0.91007996,0.9113666,0.959924,0.92398083,0.9380002,0.9337274,0.91508454,0.9177435,0.87833697,0.90639114,0.9396727,0.8824598,0.8492619,0.88298213,0.94278747,0.9069546,0.91950625,0.9381554,0.8667545,0.92187744,0.9466147,0.9289416,0.9217792,0.8661293,0.8967733,0.9232918,0.9097415,0.9397166,0.82073104,0.96818954,0.92644376,0.89075065,0.8935999,0.9118894,0.8917508,0.9107841,0.93199635,0.9363629,0.91850233,0.47989434,0.9106986,0.9106986,0.90124273,0.9395127,0.940557,0.9246799,0.9346006,0.97360605,0.9505146,0.94326425,0.87960756,0.87772584,0.91143215,0.9385365,0.93827605,0.93827605,0.9505313,0.8783133,0.88678765,0.92828333,0.9429412,0.87486273,0.91052234,0.9281521,0.9668087,0.9392698,0.91714567,0.9525346,0.8943831,0.8960054,0.95498717,0.93451977,0.8933055,0.8323541,0.8924113,0.4532215,0.89679533,0.9385797,0.9485921,0.59985507,0.4532215,0.90241444,0.77833915,0.9330919,0.9254154,0.9237731,0.89477575,0.83666325,0.9047243,0.9175778,0.8588959,0.82757723,0.8822101,0.9325608,0.8766916,0.9339727,0.9396924,0.9389412,0.94459856,0.9806461,0.8926356,0.8667904,0.98205245,0.8990501,0.94317484,0.91146386,0.92419374,0.9041381,0.90941346,0.4709225,0.8559818,0.9235484,0.8401007,0.8749033,0.8264965,0.9258591,0.9253392,0.81928575,0.8505501,0.90854406,0.94517326,0.9438482,0.9285712,0.80510616,0.9128794,0.8577574,0.48544556,0.89071167,0.8976939,0.93635625,0.86464876,0.88017976,0.9328163,0.9255204,0.8800285,0.94436055,0.9903604,0.937371,0.9263369,0.8386125
0.86617625,0.8833936,0.9629828,0.86501694,0.82364154,0.87840444,0.7447278,0.9046445,0.9480319,0.99999994,0.8945153,0.8495812,0.8669641,0.93150383,0.968015,0.91271174,0.8987207,0.95696604,0.95108926,0.9156903,0.48527533,0.8835789,0.4507558,0.44221914,0.9272042,0.8612514,0.86474466,0.7721441,0.92108023,0.8696125,0.9026216,0.90024316,0.9321016,0.8792371,0.7022682,0.8492416,0.4900282,0.8410326,0.8643704,0.9284531,0.8741677,0.898692,0.8861246,0.8696608,0.87185645,0.81636816,0.9120811,0.91491866,0.83130634,0.76536983,0.85857666,0.9557712,0.86985016,0.87292194,0.8994203,0.82153124,0.9174116,0.9111575,0.9048015,0.9185258,0.78930175,0.84839094,0.9082208,0.84621525,0.93982136,0.8518598,0.94007254,0.9432503,0.8339,0.8240122,0.8661553,0.91122377,0.8806647,0.9237478,0.92209655,0.91952956,0.47781682,0.8449353,0.8449353,0.8340424,0.8989912,0.9165082,0.87852997,0.8973044,0.9346769,0.9493865,0.93257356,0.80758506,0.83854216,0.87209624,0.90398,0.91443884,0.91443884,0.9296931,0.80365133,0.82150036,0.9182839,0.9365807,0.81381226,0.8726535,0.9261103,0.94277567,0.891825,0.86767215,0.9354017,0.8242533,0.82086766,0.9261606,0.9078145,0.81810486,0.7462379,0.82634753,0.45748362,0.8565143,0.94139504,0.9103427,0.55094314,0.45748362,0.85038793,0.7031822,0.9047811,0.88445914,0.90354097,0.84187007,0.78295624,0.8853984,0.8868616,0.85974157,0.73645365,0.8761864,0.89258736,0.8258883,0.8946521,0.9294116,0.92508435,0.911491,0.9584418,0.8287356,0.8117285,0.95474434,0.8395361,0.91747254,0.9255355,0.8869811,0.8670344,0.86274624,0.40958494,0.8181499,0.8984611,0.8164789,0.7954204,0.78466934,0.8809797,0.9167989,0.74491227,0.8303272,0.85263664,0.9433038,0.89480627,0.8849028,0.72659785,0.8556912,0.80314493,0.4246805,0.8925122,0.84466475,0.88913584,0.84540445,0.8243633,0.90588003,0.87429833,0.8221252,0.9114624,0.9599055,0.9030051,0.89566684,0.75952905
0.77027845,0.93321866,0.88245416,0.8790076,0.82080257,0.9194998,0.8507084,0.875714,0.93465304,0.8945153,0.99999964,0.912602,0.8159105,0.89776105,0.89609426,0.9323038,0.8254887,0.8966536,0.89521617,0.9526356,0.4366235,0.8598501,0.4259561,0.42302567,0.92523366,0.91898197,0.8233916,0.8560435,0.9194988,0.8236281,0.8165909,0.93127686,0.86284935,0.90474606,0.672572,0.9103337,0.4743922,0.9319545,0.9315579,0.9393742,0.948304,0.96766317,0.9448444,0.9441824,0.9245013,0.9219842,0.8237594,0.9567814,0.9010754,0.86561733,0.84844697,0.8974428,0.90564,0.9656189,0.8600296,0.79290664,0.9362297,0.9501028,0.9718629,0.9364458,0.892264,0.94082314,0.946071,0.94483393,0.9211112,0.8023602,0.8964278,0.89746964,0.9310739,0.9325745,0.93123543,0.80662644,0.93390006,0.9524026,0.8934453,0.9302621,0.44711336,0.9288149,0.9288149,0.92229223,0.9516302,0.9412171,0.9529518,0.88686913,0.94465065,0.89275455,0.9429332,0.9315672,0.89196026,0.8338131,0.8953983,0.8709815,0.8709815,0.8778,0.9030253,0.9093264,0.917351,0.87062246,0.9005583,0.9695852,0.8999245,0.92880195,0.88328195,0.971135,0.8860636,0.91789925,0.9482977,0.8799852,0.9683518,0.94869375,0.873077,0.9264245,0.39056826,0.9394181,0.8846729,0.90283823,0.58058876,0.39056826,0.8531586,0.79022616,0.9560855,0.95105886,0.94639266,0.8864558,0.8699478,0.94451773,0.83395386,0.76762724,0.8684908,0.8012509,0.9360316,0.9113851,0.9598839,0.8825896,0.9668852,0.9475951,0.91363305,0.9160261,0.8059183,0.91891325,0.95025253,0.94902223,0.8627081,0.93988967,0.93507653,0.85117537,0.5104738,0.903589,0.9421261,0.8447427,0.92225146,0.83856493,0.94935584,0.88136846,0.82975066,0.86844355,0.93921083,0.8723744,0.93302083,0.9472594,0.86067975,0.9200858,0.93248993,0.50317574,0.92481565,0.9537748,0.9508752,0.8631101,0.90281,0.9630797,0.9445536,0.90462476,0.9316245,0.92796284,0.91968787,0.9353577,0.8734925
0.8318596,0.94443107,0.86095977,0.89711195,0.84960353,0.9277579,0.8641058,0.87820387,0.89545286,0.8495812,0.912602,0.99999976,0.7961445,0.88717484,0.8579231,0.88907886,0.89225036,0.8845651,0.8490979,0.90888083,0.5523705,0.8564224,0.5239026,0.5173672,0.9215684,0.9117304,0.8837699,0.84897333,0.880661,0.87778825,0.88178486,0.91794276,0.8712085,0.90663755,0.73626494,0.9327861,0.5673676,0.92315143,0.9408678,0.93072456,0.8746224,0.86231256,0.8908324,0.9204057,0.89063966,0.9172139,0.8446476,0.9142451,0.92394185,0.855514,0.8030164,0.86919445,0.9004326,0.9177543,0.89201623,0.8418415,0.8928131,0.9297055,0.8746164,0.91590786,0.8897283,0.9239285,0.9074343,0.8817245,0.88798213,0.7830542,0.8791498,0.871848,0.95389134,0.9084482,0.90712625,0.8692486,0.91955096,0.8936439,0.90756464,0.8848298,0.52645814,0.9351013,0.9351013,0.9255277,0.9382034,0.9141332,0.92075366,0.89680666,0.90647674,0.87897563,0.9225022,0.91733885,0.91364616,0.8280107,0.92398024,0.8738597,0.8738597,0.8727284,0.91061765,0.905059,0.9257606,0.88359964,0.9152943,0.94161433,0.90726745,0.9009153,0.8844395,0.89498514,0.9007548,0.9201458,0.87949586,0.87381756,0.92001086,0.8765495,0.88621205,0.9296594,0.5051024,0.91665655,0.88545555,0.9228649,0.6736454,0.5051024,0.87898695,0.80795836,0.94309956,0.9130644,0.9093404,0.93567914,0.88887453,0.90571105,0.84881234,0.8166708,0.8387202,0.8028474,0.9211538,0.92127013,0.94328856,0.87918806,0.91826904,0.9332895,0.8828309,0.90905225,0.84155893,0.8751063,0.8923315,0.9340739,0.8570426,0.9337708,0.92231154,0.88100255,0.60225976,0.920399,0.8962212,0.8437207,0.9081697,0.8248141,0.9353837,0.91038394,0.83790046,0.850061,0.93448246,0.8815485,0.93557,0.9380879,0.8091449,0.92467433,0.90387315,0.59045166,0.9016391,0.91211045,0.91338664,0.8782613,0.9261434,0.88974965,0.9383345,0.9228424,0.93877035,0.8962245,0.9280524,0.93084323,0.88209814
0.84262496,0.836995,0.89514154,0.8617089,0.8970206,0.8047358,0.75475323,0.81083894,0.89701223,0.8669641,0.8159105,0.7961445,1.0000004,0.9411427,0.9024911,0.80289274,0.89258236,0.90591526,0.8452467,0.8397757,0.48282522,0.90375996,0.48335016,0.43349767,0.8926408,0.8748177,0.9004657,0.8529595,0.80125517,0.89037836,0.873172,0.83033526,0.90263706,0.8188908,0.6581508,0.86475337,0.47919753,0.854213,0.8238631,0.87008524,0.88354385,0.83237386,0.86452246,0.82220256,0.8504781,0.8036945,0.8965614,0.85460705,0.8396598,0.84821254,0.8416803,0.84711015,0.8742317,0.8134335,0.90344787,0.92308134,0.83736134,0.8616644,0.8080882,0.8127331,0.8686683,0.78173476,0.8254353,0.8016052,0.82555497,0.7194034,0.9025076,0.8430798,0.8013493,0.80895185,0.8323357,0.86112416,0.8277489,0.8048311,0.89197314,0.8188707,0.49560466,0.86124575,0.86124575,0.85440105,0.8388791,0.8559338,0.8517905,0.9087943,0.9046596,0.8946353,0.83719265,0.7887248,0.8418217,0.97506285,0.89193547,0.93438035,0.93438035,0.9346671,0.8635925,0.8825358,0.84484404,0.8956178,0.8604082,0.80539423,0.8577088,0.906867,0.9395509,0.8403986,0.9137354,0.8625927,0.79232705,0.9466161,0.81532836,0.78875375,0.8278708,0.83802867,0.44568184,0.80655575,0.87761456,0.9184523,0.5642277,0.44568184,0.9009641,0.8163826,0.8235448,0.8228879,0.828866,0.8515182,0.7956302,0.78702426,0.9697895,0.90222156,0.8122679,0.9038829,0.84732914,0.80641747,0.8411502,0.9030421,0.82847536,0.83773106,0.88167334,0.85395396,0.8956934,0.8810915,0.79366237,0.8578061,0.845528,0.85680205,0.82513344,0.9031663,0.40831304,0.7958719,0.82283884,0.8244134,0.80624026,0.8397082,0.8435435,0.88155925,0.8320779,0.7907051,0.84209305,0.8991536,0.87295103,0.84485626,0.7804748,0.8694645,0.7657588,0.41736913,0.7848344,0.7955682,0.8229981,0.84360147,0.85625046,0.8398577,0.8573131,0.8569353,0.8791898,0.88439983,0.88476944,0.8657046,0.85130703
0.8843615,0.91224,0.95851105,0.9225047,0.9053204,0.8921993,0.8065872,0.8818176,0.95354843,0.93150383,0.89776105,0.88717484,0.9411427,1.0,0.9603075,0.87892866,0.94044566,0.96750796,0.89630777,0.9313845,0.5178475,0.9406633,0.5013807,0.47805554,0.9648478,0.9251127,0.93354553,0.8674079,0.88283354,0.9296522,0.9280133,0.9161215,0.94339395,0.89733624,0.70871687,0.91871995,0.52573633,0.9204549,0.91337526,0.93827343,0.92639506,0.9051696,0.9251497,0.8995966,0.914761,0.8759921,0.9311373,0.9285699,0.8965559,0.85941887,0.8712499,0.9152467,0.9164142,0.8905811,0.9373081,0.9140419,0.91692394,0.9429237,0.88865554,0.90676856,0.8979806,0.86387455,0.9068495,0.87731487,0.9044838,0.79111254,0.9622654,0.8984721,0.8871294,0.8849595,0.9007507,0.911854,0.91368914,0.89748716,0.9667988,0.90244377,0.5241456,0.92473114,0.92473114,0.9231639,0.92406416,0.920498,0.9182439,0.9564495,0.96908736,0.9453751,0.91445327,0.86293256,0.9040434,0.9486973,0.950405,0.9606888,0.9606888,0.96774936,0.90715253,0.9200351,0.91809356,0.9430782,0.9066123,0.8897871,0.9245503,0.96638244,0.9733685,0.9034849,0.9635113,0.9159594,0.85728407,0.9746454,0.90363437,0.8546625,0.85584104,0.90795827,0.4856872,0.8943032,0.95437044,0.97345364,0.6147635,0.4856872,0.92470294,0.8081442,0.91621554,0.89569056,0.90892243,0.9069714,0.8510179,0.87224466,0.95957655,0.89891094,0.82953495,0.90397906,0.93660545,0.88726723,0.9200145,0.9687493,0.9145466,0.9295413,0.9494705,0.90280867,0.90315557,0.9456977,0.87641084,0.9455691,0.8980392,0.93041426,0.9093762,0.930827,0.4669692,0.86839426,0.9014373,0.8657849,0.87127954,0.8577729,0.92526007,0.9586111,0.8379483,0.8475693,0.91687906,0.94614595,0.9462342,0.92737687,0.8077235,0.93546784,0.84530044,0.47675437,0.8600668,0.876481,0.89608264,0.89130604,0.910465,0.91370684,0.9309751,0.9148749,0.9535365,0.94570804,0.9580017,0.9420574,0.86687523
0.87362844,0.88955855,0.99155414,0.8700063,0.85711443,0.88172984,0.7654358,0.92128956,0.9542341,0.968015,0.89609426,0.8579231,0.9024911,0.9603075,1.0000002,0.9047206,0.9164554,0.97295034,0.94144464,0.9233472,0.48537916,0.9050664,0.44924372,0.43796796,0.94326246,0.8784803,0.89055634,0.8149703,0.9171363,0.8882952,0.90971625,0.89648384,0.9571998,0.89468586,0.6954218,0.869942,0.48409504,0.87448645,0.8802725,0.9393164,0.8958082,0.9046109,0.9111821,0.8647222,0.8735134,0.82628906,0.92497766,0.91743416,0.84601575,0.79081297,0.8864949,0.96439725,0.8900758,0.8788196,0.9124204,0.84758943,0.91002977,0.93151635,0.9014187,0.9085687,0.82378757,0.8470502,0.89509577,0.8679755,0.9364958,0.8359979,0.9539296,0.9313823,0.85360277,0.84458506,0.8650124,0.930331,0.9011409,0.90964717,0.9464689,0.9039382,0.48944744,0.87317044,0.87317044,0.86551416,0.9042323,0.9201898,0.88593554,0.9243648,0.95381194,0.9649861,0.92712075,0.82291234,0.87309325,0.90698034,0.91815746,0.94322586,0.94322586,0.9611235,0.8360209,0.85436016,0.9197501,0.959873,0.8409927,0.8732936,0.92915577,0.95888406,0.9224574,0.87826836,0.9551803,0.8554449,0.8406612,0.9612483,0.89875305,0.83775675,0.7800985,0.85220236,0.46074718,0.881328,0.94575274,0.9296466,0.56106246,0.46074718,0.8825453,0.7394835,0.9006056,0.9039414,0.9086504,0.8699242,0.80610013,0.88725585,0.9189386,0.8844308,0.77060914,0.8946242,0.90643907,0.84490204,0.9076732,0.9509593,0.92047656,0.9114561,0.96194494,0.8657473,0.83675635,0.9630246,0.85097605,0.9297839,0.9282333,0.90975726,0.8919473,0.8911128,0.4033309,0.83430356,0.89463353,0.82503307,0.8218399,0.80165875,0.8956758,0.9399292,0.78235406,0.8337786,0.87962586,0.9672179,0.9123234,0.8989537,0.767254,0.8791308,0.8185427,0.41675538,0.8737495,0.8527521,0.8995548,0.8525716,0.8506565,0.9080713,0.90092194,0.8519095,0.9281938,0.9584654,0.9240205,0.9182133,0.7909583
0.79772514,0.92557824,0.8984232,0.8600118,0.80376726,0.88994306,0.8015045,0.9226676,0.91235185,0.91271174,0.9323038,0.88907886,0.80289274,0.87892866,0.9047206,1.0,0.84390426,0.9054049,0.9333173,0.90163016,0.48433554,0.8454526,0.4507689,0.4532379,0.9027647,0.8607991,0.8279792,0.8004234,0.93557674,0.821104,0.8351738,0.8884629,0.88018143,0.882184,0.7138248,0.85822374,0.5114655,0.8664163,0.87790126,0.93935776,0.86830604,0.8961694,0.8903537,0.8764292,0.8610817,0.8440733,0.84148246,0.9038961,0.85328704,0.7841947,0.83163446,0.92693835,0.8619597,0.89848435,0.8604188,0.78458995,0.90918624,0.9137877,0.92810357,0.9107847,0.81320703,0.8999851,0.90515745,0.86954737,0.9424718,0.8975803,0.8878746,0.9335901,0.8894838,0.848641,0.8595382,0.84824574,0.88992196,0.9146289,0.88985646,0.91083723,0.48663265,0.8690493,0.8690493,0.84978795,0.89816135,0.90286744,0.8921993,0.87810117,0.90421534,0.9033101,0.92239535,0.8469105,0.8504305,0.8202043,0.8957988,0.86794245,0.86794245,0.87717307,0.82976496,0.8440283,0.9103761,0.88749427,0.8396919,0.92232555,0.9231286,0.9176085,0.86295116,0.8924412,0.8952212,0.84785235,0.8639096,0.88276064,0.91718405,0.86194795,0.7965491,0.857759,0.43648976,0.88517845,0.8780079,0.87856257,0.57919014,0.43648976,0.8329855,0.72836924,0.91143376,0.9159418,0.91369647,0.86814654,0.82410127,0.9329191,0.83186483,0.7885138,0.77338564,0.8182543,0.8801115,0.84793913,0.91937566,0.88515437,0.9326192,0.89865386,0.90765893,0.85684264,0.78038853,0.9096368,0.866887,0.90807754,0.91053736,0.90043426,0.8845766,0.8375006,0.47940865,0.8746963,0.9312574,0.8299539,0.8384638,0.78128874,0.88797635,0.8857171,0.782282,0.84821796,0.8762317,0.8914219,0.8900739,0.8900372,0.7707541,0.87044126,0.8568292,0.48438874,0.96484,0.8741945,0.8970585,0.8350779,0.8482159,0.90970767,0.8913361,0.8487333,0.9008076,0.91822994,0.89471185,0.9011084,0.7982184
0.9572544,0.8745477,0.9287229,0.8993002,0.9068505,0.87135994,0.7795385,0.86305505,0.9109688,0.8987207,0.8254887,0.89225036,0.89258236,0.94044566,0.9164554,0.84390426,1.0,0.93816,0.8787275,0.87011564,0.5734292,0.91134,0.530061,0.5050618,0.9262122,0.8864168,0.97055423,0.83209926,0.8458922,0.9629335,0.9815338,0.8822433,0.9358057,0.88360775,0.7513079,0.8856566,0.5583493,0.86155915,0.880443,0.9129816,0.84006524,0.8121295,0.8509899,0.84809077,0.86278474,0.82750046,0.9354123,0.8707682,0.8679297,0.82591695,0.81569713,0.8963498,0.89737284,0.83206975,0.9590621,0.9384023,0.87502867,0.88652414,0.81499404,0.8752266,0.8410417,0.8275535,0.8620845,0.8011332,0.86911106,0.7845051,0.9371193,0.8862878,0.8439279,0.82118773,0.8568247,0.96888965,0.8611853,0.843661,0.9390496,0.8613138,0.5555981,0.8725615,0.8725615,0.863852,0.8832615,0.8861085,0.8578009,0.93218917,0.9104717,0.92672294,0.88553834,0.81340146,0.8767964,0.91353565,0.9380636,0.9369109,0.9369109,0.93793744,0.8530715,0.8589331,0.9070403,0.9398752,0.8661997,0.84534764,0.9155928,0.92757845,0.9318927,0.8295099,0.9577643,0.8600602,0.7752662,0.93990004,0.8488069,0.7696582,0.8057397,0.8520245,0.55163974,0.832232,0.946103,0.94860035,0.63700926,0.55163974,0.9313606,0.78778404,0.87754434,0.84095955,0.86192966,0.88325727,0.8143499,0.8212103,0.93607444,0.94786674,0.773828,0.91498375,0.8894682,0.85096306,0.87242216,0.94143784,0.8586929,0.88758045,0.92050165,0.8457031,0.9130717,0.9077047,0.79610723,0.894038,0.90806377,0.88525736,0.85247254,0.9394124,0.46988636,0.835197,0.857368,0.8400394,0.80664086,0.8144824,0.8644804,0.9456271,0.8228023,0.8246913,0.862386,0.93970436,0.9055842,0.87161493,0.7169626,0.8833083,0.79028326,0.47686505,0.8419381,0.81427175,0.8394559,0.8731819,0.8787792,0.8447604,0.8796601,0.868911,0.92409194,0.9139042,0.9214112,0.8967532,0.81996214
0.88621634,0.9108087,0.97706014,0.88326406,0.86857474,0.895644,0.7867329,0.9174383,0.9518552,0.95696604,0.8966536,0.8845651,0.90591526,0.96750796,0.97295034,0.9054049,0.93816,0.9999997,0.9405254,0.9288824,0.5190767,0.91223127,0.47520813,0.46232608,0.9510896,0.89499325,0.9135009,0.82880855,0.9167648,0.90775925,0.9308982,0.90255845,0.9592891,0.9091244,0.72334456,0.89811826,0.5086453,0.8915654,0.89440966,0.95381284,0.8866947,0.890608,0.8989474,0.88996774,0.89611846,0.8553387,0.94017315,0.92594,0.88385403,0.80651575,0.8814372,0.9513475,0.90176165,0.88895583,0.9314543,0.87210196,0.9208653,0.9477742,0.9054768,0.92284745,0.84342754,0.8566359,0.9099585,0.8623433,0.93152124,0.8322401,0.9461013,0.93628895,0.88205874,0.8525001,0.88803303,0.9268195,0.8988825,0.9207824,0.95682144,0.9140743,0.51214695,0.8931675,0.8931675,0.8800814,0.90891206,0.92314315,0.8973428,0.9453165,0.95733845,0.9627894,0.9281514,0.84018534,0.8823277,0.91560864,0.948415,0.95321333,0.95321333,0.9601795,0.8616403,0.8778604,0.9265595,0.96376646,0.87500095,0.888399,0.9393049,0.9668419,0.9413671,0.88265616,0.97601724,0.87782085,0.84046125,0.9641826,0.91074115,0.8397762,0.80573606,0.8779155,0.4837633,0.87955356,0.95813596,0.94783413,0.5860152,0.4837633,0.8945276,0.7535322,0.9210961,0.9013092,0.9059821,0.8855707,0.82257545,0.8888184,0.9292697,0.89125526,0.778985,0.8968701,0.91866356,0.86705077,0.92177254,0.9614637,0.9235629,0.92096806,0.9492437,0.87596714,0.8520501,0.9532865,0.8602957,0.9376004,0.9264326,0.926389,0.89261615,0.9040059,0.4278007,0.852298,0.9077902,0.8411922,0.83917224,0.8158791,0.9046159,0.9563656,0.8000588,0.8531447,0.9015948,0.9627199,0.9262898,0.9101401,0.77068275,0.89990175,0.8326418,0.44111842,0.88514763,0.8730093,0.8954377,0.8694146,0.8832593,0.9026853,0.9234427,0.87815136,0.9385567,0.96122634,0.9440423,0.9426284,0.8163108
0.8389468,0.8831336,0.93846434,0.8394594,0.7950078,0.8635965,0.737483,0.9256519,0.91992766,0.95108926,0.89521617,0.8490979,0.8452467,0.89630777,0.94144464,0.9333173,0.8787275,0.9405254,1.0000002,0.8761512,0.4669978,0.8648282,0.45074928,0.42719635,0.8995097,0.8391879,0.83912313,0.75507104,0.927469,0.835172,0.8765535,0.87171423,0.9126313,0.8621523,0.71605,0.8284222,0.4714423,0.8222825,0.8364084,0.9295571,0.85104066,0.86531836,0.86401737,0.83896923,0.84169406,0.79133195,0.89395446,0.8859872,0.81252414,0.74624395,0.83314437,0.9465798,0.84483033,0.8551208,0.8772156,0.8016775,0.9013337,0.88595057,0.90728235,0.89545715,0.76689553,0.8509654,0.8940784,0.8214027,0.94261944,0.86426806,0.9036044,0.97677636,0.84069365,0.7951711,0.83514595,0.892493,0.8522055,0.89357567,0.89823174,0.8980161,0.47893804,0.8253068,0.8253068,0.8020177,0.8682849,0.8900452,0.8572421,0.88858956,0.910498,0.94479024,0.9100033,0.79418993,0.8209094,0.8640986,0.9019526,0.90599984,0.90599984,0.9130125,0.7876479,0.8093432,0.90235114,0.93226933,0.8045377,0.8850634,0.9260581,0.9222361,0.87451345,0.8692082,0.9259949,0.8056803,0.80521494,0.9139634,0.88679934,0.8027712,0.7317005,0.8063416,0.42633122,0.82999086,0.9072408,0.8782133,0.540987,0.42633122,0.8238168,0.6831987,0.8840634,0.88038594,0.89457893,0.85215884,0.7927552,0.8926205,0.87024045,0.8459365,0.7109858,0.8731115,0.8572377,0.8049948,0.8788224,0.8998364,0.9085619,0.87521386,0.9234402,0.8137412,0.7754781,0.9227903,0.813342,0.8832741,0.9497827,0.8620965,0.83895653,0.83341324,0.3917672,0.8131667,0.887655,0.8070346,0.7765577,0.78633547,0.85277003,0.8969025,0.7364998,0.8439629,0.83439547,0.9347127,0.8794202,0.859679,0.70099616,0.83520526,0.7985563,0.4033611,0.91807497,0.82375646,0.869974,0.83260965,0.8119964,0.8909828,0.85913265,0.80053574,0.90186524,0.9402796,0.8797801,0.8772462,0.74341255
0.8152201,0.92804205,0.92022455,0.9009153,0.8481833,0.93285084,0.8435778,0.87506044,0.9442252,0.9156903,0.9526356,0.90888083,0.8397757,0.9313845,0.9233472,0.90163016,0.87011564,0.9288824,0.8761512,1.0000002,0.48632586,0.8826917,0.43466553,0.42805448,0.95966506,0.92541116,0.8595692,0.85746735,0.91741437,0.87157613,0.87097394,0.9512128,0.9002048,0.9377071,0.6835331,0.92648417,0.48954222,0.94231313,0.96077704,0.92912614,0.93624085,0.95952356,0.94307023,0.95414084,0.94176567,0.94197136,0.8651373,0.96823186,0.9160987,0.85107327,0.8488734,0.91100264,0.9129305,0.95864654,0.8787022,0.81777155,0.9492903,0.9707631,0.94427013,0.9673729,0.892038,0.9180733,0.9404959,0.9604333,0.91149014,0.7922785,0.94170654,0.8791663,0.92270595,0.95727277,0.94522077,0.8573621,0.9541881,0.9686986,0.9278587,0.9436292,0.47106314,0.9386131,0.9386131,0.94325525,0.9744481,0.9554635,0.9540742,0.900972,0.9581683,0.91681725,0.9564444,0.9360755,0.9279127,0.8525204,0.9034456,0.8945161,0.8945161,0.90494406,0.9103102,0.9125823,0.9392456,0.9005606,0.9085659,0.94090766,0.92062616,0.9530472,0.9009948,0.9396962,0.91247696,0.9260948,0.9416878,0.9029984,0.972017,0.9408723,0.8721306,0.9348224,0.43362316,0.9530434,0.9407498,0.9354708,0.58395743,0.43362316,0.8832694,0.788255,0.97233033,0.9432474,0.95678586,0.89266956,0.86445415,0.92457014,0.8638934,0.8130328,0.8480821,0.81777793,0.9829356,0.93982035,0.9667703,0.9288211,0.96884924,0.985239,0.94727325,0.9135472,0.8368012,0.9495762,0.96429276,0.98224896,0.8549897,0.96344715,0.9542084,0.88651085,0.50551707,0.90246546,0.94240785,0.8521378,0.9253144,0.82858133,0.9683261,0.91839623,0.82746565,0.86083794,0.95022964,0.9031689,0.95135474,0.96529937,0.8501938,0.92608404,0.9181255,0.5053909,0.894827,0.95630586,0.95860344,0.8783404,0.91732866,0.95293456,0.95550007,0.91802996,0.94816995,0.94441617,0.9439384,0.96100545,0.871802
0.5588095,0.53227806,0.50926423,0.54299515,0.53571916,0.5201825,0.49358338,0.480052,0.4732602,0.48527533,0.4366235,0.5523705,0.48282522,0.5178475,0.48537916,0.48433554,0.5734292,0.5190767,0.4669978,0.48632586,0.9999999,0.48415226,0.64371896,0.65558773,0.5338678,0.52177143,0.58087885,0.47402596,0.46000296,0.56177175,0.5793439,0.5082437,0.5156642,0.51200676,0.5067885,0.55050635,0.7534098,0.4997762,0.520012,0.5076456,0.43667352,0.42038813,0.43908814,0.50953233,0.50922596,0.51020133,0.5443509,0.48471886,0.56973094,0.46615857,0.43325233,0.49037433,0.5082388,0.4578769,0.543059,0.55627245,0.5065236,0.50810325,0.4317731,0.5029274,0.5026653,0.4667559,0.49731648,0.42068458,0.47455227,0.4457819,0.4954514,0.47428775,0.5353401,0.46217585,0.5045267,0.54871744,0.48735288,0.48232713,0.549067,0.5012729,0.74522245,0.5123977,0.5123977,0.4994574,0.4994326,0.48767024,0.5007428,0.55288494,0.48081577,0.50744987,0.49925813,0.4709671,0.5084313,0.49395302,0.5674615,0.52187777,0.52187777,0.5080288,0.5113908,0.50623447,0.5376864,0.5249014,0.5313358,0.48626176,0.53550506,0.5153188,0.53482616,0.44145575,0.55052286,0.5064007,0.417957,0.5210819,0.49149305,0.41380358,0.504202,0.5073153,0.8190598,0.47535095,0.5406326,0.55053484,0.7124206,0.8190598,0.51316965,0.4961946,0.5209582,0.4702073,0.47618812,0.5478189,0.4737437,0.45962188,0.51301163,0.53770936,0.4160535,0.5218721,0.5058008,0.5201392,0.506219,0.53699875,0.4875843,0.5169896,0.48333174,0.4865667,0.525376,0.4714722,0.44646192,0.5185319,0.4914337,0.51874816,0.49121255,0.51528937,0.6357823,0.5214184,0.49852455,0.49656084,0.4814103,0.47170037,0.502841,0.56225526,0.50499314,0.46658692,0.50503814,0.52051276,0.5299187,0.5101398,0.39820284,0.5412829,0.4558015,0.64753926,0.4997514,0.47349972,0.45967978,0.5209416,0.5370833,0.459517,0.50957406,0.53468215,0.53975815,0.48389983,0.54060864,0.5299931,0.50669736
