0,1,2,3,4,5,6,7,8,9,10,11,12,13,14,15,16,17,18,19,20,21,22,23,24,25,26,27,28,29,30,31,32,33,34,35,36,37,38,39,40,41,42,43,44,45,46,47,48,49,50,51,52,53,54,55,56,57,58,59,60,61,62,63,64,65,66,67,68,69,70,71,72,73,74,75,76,77,78,79,80,81,82,83,84,85,86,87,88,89,90,91,92,93,94,95,96,97,98,99,100,101,102,103,104,105,106,107,108,109,110,111,112,113,114,115,116,117,118,119,120,121,122,123,124,125,126,127,128,129,130,131
0.0,7.8963895,9.483761,6.190373,7.4546547,7.775212,7.3491063,5.9168487,6.175461,8.164164,8.388551,6.9585876,8.432872,17.94271,5.5795393,6.464357,6.666184,11.283231,6.9700937,8.131688,7.628708,19.690577,7.742681,8.421622,8.850509,5.2992353,7.0843167,7.3636785,6.1028447,7.1584167,7.8737774,18.962608,7.484439,6.4639535,7.841849,6.425954,7.4284005,7.618301,8.013533,7.316548,7.828708,7.8741746,5.6055593,8.572526,6.668319,7.399984,7.8594136,7.772766,7.7872915,8.163774,6.9807167,7.4909186,7.659246,9.488882,9.370635,6.599892,7.928885,6.868019,6.26283,4.333586,8.56336,11.821997,6.761589,8.28955,7.116497,6.7804227,6.9791985,8.865725,6.5786195,7.4400954,7.1644626,7.8944974,6.304699,8.271364,7.778266,7.5943995,6.940267,8.526124,8.068708,9.041041,7.2891407,7.754285,8.160198,5.950267,8.796346,7.1559,7.6717243,6.799045,8.103766,7.3491063,9.512139,8.658719,9.050275,6.524316,7.660946,9.023051,8.314528,5.9882307,7.890548,8.2655735,7.1320047,6.7563925,7.6269,7.6339555,7.759709,7.8774433,7.272143,6.2919726,9.021152,6.075019,6.8370614,6.5851517,7.2699823,5.6503487,7.704898,5.920774,9.020384,4.4012976,7.4820375,5.072027,8.611541,7.6174273,6.03895,7.1001887,8.619327,7.9934435,6.410695,6.9700937,7.986897,7.402324,7.5745635,7.4498806
7.8963895,0.0,11.946801,8.694858,8.308706,8.584787,8.461225,6.464867,6.809323,10.8406,10.120765,8.488552,8.561175,18.607878,7.4253445,5.7389026,7.32998,10.72039,8.79823,10.100751,10.181893,20.239166,8.527853,9.799576,9.05847,6.07862,8.997286,8.930374,6.535035,7.9498553,8.665367,19.703247,10.204454,8.446461,10.969183,8.439642,8.719432,9.959427,7.699874,8.002962,6.222515,9.130186,7.9357657,8.8791485,5.9028516,8.1624975,8.12919,8.022894,9.31536,10.134129,6.232345,8.428974,9.509779,11.521037,10.010256,7.953648,9.0545025,8.666522,6.6481724,7.2153645,8.240034,10.646051,9.564196,10.010798,8.7083845,8.771154,9.299728,9.513883,8.105144,9.29989,7.6185794,8.370295,8.942088,7.494463,8.85238,8.7199745,8.657033,10.655865,9.564292,8.727122,8.175602,8.848417,7.6745276,8.82169,10.910414,8.614601,7.5788403,8.278536,9.879687,8.461225,10.438409,10.684393,10.3323145,7.745928,9.800511,11.330255,9.086376,5.7920585,9.37696,8.1158,6.967623,6.3625197,8.060198,8.011736,8.6516285,9.023512,8.482998,5.632261,8.716067,6.2396007,8.22883,8.720333,8.125602,8.298945,8.231427,8.157607,10.647759,7.2471056,9.288017,7.6653624,8.076612,9.699526,7.0054445,8.110108,8.918339,9.281613,7.87834,8.79823,6.323591,8.32865,7.679927,6.2438035
9.483761,11.946801,0.0,10.389886,7.401054,10.459058,10.282755,10.0511,9.461661,6.4950795,7.7408113,7.9534965,7.347479,18.29189,10.131916,10.152689,9.514887,15.480181,7.3839736,7.7957344,6.776986,19.252426,10.79998,7.693961,8.482989,10.222455,8.062394,10.69413,10.890651,7.852763,11.126653,18.917398,6.7942033,8.2873,8.530094,8.444415,10.857274,7.8673778,10.268242,12.11988,11.365352,7.8451815,8.53561,13.67233,10.074127,11.210757,11.255838,9.545753,8.6014805,9.972013,11.129568,6.3917017,9.654963,4.4640994,10.022299,11.256528,8.331818,10.511175,11.935233,9.786824,9.356882,14.449996,7.6529617,6.8517847,11.838609,8.838314,8.341592,9.927328,8.223376,9.9725895,8.622936,7.7799034,8.999157,12.475353,10.191515,7.7336373,7.8244243,5.468728,7.646518,9.443081,10.082296,8.405216,11.195431,9.047252,8.930284,7.6605415,12.401962,8.389074,7.5891776,10.282755,9.7187,9.196729,6.45944,9.207269,6.601938,8.484574,10.075893,9.941134,10.056104,12.12531,8.745733,11.657838,10.217792,10.406952,12.565844,12.734453,9.243282,9.444792,9.348675,10.659521,8.826782,8.308812,11.810475,7.61992,11.009077,8.159938,7.1740885,9.700337,7.624529,9.483136,10.2441225,11.6765,8.890309,10.684166,8.571624,8.201729,9.48744,7.3839736,11.306021,6.070167,11.286265,11.237504
6.190373,8.694858,10.389886,0.0,8.172818,9.870961,9.669168,7.6023417,6.624836,9.8716135,10.3950815,8.16129,9.01992,18.67398,7.834301,7.6083035,7.7971487,11.370359,7.9986567,10.155931,8.470867,20.156977,10.0295,9.779528,10.677177,6.9263144,7.426113,8.101088,7.0681353,8.462223,10.078672,19.731659,8.495624,7.9841785,9.709007,6.368265,9.637057,9.482231,9.921601,9.341275,8.122193,8.230859,7.3974504,10.608806,7.347362,9.195702,9.769521,9.786922,9.11407,10.094652,9.134148,8.529362,9.711078,10.432771,11.041199,8.954129,9.634505,9.439792,7.674054,5.308338,10.027186,13.372368,8.795686,10.120882,9.738096,9.110719,8.6460705,10.616336,7.722389,9.435416,9.195976,8.108148,7.5243855,8.88044,10.00343,8.345281,8.943363,8.88414,9.423898,10.916933,9.581514,7.92279,10.1492405,7.5720997,10.49608,9.44857,9.885225,7.974284,9.689571,9.669168,10.686797,10.412114,8.9056635,7.78886,8.606658,10.944842,10.439181,7.205581,10.299904,10.583302,7.4187713,7.7181764,9.8838005,9.761478,10.070024,10.29256,7.922163,6.6461954,10.847309,7.667339,6.5049357,8.156271,9.4620495,7.6599345,9.745466,6.517404,10.573722,5.245411,9.588675,6.4874725,10.014526,10.054132,7.8791437,9.638978,10.534958,9.590803,7.1771436,7.9986567,9.579176,8.612848,9.092157,8.866459
7.4546547,8.308706,7.401054,8.172818,0.0,8.263046,7.6927185,8.117131,6.5866804,8.309148,8.238978,7.104792,4.79124,17.698524,7.6374145,8.175003,6.5331254,11.294485,6.8939595,7.047245,7.414913,19.294794,8.651967,5.7752175,8.123465,7.928453,6.5852327,9.465744,7.23288,6.640594,8.538125,18.707857,7.55871,6.694764,8.717461,6.461662,8.194228,7.8830395,6.948499,8.033689,8.39248,4.7377496,5.891946,9.696777,7.598809,9.312054,8.0943165,7.1975102,7.768276,8.957282,8.505732,3.9014506,9.292744,7.9524107,9.496915,7.5070896,7.109121,7.879168,8.396974,7.261761,7.8431067,11.6665125,6.857259,7.748917,8.553434,7.1485963,7.821584,8.681691,6.051273,8.870089,6.031302,4.102251,6.6900926,8.403482,8.850207,3.854208,7.211254,5.7467704,7.583271,7.942541,7.5513673,7.9781623,7.71766,6.837574,9.519743,7.288594,8.847796,7.254933,7.967347,7.6927185,9.783156,9.088552,6.350609,6.592901,7.0317388,9.492574,8.702176,7.2633348,8.937045,9.023192,6.6304336,8.540055,7.806396,7.5429134,9.060442,9.401082,8.538564,6.8577313,8.35924,8.570739,7.3602524,7.0803013,8.049171,6.0080166,8.255273,6.4092216,8.884352,7.215549,7.638639,7.736031,8.020807,9.947229,6.0339966,7.2559114,7.612532,6.944188,7.837919,6.8939595,8.347134,4.4875884,8.183971,8.007552
7.775212,8.584787,10.459058,9.870961,8.263046,0.0,3.812045,8.183794,8.335458,8.132917,8.235643,8.11679,8.698029,17.763031,8.281909,8.702962,8.2802105,11.569474,7.5754857,7.8957667,8.281057,19.356543,2.9424317,8.799828,8.308507,8.09866,8.546628,9.592177,8.503559,8.064463,2.9776235,18.531576,8.166982,6.9898534,9.4860735,9.001357,7.497675,7.2011943,6.7759943,6.805942,9.677729,9.198379,6.943855,7.97231,8.646563,9.239425,8.049459,7.491828,8.800251,6.1422067,8.263706,8.047512,9.139394,10.207465,8.516658,6.2334766,8.497298,5.5405,8.751078,8.457658,8.873256,9.987395,8.091598,8.190915,5.891667,3.5205297,7.319315,7.195522,7.138515,7.2550917,7.2853336,8.901993,7.947231,7.620043,8.48345,9.086568,6.8624473,10.177129,8.636635,7.75478,3.273102,9.888517,4.3935027,7.7887387,9.592322,6.4324417,5.847155,6.8957195,8.609063,3.812045,9.033745,7.0345054,10.247995,8.735986,8.177429,8.06221,6.4573717,8.251585,7.391107,5.6731324,8.508528,8.487493,3.0301952,2.4848583,6.8868504,7.0329056,9.681533,8.274631,7.913905,8.678531,9.481194,7.095329,6.333139,6.923609,2.0228186,8.4023,9.083331,8.552473,7.5018005,8.826126,8.48836,6.912164,7.4061418,6.322391,7.7214146,7.9848537,7.529994,7.5754857,8.257126,8.00058,8.6127,8.400863
7.3491063,8.461225,10.282755,9.669168,7.6927185,3.812045,0.0,8.253602,8.081131,8.001645,8.230185,7.905353,8.322142,17.395302,7.681229,8.76665,7.980257,10.921569,7.5358353,7.9459767,8.527733,19.122429,3.816222,8.628044,8.083061,8.037559,8.232603,9.633319,7.9309664,7.790156,3.9162986,18.203115,8.422104,6.856796,9.49707,8.856973,6.968664,6.927052,5.8463807,6.0748625,9.581575,8.689345,6.114592,7.3282766,8.641523,8.856464,7.578945,6.862578,8.870629,5.9022875,7.9900336,7.4866714,9.188667,10.184208,9.131052,5.6761913,8.0295515,4.232941,8.27468,8.2530365,8.626631,10.1143465,7.8167763,8.234955,5.236824,3.7572765,7.2925262,7.798347,6.7103477,7.3878064,6.9497194,8.479681,7.3960996,6.81856,8.488914,8.694543,6.7272267,9.982741,8.425754,7.6403604,3.320607,9.994637,3.9207883,7.283688,9.83659,6.234628,5.3083553,7.125756,8.458631,0.0,9.68006,6.8790445,10.008398,8.368484,8.321477,7.954188,7.3589163,7.9883876,7.713535,5.2268476,8.357218,8.285276,3.7652864,3.0652134,6.347284,6.586037,9.693492,8.176776,7.696766,8.591104,9.425424,6.999699,5.656259,6.1979136,3.8331518,8.142745,9.28187,8.371752,7.448811,8.670713,8.1309595,7.0463805,6.926733,5.4525065,7.3965864,7.961871,7.790191,7.5358353,7.9479194,7.614869,8.157713,8.125667
5.9168487,6.464867,10.0511,7.6023417,8.117131,8.183794,8.253602,0.0,5.848569,9.007625,8.510556,6.9545355,8.360054,18.237093,6.747152,4.4281726,6.851938,11.726772,7.328052,8.451669,8.306221,19.98967,8.106616,8.839658,8.205113,4.2935596,7.977582,6.812607,7.087342,6.2919083,8.570047,19.381454,8.183487,7.1555185,8.218081,6.8986945,8.665941,8.592598,7.995831,8.579561,6.941003,8.959019,7.2830706,9.818365,4.827697,7.062461,7.5504937,7.995826,8.259485,9.335051,6.4514017,7.804439,6.486121,9.832325,8.412006,8.0379305,8.4070635,8.241536,7.091395,5.5405483,8.13121,10.763739,8.24978,8.426632,8.658735,7.651145,7.83567,8.0437975,7.3105764,7.653171,6.9631763,8.363188,7.960053,8.388122,7.49128,8.253278,7.0990286,9.393072,7.929533,8.3376,8.017215,8.064185,8.169543,8.054618,8.859638,7.354395,8.114382,6.9613276,7.9867887,8.253602,8.409094,9.602736,9.705911,7.339576,8.14609,9.63458,7.680538,5.9265313,7.8555984,8.664448,6.10999,6.3244243,7.6970196,7.9254127,9.222392,9.391474,7.355112,5.0987062,8.130108,3.5582964,6.7762275,7.1592813,8.442354,7.2451787,8.258118,6.45131,8.579973,5.633766,7.7783575,5.4499006,7.905912,8.825802,5.9307556,8.160062,8.2465725,8.369315,6.812029,7.328052,6.8198543,7.5559,7.6642165,6.873878
6.175461,6.809323,9.461661,6.624836,6.5866804,8.335458,8.081131,5.848569,0.0,8.534737,8.859185,6.4738336,7.4153886,17.978867,6.6627097,5.6745605,5.448064,11.2529125,6.4925613,8.52606,7.2411556,19.672867,8.577143,8.425637,8.77608,5.877419,7.263197,8.325823,5.1940618,6.0748353,8.638985,19.091475,7.385468,7.116605,7.9481077,4.1652627,8.479504,7.799147,8.1837435,8.168197,7.107589,7.358068,6.102019,9.516023,5.468132,7.8790755,8.146006,8.304634,7.488231,8.966951,7.7227015,6.928821,8.15203,9.229283,9.584609,7.6953006,8.368535,8.261722,7.3571033,5.459768,8.442629,12.076823,7.5617886,8.529492,8.644867,7.4063625,7.1858172,8.907694,6.2305155,7.8003917,7.30639,6.819352,6.5524426,7.7841754,8.361387,6.8319016,7.359833,7.9098883,6.894789,8.910739,7.6986847,7.5415506,8.217462,6.370682,9.473835,7.617435,8.206532,6.6079407,7.3186736,8.081131,9.584965,9.305567,7.969653,6.810096,7.160551,9.794509,8.840829,5.677424,8.792183,8.679171,3.1255379,6.247416,8.1282425,7.9091496,8.808679,9.285504,7.644395,4.293109,8.978626,6.8438063,4.795008,7.3719225,8.265604,6.2958465,8.173224,3.975382,9.230724,5.3245015,7.874708,5.850969,8.299157,9.637173,5.3030367,7.6926794,8.599356,7.9980297,7.2563376,6.4925613,7.7361026,6.813775,7.126228,7.260399
8.164164,10.8406,6.4950795,9.8716135,8.309148,8.132917,8.001645,9.007625,8.534737,0.0,6.675449,7.1501794,8.241812,17.115543,8.832912,9.296666,9.065399,14.550526,6.725771,7.7763233,5.4465895,18.35875,8.069557,8.592057,7.9328284,9.289028,8.111153,9.844506,9.872626,7.5292726,8.736155,17.853037,5.212428,7.828208,7.4894514,8.195065,9.728997,3.744783,9.092595,10.804981,10.865294,8.654037,6.843462,12.08408,9.389357,9.757322,10.176183,9.215099,7.705697,8.030419,9.8275385,7.339697,8.499666,6.269682,9.248211,10.052369,7.926321,8.987679,10.918205,9.032507,9.286341,13.274485,7.0491586,6.164088,10.036159,6.455926,6.1779943,8.821121,6.5559235,7.9865007,8.161785,8.685064,8.285679,10.4705715,8.905628,8.668556,6.3891034,7.689755,6.5946674,8.578269,7.775029,8.303648,9.1361685,8.07554,8.13508,6.337547,10.125973,6.7573853,6.3929453,8.001645,9.001439,7.4533596,8.132979,8.892611,5.668931,7.537025,8.74295,8.812875,8.320234,9.877313,8.1404705,10.078868,8.151367,8.198668,10.850118,11.090756,8.931596,8.60611,8.50259,9.924535,8.607519,7.750376,10.435841,5.792761,8.848656,7.387037,7.091566,8.983329,6.30939,8.75123,9.207619,9.922292,8.008538,9.099196,7.515137,7.3441358,8.425378,6.725771,10.017892,6.6767387,10.116762,10.084777
8.388551,10.120765,7.7408113,10.3950815,8.238978,8.235643,8.230185,8.510556,8.859185,6.675449,0.0,8.578857,7.833483,16.70631,9.160342,8.417165,9.822556,13.370996,7.902087,7.0100408,7.3211236,18.112913,8.304239,8.01526,6.0149717,8.542952,7.0793786,9.230495,10.04341,7.0146937,9.126992,17.49397,7.2653527,8.106398,8.67719,9.131493,9.373084,7.005788,8.219905,10.386774,10.723253,8.909162,7.8384213,11.898986,8.713996,9.988925,9.172802,7.35182,9.095618,8.792775,9.386312,7.083211,7.7389293,7.7816057,8.623646,9.573865,5.9076767,9.164776,10.552853,9.025144,7.9766574,10.173135,6.401691,3.1245708,10.081731,7.2122264,8.247835,8.580625,7.691657,9.128963,6.080514,8.69024,8.697611,10.334405,8.8390465,8.548376,5.4490314,8.640822,6.5302005,5.604877,7.7890415,9.146433,8.622516,8.302826,8.262717,4.51941,9.867605,7.1559134,6.390696,8.230185,8.610061,8.521008,9.263644,8.940502,7.117177,8.107453,8.374217,9.218061,8.4339695,9.893115,8.607593,9.829499,8.056011,8.223048,10.893098,11.173754,9.230295,8.27573,6.4044003,8.8706665,9.813356,7.8253493,9.97849,7.3596454,8.788581,8.311144,5.875384,9.079592,3.867831,9.043364,8.501375,9.504565,8.495864,8.866413,5.4803853,6.9894576,7.2536182,7.902087,9.336939,6.986999,10.400029,9.583572
6.9585876,8.488552,7.9534965,8.16129,7.104792,8.11679,7.905353,6.9545355,6.4738336,7.1501794,8.578857,0.0,7.697062,18.09206,6.90917,7.7460165,5.8751817,12.150882,6.2249227,7.830681,7.040898,19.637125,8.425246,7.747906,8.6512375,7.4222794,7.764189,9.021413,6.8324494,6.8727574,8.699079,19.171843,7.0202904,6.3624525,8.005362,6.77772,8.562991,7.3797956,8.2692175,8.815415,8.527602,7.519651,6.2906265,10.047672,7.3582344,8.362023,8.874076,8.428292,6.483032,8.597173,8.237874,6.907849,8.448484,7.7753096,9.755586,8.300508,8.353341,7.6189013,8.517646,6.835826,8.556518,12.355114,7.4990582,8.192292,8.550331,6.9344807,6.861776,9.124747,6.3027987,8.001645,7.741153,7.38168,6.681674,9.055947,8.526512,7.583044,7.2185974,7.5505066,7.5138736,9.055244,7.974992,7.7691364,8.835034,7.126294,8.82959,7.4410586,9.179854,7.0703974,7.5135236,7.905353,9.290263,8.585772,7.4022284,7.180654,6.8807507,8.93813,8.677445,6.444022,8.650512,9.371237,6.5753856,7.7660494,8.057718,8.042686,9.287395,9.383253,7.897151,6.425609,8.959657,7.9448986,6.3010125,6.698629,8.610091,5.9304953,8.47654,6.532646,8.083099,6.7697773,7.964992,6.7796917,8.983452,9.429573,5.63207,8.025933,8.623821,6.723389,7.59913,6.2249227,8.766828,6.2883854,7.797015,8.526546
8.432872,8.561175,7.347479,9.01992,4.79124,8.698029,8.322142,8.360054,7.4153886,8.241812,7.833483,7.697062,0.0,17.803291,8.611561,8.196092,7.277576,12.586313,6.5027533,7.5823946,6.849692,19.115665,9.11919,6.574629,7.1735063,8.6131935,7.1924176,9.959298,7.9275227,6.2975993,9.165246,18.74572,7.121177,6.857284,9.495251,7.0644193,8.708558,8.222722,6.6982255,8.88911,8.2814865,5.643834,6.4334836,10.7915125,7.389348,9.614082,8.282553,7.3345776,8.24663,9.700995,9.089829,3.619437,9.486456,6.7198796,8.741437,8.2894945,7.072957,8.360986,8.670745,8.358587,7.6400456,12.008967,8.074806,7.2491264,9.354824,7.829558,8.110436,8.387086,6.2219176,9.002338,6.547713,3.8445413,7.8333263,9.124346,8.928988,5.753969,6.7825975,6.6321106,7.69346,7.459465,8.186392,7.6837773,8.073439,7.866507,9.6247835,6.8738265,9.401928,6.7593575,8.286114,8.322142,9.000645,9.512106,5.4971986,7.5833726,6.0659695,9.789943,8.862788,7.9845643,9.292766,9.66883,6.9573574,9.509894,7.8819165,7.9322543,10.008998,10.395553,8.089282,7.390577,7.2387567,8.756633,7.9395547,7.1043596,8.626571,6.1357102,8.821335,6.895414,8.327349,8.316872,7.65335,8.533639,7.0739403,10.302123,6.3754554,8.1643715,7.505255,7.8691516,7.9273157,6.5027533,8.350255,4.987207,9.025505,8.200491
17.94271,18.607878,18.29189,18.67398,17.698524,17.763031,17.395302,18.237093,17.978867,17.115543,16.70631,18.09206,17.803291,0.0,17.765348,18.608301,18.489965,19.778599,18.409906,17.78399,17.744673,11.921101,17.757967,17.97754,17.37563,18.263176,17.422752,18.65637,18.436153,17.535982,18.042612,6.8605356,17.70634,18.407455,17.60086,18.246382,18.116154,16.73183,17.626883,18.289839,19.063292,18.533669,17.50432,18.803898,18.388153,18.149124,17.715324,17.646904,17.9474,18.00802,17.863865,17.799105,17.645294,18.009207,18.813158,18.060747,16.75072,17.753273,18.838144,18.24796,17.667337,19.13873,17.183765,17.013147,17.896885,17.044674,17.965939,18.007341,17.38617,18.071177,16.910583,18.476414,17.701159,17.996305,17.621416,17.920946,17.160368,18.210398,16.941004,17.212986,17.240433,18.817142,17.549196,17.398693,17.932234,17.15938,18.265665,17.98702,16.892189,17.395302,18.625505,18.170595,18.523901,18.007545,17.866488,18.28374,18.136435,18.09397,17.600496,18.183607,17.946205,18.166925,17.797443,17.579794,18.354948,18.543882,18.971954,17.8109,17.53238,18.676077,18.47467,18.34639,18.09239,17.370995,18.012917,17.91266,17.555859,18.302942,17.04667,18.20906,17.354763,17.984503,17.856514,17.438686,16.925158,17.572704,17.722412,18.409906,17.785147,17.344584,18.030632,17.939552
5.5795393,7.4253445,10.131916,7.834301,7.6374145,8.281909,7.681229,6.747152,6.6627097,8.832912,9.160342,6.90917,8.611561,17.765348,0.0,7.27191,6.8673215,10.885356,8.067651,8.539839,8.479351,19.828087,8.1714,8.749314,9.214058,6.313719,8.106615,8.280903,6.7475038,7.549497,8.340743,19.021568,8.401875,7.8450966,7.7854033,7.1936455,8.266684,8.030316,8.101086,8.150839,8.046071,8.421731,6.5770097,8.804666,7.355428,5.4827313,7.149211,8.448187,6.6983895,8.614295,5.211928,7.7744365,7.4929414,9.999696,9.554088,7.7635202,8.62634,7.7704873,7.1273456,5.6777864,8.863671,11.732333,7.547797,9.077906,7.917902,7.246,7.4327807,8.710519,6.732935,7.372278,7.5215306,8.181158,6.9244523,7.991995,6.9797153,8.000139,7.537365,9.018212,8.384169,9.356293,7.815048,8.4579935,8.227768,7.1091924,8.967513,7.8585563,7.903054,8.055598,8.452492,7.681229,9.749012,9.181849,9.462876,5.6835675,8.478472,9.662153,8.301448,5.9118047,7.399239,8.167377,7.463999,6.0184298,8.013391,7.965978,8.1633625,8.465492,8.220215,6.666952,9.302959,6.95434,7.4007654,7.938337,8.107787,6.790483,8.28452,6.899946,9.711686,5.6602087,8.151137,6.0225444,7.812132,8.2907,6.416026,7.567025,8.93698,7.9200726,7.403474,8.067651,6.5650177,7.343416,5.185826,6.105583
6.464357,5.7389026,10.152689,7.6083035,8.175003,8.702962,8.76665,4.4281726,5.6745605,9.296666,8.417165,7.7460165,8.196092,18.608301,7.27191,0.0,7.2686515,11.657123,7.288122,8.866219,8.477717,20.246895,8.657642,8.906685,8.223806,4.6684957,8.106111,6.9972057,6.9071517,6.4531765,9.149064,19.664679,8.442592,7.398501,8.904065,6.9275393,8.779925,9.014825,8.074013,8.871956,6.950596,8.43209,7.514398,10.07171,4.927754,7.6633024,8.273964,7.81146,8.739956,9.717714,6.953797,7.7426906,7.1135764,9.880211,8.727621,8.358023,8.300399,8.918505,7.2794394,5.6609454,7.8367853,10.862678,8.49462,8.381309,9.286333,8.306521,8.2557335,8.919893,7.778219,8.507024,7.0188956,7.9628754,8.493861,8.699825,8.409468,8.093581,7.39916,9.424011,8.105708,8.172746,8.232805,7.4147973,8.48505,8.420456,9.236227,7.5899863,8.381503,6.9877434,8.312589,8.76665,8.985655,9.912509,9.47254,7.2080135,8.174409,10.009788,8.472379,6.0168786,8.558792,9.002879,6.2064095,6.799592,8.14451,8.377975,9.557916,9.786146,6.8763323,4.7815847,8.082941,4.210944,7.165544,7.4242682,8.802179,7.5041037,8.618098,6.4890513,8.901165,5.685889,7.846264,6.40164,8.158711,9.14273,6.7044477,8.590632,8.210047,8.362625,6.677992,7.288122,7.044079,7.813157,8.253553,7.1449924
6.666184,7.32998,9.514887,7.7971487,6.5331254,8.2802105,7.980257,6.851938,5.448064,9.065399,9.822556,5.8751817,7.277576,18.489965,6.8673215,7.2686515,0.0,11.800446,6.599957,8.811587,7.7807803,20.166195,8.761303,8.341561,9.493546,7.3524766,7.937761,9.641594,5.550469,7.0789475,8.650767,19.61335,7.9665933,6.463317,9.026648,5.3817005,8.7595415,8.687395,8.16957,7.7497034,6.4864473,6.7573295,6.0867963,9.308966,6.2314124,8.596068,8.653034,8.730368,7.344266,9.355522,8.034378,6.912041,9.570834,9.166752,9.938854,7.3432283,9.14054,7.6961765,6.7506757,6.238006,9.268933,12.684255,8.408917,9.375203,8.231596,7.507976,7.3323355,9.213372,6.6791406,8.201428,8.164944,6.120264,7.0982265,8.616421,8.650132,6.4054265,8.017334,7.8390965,8.696547,9.707568,7.9022756,7.518446,8.428612,7.3449116,10.082232,8.334098,8.546639,7.1747117,9.026409,7.980257,9.74348,9.696273,7.482751,6.3064556,7.530213,10.378212,8.875218,5.2300286,9.251733,9.087324,5.799449,7.766786,8.071676,7.8625746,8.674737,8.993347,7.7430806,6.158647,9.596866,7.558077,5.558603,6.9865985,7.8225245,6.226489,8.06812,5.603084,9.831188,6.0604777,8.967816,6.3246408,8.841258,9.606769,3.9097352,8.063377,9.578073,8.477073,8.08852,6.599957,8.438066,7.1743617,7.3799753,7.838307
11.283231,10.72039,15.480181,11.370359,11.294485,11.569474,10.921569,11.726772,11.2529125,14.550526,13.370996,12.150882,12.586313,19.778599,10.885356,11.657123,11.800446,0.0,12.949057,12.14769,14.010643,21.746164,11.206641,11.656606,13.302381,11.185708,10.507495,12.433571,9.751016,11.999286,11.4226675,20.783476,14.045671,11.908588,14.139568,12.63249,10.223893,13.420892,10.288648,9.27016,11.966896,11.584371,11.057654,9.023959,11.664815,11.74776,10.001814,10.796184,13.035945,12.339683,11.172303,12.218822,13.222869,15.822667,14.252456,9.823715,11.638087,10.55993,10.443894,11.023296,12.35886,10.836961,12.12371,13.709524,9.794878,11.870978,13.061312,13.622817,11.745432,13.027468,10.785556,12.126772,10.9904175,9.032776,12.979118,12.034509,12.404502,13.884022,13.1647415,12.3487625,11.259149,13.625715,10.456658,10.944171,14.567434,12.428833,9.84382,12.240935,13.430427,10.921569,14.979395,12.962862,14.006424,11.650525,13.714265,13.877768,13.074622,11.730232,12.795389,10.734905,12.3536215,10.372544,11.324963,11.116239,9.661256,9.748275,13.273626,11.2603655,12.828834,11.421047,13.045569,12.00376,9.454374,11.72117,11.08315,12.430329,14.197233,11.096789,12.79568,11.944491,11.499839,11.574273,11.5735,10.175688,12.856237,12.386483,10.949611,12.949057,10.958321,12.720725,10.766383,10.938452
6.9700937,8.79823,7.3839736,7.9986567,6.8939595,7.5754857,7.5358353,7.328052,6.4925613,6.725771,7.902087,6.2249227,6.5027533,18.409906,8.067651,7.288122,6.599957,12.949057,0.0,7.3322678,5.495187,19.604464,8.135151,7.3671308,7.9970317,7.9710975,7.1874514,8.999641,7.30981,6.0044603,8.320092,19.246035,5.593912,4.4672847,8.382321,5.9822435,8.787454,6.950312,8.18772,8.886829,8.690708,6.727512,5.9026494,10.616364,7.0665503,9.3723755,9.243085,8.058741,7.5882125,7.6922565,9.063729,6.1654763,9.007524,6.6902323,8.55822,8.1006,7.8515916,7.8798695,8.646024,7.4683495,8.530175,12.419749,7.5602784,7.1779976,8.958281,6.602818,6.259605,8.365824,6.2795815,7.455575,7.647025,6.341124,6.9349732,9.250204,9.042464,7.0228176,6.5512505,6.9727206,7.025613,8.556548,7.404614,6.6874304,8.158685,6.8897634,8.673005,6.7441673,8.895836,5.2193127,7.315856,7.5358353,8.399193,7.509055,6.402515,7.366377,5.2746716,7.9395456,8.147164,7.2723475,8.523791,9.251215,6.188652,8.968369,7.338093,7.390092,9.610441,9.894795,7.1793747,6.8748946,8.30834,8.100936,6.381351,4.75241,8.712308,5.4913645,7.8013296,5.584589,7.603763,7.4067197,7.209389,7.552907,8.805466,9.580969,6.0363355,8.447541,8.015217,7.057754,7.487152,0.0,9.04906,6.413628,9.065009,8.808126
8.131688,10.100751,7.7957344,10.155931,7.047245,7.8957667,7.9459767,8.451669,8.52606,7.7763233,7.0100408,7.830681,7.5823946,17.78399,8.539839,8.866219,8.811587,12.14769,7.3322678,0.0,7.557541,19.314648,8.273923,5.7801576,7.95193,8.642041,7.0635724,9.635434,9.038637,6.8288846,8.665231,18.499546,7.5087333,7.1887884,8.743682,8.5011425,8.667547,7.573822,7.981995,9.350863,10.533636,7.8832307,7.2455215,10.694716,8.848048,9.713484,7.9153376,7.6339173,8.18992,7.947921,9.198739,6.9050403,8.895482,8.055333,9.579064,8.588783,7.0321774,8.099063,10.038706,8.52374,8.711067,10.720383,6.656094,6.796237,8.99286,7.211538,7.4718266,9.154258,7.470273,8.953136,6.578209,8.113279,7.2151403,10.071228,9.069746,7.6213994,6.7468557,7.712666,7.3532453,7.7089734,7.631041,8.958429,8.296677,7.5056047,9.3805895,6.605609,9.666376,7.362397,7.3979025,7.9459767,9.907424,7.769619,8.44721,7.9236665,7.236814,8.014764,8.492327,9.18823,8.904602,9.475019,8.438062,9.580119,7.982191,7.791484,9.835541,9.893776,9.259925,8.425014,8.173695,9.0961,9.16359,7.2649493,8.904476,6.8126993,8.307865,8.0127535,7.198372,8.577839,6.5480294,8.65428,8.18942,9.084049,7.887279,8.26812,7.6771045,6.619379,7.9718704,7.3322678,8.97357,7.036076,9.359999,8.924622
7.628708,10.181893,6.776986,8.470867,7.414913,8.281057,8.527733,8.306221,7.2411556,5.4465895,7.3211236,7.040898,6.849692,17.744673,8.479351,8.477717,7.7807803,14.010643,5.495187,7.557541,0.0,18.907677,8.717178,8.118102,8.304464,8.776666,7.397959,9.790344,8.489781,6.6684136,8.937599,18.569885,1.5283636,6.857692,7.425168,6.1344714,9.18713,6.0061793,9.047279,10.1540575,9.773548,7.6850414,6.5253663,11.72333,7.928745,9.526934,9.47898,9.053633,7.516589,8.792528,9.774394,6.499857,8.597141,5.7337704,8.902163,9.294272,8.093444,8.968554,9.940813,8.002779,9.285755,13.445072,7.0820465,6.7171407,9.926795,6.870129,5.9769998,8.404622,6.260433,7.8277006,7.9154305,6.9639106,7.36249,10.000827,9.035141,7.619584,5.8847904,6.744653,6.574019,8.918955,7.9254293,7.192582,9.059346,7.2815776,8.453093,6.609565,9.850543,5.121001,6.800635,8.527733,8.415221,8.37404,6.3978305,7.8773656,2.1169236,8.680353,8.67638,8.420654,8.706403,10.008326,6.6080427,9.450512,8.226713,8.181792,10.542009,10.847278,7.9177322,7.6717963,8.692099,9.3368635,6.84795,6.990387,9.875045,5.8908706,8.78286,5.5914683,7.5117145,7.9186826,6.882596,7.837624,8.743784,10.034047,7.2626524,9.120519,8.165283,7.5725303,7.829691,5.495187,9.710444,6.3191447,9.459911,9.519144
19.690577,20.239166,19.252426,20.156977,19.294794,19.356543,19.122429,19.98967,19.672867,18.35875,18.112913,19.637125,19.115665,11.921101,19.828087,20.246895,20.166195,21.746164,19.604464,19.314648,18.907677,0.0,19.428787,19.372246,18.92128,19.969122,18.589832,20.379126,20.242014,19.230701,19.638401,8.814246,18.846642,19.795572,18.970407,19.69655,19.693054,18.191305,19.322485,20.077887,20.419415,20.098345,19.036907,20.670383,19.89402,20.248314,19.846806,19.214008,19.618368,19.664724,19.974138,19.157717,19.378231,19.04273,20.159971,19.784805,18.174297,19.341684,20.542742,19.997227,19.338,21.03452,18.630575,18.399143,19.7363,18.656523,19.535954,19.516148,18.708431,19.5801,18.610723,19.846174,19.46809,19.729698,19.577456,19.509857,18.643545,19.456465,18.190443,18.897621,18.90124,20.203356,19.407417,18.985731,19.59525,18.60655,20.027607,19.39217,18.210777,19.122429,19.9579,19.69748,19.677965,19.829994,19.014631,19.452528,19.84882,19.639425,19.201603,19.990013,19.468538,20.132486,19.510077,19.306887,20.121733,20.428133,20.38461,19.428427,19.135038,20.432365,20.006802,19.664019,19.89219,18.854975,19.634224,19.412584,18.850557,20.015932,18.567455,19.887482,19.276373,19.68428,19.506403,19.070635,18.48477,19.105442,19.47076,19.604464,19.918938,18.69421,20.042099,19.94673
7.742681,8.527853,10.79998,10.0295,8.651967,2.9424317,3.816222,8.106616,8.577143,8.069557,8.304239,8.425246,9.11919,17.757967,8.1714,8.657642,8.761303,11.206641,8.135151,8.273923,8.717178,19.428787,0.0,9.202648,8.230647,8.014867,8.754954,9.563618,8.722025,8.29791,3.4759016,18.444525,8.4990225,7.675629,9.633778,9.387624,7.429016,7.21914,6.6394563,6.970823,9.82514,9.586535,7.222558,7.856626,8.892244,8.966349,7.875038,7.4981217,9.187102,6.161487,7.882315,8.410069,8.974185,10.600183,8.809843,6.5358005,8.624921,5.6161795,8.877792,8.568845,8.876626,9.750426,8.246164,8.469797,5.7417717,4.3805075,7.574526,7.7502074,7.5241375,7.4826365,7.359538,9.399921,8.364019,7.328358,8.653834,9.545878,6.911944,10.731624,8.925722,7.809058,3.468197,10.25852,4.374033,8.129627,9.698828,6.324438,5.457711,7.302755,8.791202,3.816222,9.607731,6.9291606,10.80337,8.967414,8.655209,7.757836,6.9928956,8.439562,7.3102803,5.2328095,8.903637,8.408889,3.4746363,3.4697642,6.803806,6.918394,9.923921,8.432357,7.78627,8.53837,9.769568,7.6143885,6.5549946,7.0999455,3.507985,8.682315,9.296629,8.663492,7.577523,8.835297,8.319957,6.7550106,7.772591,6.3682146,7.6170583,8.317909,7.7056165,8.135151,7.978966,8.331295,8.389679,8.296671
8.421622,9.799576,7.693961,9.779528,5.7752175,8.799828,8.628044,8.839658,8.425637,8.592057,8.01526,7.747906,6.574629,17.97754,8.749314,8.906685,8.341561,11.656606,7.3671308,5.7801576,8.118102,19.372246,9.202648,0.0,8.4267235,9.056013,6.863734,9.6938305,8.66146,7.244392,9.49778,18.86673,8.27573,7.1858745,9.296524,8.264167,9.163783,8.53678,8.07455,9.479607,10.052927,5.6811333,7.5272174,11.035326,8.8786125,10.207021,8.503337,8.092343,8.07287,9.020301,9.448923,6.016183,9.594671,7.996033,9.875759,8.885744,7.1175013,8.578296,9.751214,8.702414,8.7869,11.017691,7.4100275,7.489405,9.51523,7.9224415,8.194346,9.602412,7.781927,9.730649,6.9609656,6.8149366,8.017176,9.904859,9.717915,5.742772,7.503623,6.518331,7.8310885,8.190355,8.4294615,8.501826,8.826031,7.8820925,9.670626,7.547014,9.993159,7.6497893,8.089862,8.628044,10.113666,8.824317,7.4091825,7.667543,7.5247107,9.032436,9.089429,8.67411,9.445111,10.179409,8.387803,9.9608345,8.637832,8.4956875,10.363333,10.580623,9.184881,8.304233,8.577998,9.234872,8.963649,7.3162017,9.286475,7.2562327,9.068258,8.043487,8.131476,8.677523,7.8133,9.009148,8.348466,10.1383295,7.707728,8.67126,8.160309,5.992707,8.07512,7.3671308,9.345671,6.3936453,9.411559,9.240351
8.850509,9.05847,8.482989,10.677177,8.123465,8.308507,8.083061,8.205113,8.77608,7.9328284,6.0149717,8.6512375,7.1735063,17.37563,9.214058,8.223806,9.493546,13.302381,7.9970317,7.95193,8.304464,18.92128,8.230647,8.4267235,0.0,8.477021,8.569428,9.587517,9.6135645,6.7917023,8.830856,18.155699,8.129316,7.8577175,9.65584,9.448793,8.144294,8.363179,6.784538,9.649155,9.904698,9.104423,8.199517,10.828297,8.396154,9.969032,8.621551,5.7531257,9.645197,9.78406,8.551009,6.6913605,8.342075,8.524637,8.07,9.075449,5.923236,8.628767,9.894473,9.330171,5.0124755,9.775753,8.336388,5.36827,9.658363,7.689144,9.312706,7.9360023,7.86342,9.38213,5.3439665,8.504693,9.287998,9.588663,8.565683,8.926858,6.6828833,9.628225,7.7817936,3.6550756,7.973948,9.665981,8.014296,8.961277,8.433497,4.645798,8.617314,7.543296,7.7675686,8.083061,8.272814,9.601489,9.462713,9.427028,7.810925,8.855846,8.496615,9.0324545,8.442905,8.696064,8.526401,9.829149,7.137472,8.002964,9.866747,10.217302,9.213572,8.270596,2.2055583,8.34821,9.826388,7.773083,9.32711,7.7784348,8.843897,8.731493,5.697514,9.367855,6.307021,9.496959,7.5991654,9.684996,7.958593,7.9399533,3.7121272,8.487463,8.012637,7.9970317,8.361773,6.739609,9.500407,8.917051
5.2992353,6.07862,10.222455,6.9263144,7.928453,8.09866,8.037559,4.2935596,5.877419,9.289028,8.542952,7.4222794,8.6131935,18.263176,6.313719,4.6684957,7.3524766,11.185708,7.9710975,8.642041,8.776666,19.969122,8.014867,9.056013,8.477021,0.0,7.6489196,6.725821,7.081788,7.042351,8.1768,19.39439,8.63516,7.6266603,8.853929,7.2416377,8.084695,8.62458,8.162356,8.330894,6.9600387,8.662604,7.1795516,9.221578,5.191719,7.192766,7.5757694,7.564597,8.452453,9.10475,6.303741,7.8565693,6.8348937,10.269033,9.319114,7.774861,8.298985,8.098462,6.6227207,3.9400952,8.055329,10.940381,7.7265396,8.491265,8.340039,7.6617174,8.108002,8.924499,7.313971,8.124049,6.7367444,8.355425,7.6720448,8.376197,7.9761877,8.313543,7.5293236,9.521829,8.251413,8.363399,7.7899384,8.218119,8.234717,7.659726,9.535134,7.4756503,7.901144,7.4037566,8.246074,8.037559,9.482871,9.604068,9.883575,7.0730786,8.550525,9.726737,8.273062,5.701971,8.389407,8.293269,6.6353493,5.760012,7.756651,7.8932576,8.63201,8.768203,7.444378,4.659714,8.489394,3.4816554,7.3064747,7.6850038,8.1817045,7.2952433,7.942896,6.804414,9.0752945,4.130824,7.563228,4.9377074,8.398126,7.9989896,6.806117,7.8047185,8.360122,8.472911,6.480773,7.9710975,7.044719,7.640131,7.9990225,6.744196
7.0843167,8.997286,8.062394,7.426113,6.5852327,8.546628,8.232603,7.977582,7.263197,8.111153,7.0793786,7.764189,7.1924176,17.422752,8.106615,8.106111,7.937761,10.507495,7.1874514,7.0635724,7.397959,18.589832,8.754954,6.863734,8.569428,7.6489196,0.0,8.70651,7.812031,6.658964,9.103508,18.23169,7.4506254,7.340433,8.63001,7.145778,8.709084,7.7924066,8.445647,8.975627,8.911175,6.621211,6.546082,10.54364,7.6301003,9.543144,8.701636,7.404674,8.465676,8.658336,8.921951,6.526337,9.148056,8.382843,10.058882,8.312011,6.033707,8.215289,8.733165,7.036997,8.777924,11.520858,5.503214,6.658868,8.945688,7.627563,7.7046313,9.614477,6.6441426,9.12158,6.426026,7.1006727,6.7336,8.788863,9.317781,6.5761414,6.753087,6.9980683,7.086888,8.42277,8.032697,7.9696817,8.745953,6.3879437,9.68981,6.7366223,9.4822235,6.7165318,7.321603,8.232603,10.26195,8.711689,7.7828217,7.5310698,7.183177,9.0184145,9.415199,7.9767447,9.323839,9.879297,7.394193,8.677281,8.52817,8.3478775,9.70857,10.004467,8.376327,7.0867486,8.844374,8.390401,7.977324,7.4047947,8.735427,6.3647246,8.574593,6.909321,8.079078,7.0125732,6.1900687,7.2393208,8.654494,9.086454,7.38917,8.44035,7.9878006,7.706947,6.3645906,7.1874514,9.097181,6.8685246,9.333248,8.651247
7.3636785,8.930374,10.69413,8.101088,9.465744,9.592177,9.633319,6.812607,8.325823,9.844506,9.230495,9.021413,9.959298,18.65637,8.280903,6.9972057,9.641594,12.433571,8.999641,9.635434,9.790344,20.379126,9.563618,9.6938305,9.587517,6.725821,8.70651,0.0,9.007789,8.162052,9.860039,19.782476,9.623447,8.681043,8.34305,9.230989,9.970333,9.713811,9.823841,10.364745,9.963373,10.01081,8.9470825,11.384169,7.8913856,8.041734,9.285951,9.328295,9.452413,9.975884,8.185494,9.198867,6.7319,10.872836,8.473477,9.81373,9.322733,9.844147,9.363226,7.4846663,9.2196665,11.8070135,8.721824,9.111324,10.401358,9.016698,9.228339,8.747616,9.005722,8.495512,8.586213,9.897858,8.742383,9.863342,8.504373,9.724104,8.498969,10.330271,8.956035,9.652012,9.658728,9.682194,10.061333,8.658492,8.085547,8.65721,9.985709,8.694962,8.827363,9.633319,8.65756,10.312738,10.992793,8.914033,9.783964,10.251926,8.254626,8.448468,7.9277124,10.379749,8.673537,8.264748,9.422221,9.652232,10.896535,10.9610405,9.262249,7.774911,9.621821,6.8653417,9.423631,8.628828,10.266057,8.975109,9.786596,8.833938,9.399457,7.6451063,8.54737,7.5927153,9.5450735,9.87856,8.726933,9.901963,9.439124,9.189743,7.8681254,8.999641,8.605963,8.901551,9.372275,8.339904
6.1028447,6.535035,10.890651,7.0681353,7.23288,8.503559,7.9309664,7.087342,5.1940618,9.872626,10.04341,6.8324494,7.9275227,18.436153,6.7475038,6.9071517,5.550469,9.751016,7.30981,9.038637,8.489781,20.242014,8.722025,8.66146,9.6135645,7.081788,7.812031,9.007789,0.0,7.201498,8.649984,19.543293,8.643926,6.766883,9.688707,6.500379,7.400964,9.047856,7.496755,6.3086276,6.862144,7.398919,5.6445503,7.710721,6.418453,8.206549,8.097892,7.842247,8.35459,9.566513,7.8513823,7.641113,9.65223,10.515866,10.519904,6.3013215,8.505154,7.266208,5.594321,6.3156376,8.674769,11.820209,8.333637,9.798252,7.3793945,8.021521,7.9932914,9.808403,6.765719,8.6646385,7.7359033,7.1151466,6.3304477,7.225081,8.940058,7.392898,8.114305,8.897505,8.807763,9.546597,7.911436,8.1475115,7.977987,6.064256,10.211721,8.593144,7.563698,7.384095,9.261032,7.9309664,10.5617,10.042869,8.523679,7.104207,8.288235,10.8589945,9.426582,6.208784,9.499413,8.51075,6.280508,6.820559,8.178021,7.966855,7.4485106,7.763324,7.890973,5.9297266,9.532289,7.5575137,6.649079,7.194773,6.722854,6.1505055,8.193157,6.421129,10.4316845,6.249567,9.031224,7.009877,8.635753,9.379806,5.6219063,7.1058025,9.621304,8.546052,7.680137,7.30981,7.9431987,7.891388,7.1485453,7.299387
7.1584167,7.9498553,7.852763,8.462223,6.640594,8.064463,7.790156,6.2919083,6.0748353,7.5292726,7.0146937,6.8727574,6.2975993,17.535982,7.549497,6.4531765,7.0789475,11.999286,6.0044603,6.8288846,6.6684136,19.230701,8.29791,7.244392,6.7917023,7.042351,6.658964,8.162052,7.201498,0.0,8.739148,18.64613,6.784699,6.5683937,7.9709053,6.342548,8.082388,7.678705,7.3588877,8.772826,8.240512,7.2018867,6.3551464,10.351083,6.233248,8.496923,8.057488,6.664153,8.17769,8.796981,7.9674044,5.804608,7.521889,7.442652,8.42173,8.028541,6.596342,7.9998593,8.379675,7.3424726,7.4429398,10.999888,6.9749527,6.463193,9.007464,7.236492,7.2926536,8.157325,6.5213003,8.258518,5.655452,6.552424,6.1596565,8.506008,8.17917,6.869084,6.0477114,7.2052298,4.848296,7.00419,7.6250515,7.8343816,7.9377637,6.598687,8.644337,5.9505153,8.564077,5.8615804,5.221742,7.790156,8.632618,8.710581,7.300494,7.5956573,6.3004136,8.651432,8.289834,7.47993,8.124553,8.911444,5.5962124,8.414508,7.4933233,7.610633,9.485254,9.787607,7.6075063,5.9533324,7.0792713,7.1550856,7.1469545,6.669591,8.535906,6.035986,8.297745,5.7534947,6.998768,7.363684,6.185584,6.995295,7.603978,9.539135,5.9668164,8.097927,6.929845,7.6918125,7.292657,6.0044603,7.741104,6.1881857,8.212887,7.759258
7.8737774,8.665367,11.126653,10.078672,8.538125,2.9776235,3.9162986,8.570047,8.638985,8.736155,9.126992,8.699079,9.165246,18.042612,8.340743,9.149064,8.650767,11.4226675,8.320092,8.665231,8.937599,19.638401,3.4759016,9.49778,8.830856,8.1768,9.103508,9.860039,8.649984,8.739148,0.0,18.83629,8.832781,7.6647806,10.0573,9.466209,7.2895193,7.6206946,7.0074253,6.5881186,9.919607,9.583636,7.2356834,7.492885,9.102604,9.337472,8.250429,7.5972834,9.327458,6.6812773,8.233069,8.505047,9.646127,11.017648,8.904518,6.193684,9.020998,5.648147,8.820171,8.665328,9.138596,10.4229,8.425845,9.025579,5.6529384,4.33169,7.825794,7.537704,7.51174,7.564648,7.772475,9.301068,8.295685,7.56797,8.955699,9.635177,7.725252,10.808069,9.386588,8.306048,3.8287656,10.491135,4.682305,8.13667,10.183145,7.147512,5.4621034,7.6084743,9.333023,3.9162986,9.747602,7.6771603,10.765969,9.053551,8.812312,8.666504,6.914144,8.4397955,7.7230735,4.8806505,8.956945,8.41495,3.4520235,3.059313,6.5012345,6.4568014,10.257923,8.775638,8.450449,8.9611435,9.895636,7.8285403,6.258464,7.296886,2.9460247,8.907344,10.118616,8.791027,8.14941,9.173784,8.843518,7.183931,7.8200526,6.2628827,8.167519,8.832549,8.2031145,8.320092,8.409386,8.445878,8.621906,8.490577
18.962608,19.703247,18.917398,19.731659,18.707857,18.531576,18.203115,19.381454,19.091475,17.853037,17.49397,19.171843,18.74572,6.8605356,19.021568,19.664679,19.61335,20.783476,19.246035,18.499546,18.569885,8.814246,18.444525,18.86673,18.155699,19.39439,18.23169,19.782476,19.543293,18.64613,18.83629,0.0,18.46417,19.33791,18.456959,19.291075,18.88256,17.457804,18.423708,19.140156,20.140997,19.629253,18.410873,19.667694,19.494192,19.46566,18.861254,18.397472,19.064646,18.823828,19.061806,18.66306,18.832594,18.735617,19.796385,18.91372,17.61632,18.456116,19.975607,19.401503,18.541792,20.184639,17.970903,17.868456,18.700127,17.90722,19.037642,18.985537,18.327911,19.079155,17.823286,19.50233,18.750341,18.97911,18.828835,18.99347,18.000505,19.17184,17.851345,18.112297,17.959373,19.938366,18.404724,18.306631,18.999233,17.892828,19.147383,18.93016,17.772675,18.203115,19.65825,18.932014,19.49805,19.149895,18.721504,18.81303,19.159283,19.22351,18.505615,18.997755,19.054548,19.372297,18.616575,18.428257,19.146748,19.34888,20.095058,18.936914,18.331322,19.850325,19.546408,19.20683,18.909332,18.219156,18.789473,18.918608,18.343948,19.436066,17.916662,19.35958,18.425116,18.871,18.916803,18.173328,17.711071,18.487896,18.765163,19.246035,18.95988,18.21489,19.135324,19.17109
