0,1,2,3,4,5,6,7,8,9,10,11,12,13,14,15,16,17,18,19,20,21,22,23,24,25,26,27,28,29,30,31,32,33,34,35,36,37,38,39,40,41,42,43,44,45,46,47,48,49,50,51,52,53,54,55,56,57,58,59,60,61,62,63,64,65,66,67,68,69,70,71,72,73,74,75,76,77,78,79,80,81,82,83,84,85,86,87,88,89
0.9999998,0.78884304,0.9431305,0.9347306,0.92005515,0.92390156,0.7931826,0.9265011,0.92102736,0.91262484,0.9272232,0.94954944,0.87787735,0.9068732,0.9628604,0.5017532,0.80068266,0.8762897,0.88792837,0.92857194,0.95761913,0.8798081,0.57373536,0.9428789,0.90299,0.8427569,0.9434408,0.8589343,0.9012592,0.9605966,0.9023201,0.8911803,0.8528435,0.8235444,0.924349,0.8599349,0.9609946,0.92566794,0.8721131,0.87593496,0.9508131,0.804303,0.95440125,0.9489318,0.90730524,0.92623186,0.94505906,0.9138182,0.953219,0.7605094,0.9127112,0.9152361,0.9418451,0.89408445,0.9073411,0.90411234,0.9016877,0.880749,0.8959902,0.92550844,0.57303274,0.9127112,0.9387233,0.49035087,0.9111542,0.712566,0.45801437,0.9664626,0.88021725,0.9221777,0.92641515,0.93659526,0.8234498,0.89529794,0.90595245,0.956635,0.9793433,0.8991253,0.80529034,0.93097275,0.96665263,0.89368683,0.90468407,0.9236657,0.89928335,0.4539144,0.9793904,0.9113103,0.9244739,0.9140684
0.78884304,0.9999997,0.8287155,0.8247351,0.71877855,0.7363094,0.94710183,0.8303012,0.8542431,0.7262564,0.70424867,0.74998367,0.8328966,0.8243869,0.8116679,0.49402416,0.92242825,0.63726926,0.71059704,0.76322734,0.7745131,0.6342638,0.68935513,0.76683426,0.81819165,0.62530196,0.8173535,0.87725383,0.8361138,0.8181933,0.8576832,0.7335538,0.9014256,0.8998026,0.8719661,0.86908823,0.7925447,0.753747,0.87061316,0.8567977,0.80201346,0.9248699,0.77269113,0.7969927,0.7189859,0.8133375,0.8381593,0.90483135,0.7836946,0.9358775,0.900776,0.8265344,0.7922815,0.77563524,0.8549515,0.86554146,0.8365619,0.8193037,0.8938966,0.83173025,0.47493556,0.900776,0.8009932,0.49188074,0.78234273,0.82472336,0.45116052,0.79158926,0.8306881,0.8138117,0.8435973,0.7896991,0.7910067,0.84395605,0.7414526,0.7915609,0.76024926,0.8373109,0.92244595,0.84552574,0.74971575,0.8596269,0.8442679,0.8863597,0.66110706,0.47051206,0.7711859,0.85923356,0.85039747,0.81108916
0.9431305,0.8287155,1.0000001,0.95218635,0.88411283,0.9050759,0.83688176,0.9756713,0.9510881,0.8921709,0.91904444,0.9485046,0.8992732,0.92023075,0.95089644,0.4715577,0.8357301,0.84172064,0.8686557,0.9055398,0.9511915,0.83970994,0.59502405,0.92951393,0.92714304,0.83312374,0.936706,0.9072832,0.93219733,0.94694453,0.9127642,0.90487874,0.8715224,0.8417018,0.94396174,0.88916373,0.9583933,0.9164473,0.91673046,0.89279336,0.9510673,0.8402349,0.94223243,0.95317775,0.88330054,0.9371895,0.9525673,0.9371276,0.9599666,0.7828499,0.935027,0.92496943,0.9482239,0.8761885,0.92758465,0.933458,0.9162938,0.90401715,0.9119886,0.9332102,0.576266,0.935027,0.950751,0.49609122,0.9104273,0.73829925,0.45202821,0.94685346,0.9072299,0.9284357,0.9535805,0.94342136,0.8288111,0.9179368,0.8875825,0.9520613,0.9327339,0.91229016,0.83944213,0.9430505,0.9344575,0.9392996,0.91804826,0.9474179,0.85320187,0.4489167,0.937497,0.9208454,0.9412637,0.9366067
0.9347306,0.8247351,0.95218635,0.99999994,0.89401037,0.93192863,0.82803583,0.9436836,0.9129917,0.90689135,0.913611,0.9397391,0.87624454,0.90162313,0.9344298,0.4748124,0.8380311,0.8497575,0.88927865,0.9153971,0.9429976,0.8486402,0.6016914,0.94588655,0.9444177,0.85678244,0.94331163,0.90500534,0.8993995,0.9496194,0.9145643,0.925573,0.9070041,0.81529415,0.9224382,0.9124155,0.9463602,0.9405436,0.9112111,0.8820669,0.94970715,0.83765876,0.93925714,0.955086,0.8976908,0.8929849,0.9409554,0.93749785,0.9506773,0.7775279,0.93651617,0.8996358,0.95024645,0.8689831,0.94610155,0.9474803,0.88240886,0.8679988,0.910659,0.9494286,0.54895645,0.93651617,0.96051824,0.46709996,0.9129869,0.7432868,0.42948082,0.92219055,0.87324923,0.93720025,0.95344687,0.9539322,0.82300335,0.88109785,0.88992876,0.9364872,0.945513,0.8947309,0.8151857,0.92569053,0.9088894,0.91415715,0.9054791,0.9438037,0.8633394,0.43590754,0.9459872,0.904629,0.94160956,0.9449376
0.92005515,0.71877855,0.88411283,0.89401037,1.0000001,0.93963945,0.724584,0.8701909,0.8560269,0.93955535,0.92504096,0.93461215,0.86036307,0.8737766,0.89600134,0.48457113,0.7483859,0.94884527,0.91259193,0.9037656,0.91557384,0.9653511,0.60004663,0.9143664,0.87386656,0.8997741,0.89833176,0.8202511,0.8485122,0.89908165,0.85956115,0.8985087,0.8139012,0.7549676,0.83902866,0.8014883,0.9151005,0.90984476,0.8311954,0.8388779,0.9003947,0.7526624,0.939639,0.8878188,0.9087349,0.89147246,0.8708849,0.87854373,0.9152421,0.7313576,0.8713706,0.8817604,0.8901011,0.9439281,0.87393725,0.8442337,0.88193077,0.8600143,0.8694764,0.912416,0.57835263,0.8713706,0.88331366,0.47921735,0.8835666,0.714026,0.4507868,0.9069847,0.8555779,0.8973605,0.8526281,0.89423984,0.8431952,0.83434796,0.90676004,0.90693396,0.9261151,0.8887021,0.7269659,0.8468982,0.92817074,0.83621716,0.8907621,0.8797329,0.94740796,0.45134634,0.9284188,0.877554,0.8840335,0.8863142
0.92390156,0.7363094,0.9050759,0.93192863,0.93963945,1.0,0.7350115,0.8937163,0.86120063,0.9161184,0.92027223,0.9400228,0.84010965,0.8609381,0.90202636,0.4526024,0.7465744,0.9059814,0.928443,0.8995961,0.92729235,0.9155988,0.6265298,0.9429668,0.9046792,0.9290466,0.92059225,0.83564866,0.8612819,0.91404724,0.8530557,0.92921644,0.83360314,0.73787856,0.8592998,0.8362819,0.9306735,0.9250927,0.845827,0.8548325,0.9118662,0.74996483,0.93587047,0.92376244,0.94183254,0.88443905,0.8885595,0.9065534,0.9369961,0.731825,0.886431,0.85962677,0.9236651,0.8941286,0.92013365,0.9009766,0.8578583,0.84145993,0.8712238,0.9288547,0.5587239,0.886431,0.91871285,0.4500121,0.9065576,0.70799613,0.41845828,0.9076165,0.8430784,0.92687273,0.88701695,0.9052614,0.82286334,0.81775665,0.920017,0.9107332,0.94908446,0.89741975,0.7300237,0.8583348,0.91804636,0.84200084,0.89911723,0.90981376,0.8992415,0.42927545,0.9500424,0.8825435,0.88816607,0.9133826
0.7931826,0.94710183,0.83688176,0.82803583,0.724584,0.7350115,1.0000002,0.84574366,0.87865925,0.7260065,0.71503484,0.7561022,0.86256397,0.85215485,0.82542396,0.5171757,0.94324565,0.6438966,0.73187876,0.76697236,0.7781079,0.6376915,0.6896832,0.76792425,0.81315875,0.6120552,0.8196467,0.89262366,0.8482294,0.8220204,0.86829793,0.7207607,0.89420974,0.9325756,0.8711075,0.8687427,0.804086,0.7533016,0.8853935,0.8799319,0.81608284,0.94552124,0.78191626,0.81115586,0.72873366,0.830869,0.8432282,0.8791632,0.7862772,0.9084084,0.90314084,0.8520291,0.79389644,0.7953266,0.84158444,0.8671217,0.8565434,0.84197086,0.909943,0.8311722,0.4996314,0.90314084,0.8162606,0.50588495,0.80061656,0.8427796,0.48024866,0.80443597,0.86503863,0.81874776,0.850039,0.7975421,0.8026622,0.8736161,0.74820197,0.80847573,0.7632141,0.8586316,0.9458477,0.8498931,0.755932,0.877355,0.86594653,0.87244725,0.66383713,0.4890409,0.776451,0.8766315,0.86704516,0.8021248
0.9265011,0.8303012,0.9756713,0.9436836,0.8701909,0.8937163,0.84574366,1.0000002,0.95283365,0.87228686,0.89876455,0.92961043,0.8964611,0.9154613,0.93382084,0.45779833,0.84542733,0.8191878,0.8586237,0.885051,0.9307642,0.81502724,0.61772525,0.9172699,0.91704303,0.82367545,0.9244472,0.93587476,0.9273181,0.93667245,0.9099436,0.8920243,0.8706691,0.8403812,0.93094474,0.8906058,0.9416069,0.8979241,0.9369602,0.89682853,0.94004315,0.8483211,0.92022544,0.9471607,0.87186027,0.9396192,0.9512371,0.922598,0.94480264,0.7873896,0.9410607,0.94154525,0.9420979,0.88017815,0.9145124,0.92636615,0.9310441,0.92998344,0.92061424,0.9326328,0.5600343,0.9410607,0.9422932,0.48291567,0.8938146,0.7466577,0.4359389,0.9298344,0.9312761,0.925835,0.94674116,0.9270937,0.85975736,0.92198515,0.8701689,0.94629294,0.9157942,0.92794275,0.84338,0.9370161,0.91484964,0.96242887,0.9269863,0.9341166,0.83048683,0.44494206,0.92289746,0.92133546,0.9381719,0.92185616
0.92102736,0.8542431,0.9510881,0.9129917,0.8560269,0.86120063,0.87865925,0.95283365,1.0000001,0.83955187,0.8740033,0.90400314,0.9185554,0.9349371,0.9340466,0.5024525,0.8639225,0.7881981,0.8381875,0.8710797,0.9184494,0.7905365,0.61407876,0.9003614,0.8876081,0.7613753,0.9118123,0.8933692,0.9333111,0.93395245,0.91174805,0.8446018,0.8718923,0.9074448,0.9395044,0.8842812,0.9356563,0.8742218,0.8949806,0.9398856,0.9362897,0.8700366,0.9101417,0.93005794,0.8577426,0.93782747,0.92610216,0.9305575,0.92556524,0.8219766,0.94819397,0.94201386,0.9260112,0.8892601,0.8970537,0.91809565,0.9553489,0.94920415,0.9388493,0.9083671,0.56486106,0.94819397,0.9273802,0.5115818,0.88962275,0.7722856,0.4850126,0.9301989,0.9481005,0.9036779,0.9477631,0.9191788,0.83502316,0.93366337,0.86473346,0.9493596,0.9017516,0.9233438,0.88751304,0.9299285,0.9142229,0.9517288,0.94897586,0.9490419,0.79640853,0.47937003,0.914495,0.9483868,0.93791264,0.8937022
0.91262484,0.7262564,0.8921709,0.90689135,0.93955535,0.9161184,0.7260065,0.87228686,0.83955187,1.0000001,0.91121846,0.92247194,0.83298457,0.85311604,0.89938927,0.49968186,0.76413614,0.92436415,0.89195526,0.8964149,0.9034436,0.9219074,0.5710671,0.9125415,0.8975041,0.9042697,0.8977805,0.83703125,0.83071744,0.8947742,0.8796016,0.9118738,0.82993335,0.7252302,0.8466665,0.82970107,0.90524155,0.92480785,0.85992426,0.8036033,0.89696914,0.765839,0.9233402,0.89692867,0.88853097,0.8743118,0.88583475,0.8801049,0.9102237,0.7066996,0.8765662,0.85993195,0.8848239,0.891541,0.887303,0.8495208,0.846616,0.8265174,0.8586178,0.9240562,0.5771385,0.8765662,0.8880949,0.4695668,0.8895557,0.6853836,0.4337718,0.9001984,0.8304458,0.9076885,0.86520004,0.8987011,0.8339656,0.8239819,0.88828695,0.8994923,0.91496205,0.86504155,0.7089712,0.8619361,0.9037133,0.8410502,0.861403,0.87423575,0.93214333,0.45877916,0.9113424,0.86349815,0.87758464,0.90895045
0.9272232,0.70424867,0.91904444,0.913611,0.92504096,0.92027223,0.71503484,0.89876455,0.8740033,0.91121846,1.0000001,0.9729692,0.83929265,0.86060846,0.91878235,0.4448002,0.7251307,0.90797395,0.8930582,0.90856504,0.9532773,0.908458,0.51251775,0.9354381,0.8744128,0.8712963,0.918969,0.81922764,0.87234634,0.9182625,0.8606856,0.9009757,0.7775179,0.74121255,0.8586676,0.80852616,0.94828224,0.9236814,0.830204,0.8294976,0.9234564,0.7294276,0.95015216,0.90195394,0.9030373,0.8699219,0.8895565,0.87458515,0.9560741,0.68173885,0.8674662,0.878222,0.93355465,0.8675984,0.87688994,0.8532726,0.87107015,0.8571487,0.8563598,0.89702934,0.5681001,0.8674662,0.922871,0.46527666,0.8838966,0.6528285,0.42962596,0.91039014,0.8372539,0.886601,0.88670707,0.933584,0.7770998,0.83413255,0.8996519,0.93666995,0.94331914,0.8569269,0.7050262,0.86448514,0.9345751,0.8484749,0.8680644,0.8791506,0.90993714,0.42050707,0.9381474,0.8782308,0.88527656,0.89269185
0.94954944,0.74998367,0.9485046,0.9397391,0.93461215,0.9400228,0.7561022,0.92961043,0.90400314,0.92247194,0.9729692,1.0,0.87117004,0.8885417,0.93801314,0.44122806,0.7572694,0.9116,0.89611447,0.9175235,0.9725201,0.91776097,0.5488976,0.9598924,0.9038316,0.88725334,0.933534,0.8552741,0.9042249,0.94097394,0.87614113,0.9176971,0.816845,0.77129024,0.8932399,0.8461009,0.973526,0.93659854,0.86656463,0.86033595,0.94527256,0.7616282,0.96824145,0.93506855,0.9205266,0.9167595,0.9263972,0.9082991,0.9888835,0.72195756,0.8979024,0.8953049,0.9654299,0.876479,0.9076792,0.88750005,0.88855666,0.87914556,0.88105226,0.92781174,0.56257474,0.8979024,0.94407433,0.46347398,0.9085269,0.69073254,0.41769195,0.9484291,0.86516184,0.913775,0.92589074,0.9462793,0.7984771,0.8614971,0.92368084,0.9480211,0.95565474,0.89038897,0.7566086,0.9062573,0.9581641,0.8821836,0.8958931,0.91261894,0.9174919,0.4194563,0.95746374,0.9024234,0.90500695,0.917168
0.87787735,0.8328966,0.8992732,0.87624454,0.86036307,0.84010965,0.86256397,0.8964611,0.9185554,0.83298457,0.83929265,0.87117004,1.0,0.94440156,0.8978071,0.53110874,0.8419376,0.80508506,0.84935635,0.8617387,0.8845509,0.8102418,0.6460389,0.8657403,0.8445686,0.7462896,0.8653827,0.8911936,0.8844617,0.89225197,0.8887548,0.8134303,0.84800184,0.8754363,0.8964442,0.82732683,0.8824503,0.83068407,0.87667227,0.8926788,0.8675885,0.84611964,0.89190674,0.8738999,0.83802295,0.9069918,0.89285403,0.8910846,0.87799394,0.82182765,0.9023576,0.9142873,0.86236155,0.8925439,0.8579718,0.8611612,0.90257233,0.8956307,0.89716655,0.8771316,0.57052743,0.9023576,0.86146605,0.5258218,0.87651163,0.83305824,0.50478286,0.89801484,0.9235676,0.85506046,0.87366664,0.8926372,0.8709347,0.90708965,0.85420567,0.8853103,0.85941553,0.9111061,0.87201273,0.88294643,0.8754895,0.89895415,0.9069671,0.90061426,0.8031256,0.50718415,0.8699136,0.90695775,0.9109523,0.8496904
0.9068732,0.8243869,0.92023075,0.90162313,0.8737766,0.8609381,0.85215485,0.9154613,0.9349371,0.85311604,0.86060846,0.8885417,0.94440156,0.99999994,0.91513807,0.544786,0.8539325,0.8126924,0.8673878,0.8764332,0.90824366,0.81938577,0.638857,0.9054165,0.8678172,0.76249534,0.8941566,0.88506824,0.89948654,0.909824,0.9148874,0.84054804,0.85589176,0.8926429,0.91967744,0.8462701,0.90768105,0.8655133,0.8780297,0.90778637,0.9029169,0.8602583,0.91456497,0.90786374,0.8728218,0.9117087,0.8984505,0.9084767,0.8955817,0.816101,0.91937983,0.93031555,0.89048815,0.90234387,0.8821347,0.87911654,0.9178937,0.9129591,0.91685504,0.8985257,0.5805956,0.91937983,0.8903742,0.5234946,0.9039732,0.81812215,0.5105583,0.9124979,0.9133571,0.8906721,0.8994631,0.9189918,0.85769933,0.9055057,0.8818576,0.91678494,0.8929928,0.9162983,0.867891,0.89139247,0.8984504,0.9030716,0.9233848,0.9233486,0.8136612,0.51705813,0.90457493,0.9321979,0.9439949,0.87536865
0.9628604,0.8116679,0.95089644,0.9344298,0.89600134,0.90202636,0.82542396,0.93382084,0.9340466,0.89938927,0.91878235,0.93801314,0.8978071,0.91513807,0.9999999,0.5102763,0.8234019,0.85727644,0.87774,0.9290629,0.95744437,0.85394555,0.58475924,0.9450435,0.90711254,0.8086792,0.92971313,0.8663228,0.91840595,0.96970874,0.91163087,0.8811757,0.8661485,0.8521431,0.9347514,0.8750452,0.96345097,0.91052777,0.877406,0.88340616,0.94376755,0.8258788,0.95993584,0.946903,0.89562726,0.93343645,0.9479872,0.9125985,0.9461472,0.77468836,0.9209485,0.92801356,0.93667734,0.89422226,0.8962599,0.9124603,0.91818976,0.89661294,0.90807664,0.91469514,0.5879935,0.9209485,0.94304085,0.51129925,0.9055849,0.733806,0.48530614,0.97864884,0.8921208,0.91687584,0.93348795,0.93589526,0.821575,0.9347954,0.8969922,0.95359147,0.9381541,0.9081016,0.83275306,0.9436216,0.9444084,0.9113342,0.9117634,0.9246862,0.87244636,0.47729498,0.9407086,0.9209722,0.9350262,0.9194319
0.5017532,0.49402416,0.4715577,0.4748124,0.48457113,0.4526024,0.5171757,0.45779833,0.5024525,0.49968186,0.4448002,0.44122806,0.53110874,0.544786,0.5102763,1.0,0.54262954,0.4201899,0.46574658,0.5000557,0.4862219,0.43285605,0.4352333,0.47121155,0.4511149,0.35639298,0.48615453,0.46219495,0.4660433,0.49339604,0.56295025,0.41471475,0.48330224,0.5500824,0.5032544,0.47211882,0.47709283,0.44911394,0.46152565,0.5290263,0.4874047,0.55024785,0.48817855,0.46688694,0.44248912,0.48236817,0.4961909,0.47483253,0.44440147,0.4979658,0.48927563,0.5136316,0.43465436,0.52902746,0.4569927,0.4665786,0.5063709,0.49930978,0.48952812,0.4753525,0.75344706,0.48927563,0.45491827,0.7769451,0.4732606,0.48625845,0.84085375,0.49493402,0.49655244,0.4638196,0.461914,0.4964665,0.4943536,0.4946859,0.4730025,0.48649544,0.47369522,0.5017558,0.51999354,0.49834976,0.4579226,0.49075735,0.5039144,0.49242133,0.44681442,0.8018276,0.4712913,0.50869614,0.5293639,0.45559114
0.80068266,0.92242825,0.8357301,0.8380311,0.7483859,0.7465744,0.94324565,0.84542733,0.8639225,0.76413614,0.7251307,0.7572694,0.8419376,0.8539325,0.8234019,0.54262954,1.0,0.65543294,0.74332285,0.795459,0.78023577,0.65317893,0.6760266,0.774776,0.8210463,0.6381445,0.83683896,0.8877378,0.8225623,0.82918215,0.91362363,0.74159634,0.89481485,0.9222197,0.8766734,0.8728365,0.79509103,0.77098227,0.88931453,0.86106575,0.823266,0.9972325,0.7872459,0.8060794,0.7384238,0.83266646,0.84102917,0.88363546,0.7852334,0.90975136,0.907132,0.8574891,0.78708106,0.82041264,0.8565275,0.8621775,0.85956657,0.8310652,0.9117397,0.8616477,0.51928955,0.907132,0.8033861,0.52067626,0.8031033,0.81904113,0.49705148,0.79938114,0.8457907,0.8389148,0.8431106,0.8187425,0.8173853,0.87380075,0.75392425,0.8181249,0.77326363,0.84782565,0.900835,0.8458664,0.763127,0.8769012,0.86537254,0.87626135,0.68223774,0.50490946,0.7831661,0.86443543,0.88894606,0.8122627
0.8762897,0.63726926,0.84172064,0.8497575,0.94884527,0.9059814,0.6438966,0.8191878,0.7881981,0.92436415,0.90797395,0.9116,0.80508506,0.8126924,0.85727644,0.4201899,0.65543294,1.0000001,0.87451756,0.86487067,0.8792322,0.98503816,0.51956725,0.87863505,0.83049715,0.8948904,0.84083956,0.76198506,0.8000704,0.8556268,0.78818315,0.8740179,0.7472184,0.662604,0.7876179,0.7389854,0.88152945,0.8743738,0.7786417,0.75709313,0.8488992,0.6587318,0.9067975,0.8489878,0.8719505,0.83788633,0.82507956,0.8156899,0.8851881,0.6308304,0.80201143,0.82350457,0.8502623,0.87887836,0.82363856,0.7881962,0.8080505,0.7870722,0.79597443,0.86237955,0.53998494,0.80201143,0.8486483,0.39921972,0.83801365,0.6175231,0.3856615,0.8750303,0.7915766,0.852986,0.8005149,0.85055614,0.7833505,0.77954245,0.8660474,0.86031616,0.88921,0.82702696,0.6445334,0.7999146,0.8973112,0.7714704,0.8196372,0.81395847,0.97286046,0.39923453,0.8876271,0.80617094,0.80999833,0.84362
0.88792837,0.71059704,0.8686557,0.88927865,0.91259193,0.928443,0.73187876,0.8586237,0.8381875,0.89195526,0.8930582,0.89611447,0.84935635,0.8673878,0.87774,0.46574658,0.74332285,0.87451756,0.99999994,0.8715564,0.8889818,0.8809002,0.63409424,0.9050795,0.8485829,0.8609991,0.8871129,0.7985624,0.84198606,0.88317704,0.8341112,0.8701519,0.7878189,0.7470715,0.8361914,0.78323543,0.89151496,0.8846129,0.8034651,0.8524238,0.88298607,0.7473229,0.9077232,0.8735076,0.95294,0.86015815,0.84410226,0.8650752,0.8860651,0.74354994,0.85506636,0.8485998,0.86944556,0.8863351,0.86797655,0.84308624,0.8476228,0.8316829,0.8609835,0.8863147,0.5348216,0.85506636,0.87152827,0.45045513,0.9221218,0.7582127,0.4149651,0.8779286,0.83464354,0.8916701,0.8336159,0.87529963,0.8184397,0.80171627,0.93864393,0.8816614,0.9047226,0.88403153,0.729969,0.8113705,0.88608915,0.8093273,0.8807305,0.8608127,0.8543373,0.42604196,0.90928835,0.8765517,0.8792472,0.8586727
0.92857194,0.76322734,0.9055398,0.9153971,0.9037656,0.8995961,0.76697236,0.885051,0.8710797,0.8964149,0.90856504,0.9175235,0.8617387,0.8764332,0.9290629,0.5000557,0.795459,0.86487067,0.8715564,1.0,0.92715615,0.8684007,0.5681981,0.9194016,0.897032,0.80942416,0.9105399,0.8402379,0.8419622,0.94547486,0.8872731,0.8850913,0.8358525,0.8038045,0.8961768,0.8279666,0.91827524,0.919471,0.84790844,0.83134764,0.9143588,0.79568946,0.9463177,0.89437413,0.8722937,0.8811639,0.89744496,0.8773698,0.91247225,0.7536065,0.8696582,0.8957012,0.8857082,0.8768169,0.8768753,0.8785755,0.88319284,0.8496155,0.8585264,0.8954724,0.5696185,0.8696582,0.8955855,0.48534334,0.87600046,0.7080778,0.47241426,0.91855615,0.8527466,0.89038503,0.8825017,0.92319655,0.78817147,0.8779516,0.87404907,0.913027,0.9302534,0.85986674,0.7653637,0.8845964,0.91871774,0.86581165,0.87489486,0.88978016,0.8856368,0.4609325,0.92732084,0.8620267,0.92093694,0.9070046
0.95761913,0.7745131,0.9511915,0.9429976,0.91557384,0.92729235,0.7781079,0.9307642,0.9184494,0.9034436,0.9532773,0.9725201,0.8845509,0.90824366,0.95744437,0.4862219,0.78023577,0.8792322,0.8889818,0.92715615,1.0000001,0.8900044,0.54911375,0.96567565,0.9012502,0.84444,0.9322044,0.85527706,0.90920293,0.9507548,0.8871167,0.89496315,0.8344861,0.80297434,0.9109678,0.85427696,0.9715195,0.9357282,0.86113656,0.8785329,0.9509162,0.7842283,0.9748563,0.94817364,0.91315573,0.90231204,0.9258819,0.91104543,0.9740088,0.7403592,0.9035099,0.9090063,0.96159554,0.8776065,0.9072012,0.9000953,0.8988095,0.8883032,0.88654333,0.9137811,0.5831507,0.9035099,0.9461751,0.49685028,0.9095656,0.7067274,0.4653932,0.96021307,0.874156,0.90769196,0.93276256,0.94430125,0.79685646,0.8846547,0.9177475,0.9584953,0.96409965,0.8902372,0.7851031,0.9096971,0.94259185,0.8899253,0.9003296,0.922858,0.8874618,0.45336288,0.9640942,0.91226566,0.9186297,0.9142028
0.8798081,0.6342638,0.83970994,0.8486402,0.9653511,0.9155988,0.6376915,0.81502724,0.7905365,0.9219074,0.908458,0.91776097,0.8102418,0.81938577,0.85394555,0.43285605,0.65317893,0.98503816,0.8809002,0.8684007,0.8900044,1.0,0.532444,0.8869059,0.82730293,0.90181047,0.84914374,0.7575997,0.80440784,0.8520849,0.7920524,0.87481856,0.7363131,0.6645217,0.786165,0.73053646,0.8817595,0.88214374,0.7716807,0.7686419,0.8524469,0.6577637,0.9138324,0.84742355,0.88466823,0.8399241,0.8264326,0.81994414,0.88938385,0.6360682,0.7998832,0.82383657,0.8538091,0.8893442,0.8280924,0.78723276,0.8127358,0.79415274,0.7933393,0.86322135,0.5513561,0.7998832,0.8485761,0.42121297,0.8459773,0.6358456,0.4058045,0.8780595,0.79436046,0.8534566,0.8027965,0.8548561,0.7829313,0.7743137,0.8830484,0.861253,0.89502424,0.8294381,0.6444367,0.7983545,0.904661,0.7692131,0.82330215,0.81795615,0.96528625,0.41239882,0.8943217,0.8130139,0.8153183,0.84194505
0.57373536,0.68935513,0.59502405,0.6016914,0.60004663,0.6265298,0.6896832,0.61772525,0.61407876,0.5710671,0.51251775,0.5488976,0.6460389,0.638857,0.58475924,0.4352333,0.6760266,0.51956725,0.63409424,0.5681981,0.54911375,0.532444,0.9999998,0.57859373,0.5766456,0.54698646,0.61412966,0.6567215,0.6251241,0.59048635,0.6132338,0.5460752,0.63434863,0.6509191,0.6107042,0.60570204,0.57460517,0.53835404,0.63379467,0.68286157,0.5841565,0.6786165,0.5755124,0.58039904,0.6061035,0.65065163,0.60141695,0.65339726,0.5612431,0.75300574,0.6443942,0.63135725,0.55956507,0.6600704,0.63661385,0.6310097,0.62953496,0.6306413,0.66388214,0.6292486,0.42397958,0.6443942,0.58962476,0.42792213,0.6060001,0.80293316,0.41110826,0.57729226,0.6496356,0.6134193,0.5849652,0.58029276,0.68513167,0.5980612,0.6067307,0.573261,0.5524697,0.6772195,0.6734412,0.5866828,0.5651387,0.62003213,0.6606592,0.6306877,0.5167377,0.45000988,0.5672997,0.65232235,0.64378226,0.5685721
0.9428789,0.76683426,0.92951393,0.94588655,0.9143664,0.9429668,0.76792425,0.9172699,0.9003614,0.9125415,0.9354381,0.9598924,0.8657403,0.9054165,0.9450435,0.47121155,0.774776,0.87863505,0.9050795,0.9194016,0.96567565,0.8869059,0.57859373,1.0,0.90820426,0.8751111,0.93245137,0.84727293,0.8973329,0.9509969,0.8805705,0.91354215,0.8366323,0.78874546,0.9028855,0.8582475,0.96291476,0.94712496,0.8556886,0.8740059,0.9414155,0.7776266,0.95683324,0.9501002,0.9372237,0.8967686,0.9193429,0.9129503,0.9610735,0.7353176,0.9051895,0.89432204,0.95907223,0.8799274,0.91221744,0.9042395,0.8841142,0.8715005,0.888934,0.9256574,0.55539966,0.9051895,0.9451009,0.46252948,0.9162367,0.7157788,0.42992395,0.94157493,0.86029035,0.9258177,0.9313259,0.9398171,0.8105879,0.8585571,0.92987895,0.94710606,0.9564297,0.89854723,0.7680309,0.9020384,0.9315238,0.8743729,0.9081549,0.92205274,0.8795208,0.43960065,0.95824313,0.9139012,0.92505056,0.9198147
0.90299,0.81819165,0.92714304,0.9444177,0.87386656,0.9046792,0.81315875,0.91704303,0.8876081,0.8975041,0.8744128,0.9038316,0.8445686,0.8678172,0.90711254,0.4511149,0.8210463,0.83049715,0.8485829,0.897032,0.9012502,0.82730293,0.5766456,0.90820426,0.9999998,0.86155474,0.9194996,0.9001508,0.8658258,0.91859585,0.89262444,0.95321584,0.89469165,0.78461486,0.9055316,0.9095615,0.90639555,0.9408624,0.912441,0.8447113,0.91594934,0.82138187,0.9004102,0.92392343,0.85244054,0.8867262,0.91173315,0.925056,0.91964567,0.75610054,0.9248029,0.86412805,0.9166175,0.850579,0.93543357,0.92928636,0.8654132,0.85072285,0.89966935,0.9408286,0.5233077,0.9248029,0.9293487,0.43239623,0.9009052,0.7105816,0.40011972,0.9005173,0.8601551,0.9385562,0.92442405,0.9129704,0.80966794,0.86876065,0.85266614,0.89841187,0.906929,0.88697463,0.79405403,0.898615,0.8848954,0.88900006,0.88577086,0.92480993,0.83845824,0.41355115,0.9086193,0.8887192,0.9087912,0.9935697
0.8427569,0.62530196,0.83312374,0.85678244,0.8997741,0.9290466,0.6120552,0.82367545,0.7613753,0.9042697,0.8712963,0.88725334,0.7462896,0.76249534,0.8086792,0.35639298,0.6381445,0.8948904,0.8609991,0.80942416,0.84444,0.90181047,0.54698646,0.8751111,0.86155474,0.99999976,0.862834,0.7833873,0.79089046,0.81105214,0.78323746,0.9280845,0.7435987,0.59320176,0.7477257,0.7632406,0.8477521,0.886842,0.79960954,0.73835784,0.8301496,0.6414918,0.8490205,0.8522594,0.8726222,0.80766916,0.8175327,0.839795,0.87361646,0.6100549,0.8168256,0.7680918,0.8543553,0.8245589,0.8674784,0.8017538,0.76365244,0.75153446,0.7896659,0.8965453,0.50742006,0.8168256,0.85880524,0.37038404,0.8448801,0.6066889,0.3292277,0.8234168,0.7623979,0.88807774,0.8071614,0.841038,0.77855915,0.72747177,0.8415704,0.8392474,0.868931,0.8228313,0.5884442,0.78265303,0.8635155,0.7586674,0.8104358,0.82147825,0.8872517,0.35879812,0.86622703,0.8028284,0.7854942,0.87182164
0.9434408,0.8173535,0.936706,0.94331163,0.89833176,0.92059225,0.8196467,0.9244472,0.9118123,0.8977805,0.918969,0.933534,0.8653827,0.8941566,0.92971313,0.48615453,0.83683896,0.84083956,0.8871129,0.9105399,0.9322044,0.84914374,0.61412966,0.93245137,0.9194996,0.862834,1.0,0.88501114,0.9008973,0.92844236,0.9304473,0.9125862,0.8624433,0.8191214,0.90943027,0.8725165,0.93978584,0.92873496,0.89105994,0.8834094,0.94410795,0.8409165,0.93096286,0.93087673,0.90011597,0.8938813,0.9313259,0.9343758,0.9394015,0.78527,0.9290177,0.8934223,0.9310834,0.8773689,0.93972766,0.9189751,0.88886803,0.8693863,0.911711,0.94600654,0.5666729,0.9290177,0.9532881,0.4936962,0.91383326,0.7446108,0.46008056,0.91996175,0.87231183,0.94238615,0.92433256,0.94369304,0.8175151,0.87309384,0.88955593,0.94405985,0.9425232,0.8855192,0.7949624,0.9107843,0.9283869,0.8859354,0.8980137,0.924191,0.8597692,0.45037106,0.9419544,0.923745,0.9196063,0.92989457
0.8589343,0.87725383,0.9072832,0.90500534,0.8202511,0.83564866,0.89262366,0.93587476,0.8933692,0.83703125,0.81922764,0.8552741,0.8911936,0.88506824,0.8663228,0.46219495,0.8877378,0.76198506,0.7985624,0.8402379,0.85527706,0.7575997,0.6567215,0.84727293,0.9001508,0.7833873,0.88501114,0.9999999,0.8669717,0.87313986,0.9114935,0.8584959,0.9001978,0.83498657,0.8935515,0.8978214,0.85702974,0.8579722,0.98548603,0.8480619,0.869507,0.88785166,0.85162485,0.8813173,0.79890203,0.8873601,0.905973,0.91722715,0.87812734,0.8288191,0.9360781,0.8989519,0.87196386,0.8458606,0.91123563,0.89544356,0.8817532,0.88034254,0.91316944,0.9230799,0.53537846,0.9360781,0.8770797,0.47337216,0.8662385,0.78355765,0.43870568,0.85594386,0.91204417,0.8998734,0.8956574,0.879024,0.8900058,0.8984606,0.8121088,0.8646373,0.8465636,0.89948463,0.8498124,0.89371336,0.8336622,0.9403703,0.88239175,0.9076532,0.7833903,0.45702073,0.85329884,0.88563144,0.9031842,0.8975417
0.9012592,0.8361138,0.93219733,0.8993995,0.8485122,0.8612819,0.8482294,0.9273181,0.9333111,0.83071744,0.87234634,0.9042249,0.8844617,0.89948654,0.91840595,0.4660433,0.8225623,0.8000704,0.84198606,0.8419622,0.90920293,0.80440784,0.6251241,0.8973329,0.8658258,0.79089046,0.9008973,0.8669717,1.0000001,0.9079554,0.86983776,0.8429791,0.84180754,0.85513103,0.89899313,0.8551113,0.9176337,0.8680963,0.87067777,0.90778005,0.9087471,0.8302772,0.8969178,0.91575307,0.863651,0.90949136,0.9255351,0.9124336,0.91194713,0.8017415,0.9179021,0.902529,0.91826457,0.857447,0.8804219,0.89711475,0.90044457,0.8947559,0.90917695,0.89038587,0.5452684,0.9179021,0.9272177,0.48597443,0.87369365,0.77644026,0.46467972,0.911894,0.8914302,0.8938576,0.9261469,0.89446914,0.8073996,0.89333105,0.8625906,0.92634284,0.8814893,0.90897894,0.87856245,0.9178971,0.91248155,0.899983,0.90957546,0.91739464,0.81075716,0.4592381,0.89386016,0.92092097,0.8961425,0.87677824
0.9605966,0.8181933,0.94694453,0.9496194,0.89908165,0.91404724,0.8220204,0.93667245,0.93395245,0.8947742,0.9182625,0.94097394,0.89225197,0.909824,0.96970874,0.49339604,0.82918215,0.8556268,0.88317704,0.94547486,0.9507548,0.8520849,0.59048635,0.9509969,0.91859585,0.81105214,0.92844236,0.87313986,0.9079554,1.0,0.9039181,0.8900856,0.87588364,0.8474338,0.94495475,0.89007956,0.9605302,0.9204346,0.8818064,0.89177334,0.9463683,0.83052975,0.95824087,0.94289154,0.8949144,0.9275274,0.94362885,0.91789806,0.9485285,0.7908149,0.92207754,0.9283526,0.9405199,0.8906301,0.905381,0.9294268,0.9164377,0.8941199,0.9084655,0.91820353,0.5615865,0.92207754,0.9390379,0.4841095,0.8969552,0.7372708,0.46332476,0.95947427,0.8962637,0.9200328,0.93942624,0.9350915,0.8188338,0.9167335,0.893536,0.9474457,0.9483434,0.9058008,0.83611417,0.9414424,0.93709195,0.9204297,0.9179923,0.930627,0.87441236,0.46185052,0.95092964,0.91336113,0.9503329,0.92515147
0.9023201,0.8576832,0.9127642,0.9145643,0.85956115,0.8530557,0.86829793,0.9099436,0.91174805,0.8796016,0.8606856,0.87614113,0.8887548,0.9148874,0.91163087,0.56295025,0.91362363,0.78818315,0.8341112,0.8872731,0.8871167,0.7920524,0.6132338,0.8805705,0.89262444,0.78323746,0.9304473,0.9114935,0.86983776,0.9039181,1.0000004,0.8686403,0.8880176,0.8700801,0.91447955,0.8855015,0.8875638,0.88880265,0.9194308,0.86745346,0.9112904,0.9159342,0.89548707,0.8891393,0.8336309,0.8913739,0.9178524,0.9174873,0.886172,0.8266839,0.9330306,0.9107597,0.8706312,0.8837851,0.9041215,0.8923428,0.90204966,0.8799278,0.9135107,0.93351555,0.59538996,0.9330306,0.89460635,0.5485679,0.8873175,0.76967657,0.52550733,0.8907505,0.88678783,0.92100316,0.90324533,0.9247209,0.85710555,0.9072985,0.8448632,0.90716493,0.88223475,0.88185966,0.83742,0.9131867,0.8755713,0.91521174,0.892907,0.9131464,0.8191046,0.5189057,0.88273877,0.90958554,0.9401352,0.90050924
0.8911803,0.7335538,0.90487874,0.925573,0.8985087,0.92921644,0.7207607,0.8920243,0.8446018,0.9118738,0.9009757,0.9176971,0.8134303,0.84054804,0.8811757,0.41471475,0.74159634,0.8740179,0.8701519,0.8850913,0.89496315,0.87481856,0.5460752,0.91354215,0.95321584,0.9280845,0.9125862,0.8584959,0.8429791,0.8900856,0.8686403,1.0,0.8268776,0.70162,0.84728795,0.84543157,0.89203614,0.9438621,0.87224543,0.7973974,0.8945485,0.7456088,0.89786506,0.9019307,0.8766738,0.8640164,0.8871263,0.89668214,0.9173454,0.68799573,0.8837426,0.8344693,0.8983059,0.8481934,0.9093338,0.87753516,0.83458185,0.8203495,0.8524592,0.9380357,0.525838,0.8837426,0.91335833,0.40816885,0.8890513,0.66161615,0.3792782,0.87969255,0.8271668,0.93138766,0.8859347,0.90685284,0.7944362,0.8228198,0.8613116,0.88794315,0.90794927,0.8568703,0.6937609,0.8629559,0.8958186,0.844271,0.8553499,0.8894586,0.8790035,0.38821366,0.90458846,0.8528758,0.882755,0.9606582
0.8528435,0.9014256,0.8715224,0.9070041,0.8139012,0.83360314,0.89420974,0.8706691,0.8718923,0.82993335,0.7775179,0.816845,0.84800184,0.85589176,0.8661485,0.48330224,0.89481485,0.7472184,0.7878189,0.8358525,0.8344861,0.7363131,0.63434863,0.8366323,0.89469165,0.7435987,0.8624433,0.9001978,0.84180754,0.87588364,0.8880176,0.8268776,1.0,0.8451203,0.8843039,0.9238957,0.847718,0.85005933,0.9015716,0.84922,0.8614377,0.8945329,0.83800846,0.87696445,0.79097056,0.8429961,0.8703998,0.9232398,0.84673536,0.8485239,0.9329146,0.8498733,0.8542286,0.8267384,0.89968455,0.91017866,0.8481618,0.8246881,0.9158497,0.89676416,0.5024533,0.9329146,0.85962766,0.4637472,0.843312,0.7646073,0.41805276,0.84411114,0.8511214,0.89024323,0.8879624,0.84776783,0.81385887,0.8633929,0.7949589,0.85276806,0.8421351,0.8715348,0.8676764,0.8736251,0.8065816,0.8791827,0.87940574,0.9208749,0.76768804,0.44100267,0.84978086,0.87231207,0.8849139,0.886848
0.8235444,0.8998026,0.8417018,0.81529415,0.7549676,0.73787856,0.9325756,0.8403812,0.9074448,0.7252302,0.74121255,0.77129024,0.8754363,0.8926429,0.8521431,0.5500824,0.9222197,0.662604,0.7470715,0.8038045,0.80297434,0.6645217,0.6509191,0.78874546,0.78461486,0.59320176,0.8191214,0.83498657,0.85513103,0.8474338,0.8700801,0.70162,0.8451203,1.0000002,0.8854023,0.8198903,0.83114856,0.7491883,0.8330986,0.90688634,0.83352137,0.9255226,0.8134614,0.81325656,0.7484813,0.8451855,0.8377242,0.8650148,0.7946095,0.8964868,0.88308805,0.89095485,0.80170816,0.83693755,0.8112458,0.8413199,0.89661634,0.8722843,0.90099996,0.8134192,0.52518106,0.88308805,0.8078589,0.52901727,0.79040074,0.81489295,0.52434546,0.83448696,0.86877316,0.79180443,0.84734064,0.82298774,0.79094726,0.8974283,0.76482034,0.84889793,0.7901095,0.85700613,0.9388469,0.85198754,0.8028978,0.8788,0.89023113,0.8801689,0.677212,0.52131504,0.80431104,0.88617414,0.896885,0.7844913
0.924349,0.8719661,0.94396174,0.9224382,0.83902866,0.8592998,0.8711075,0.93094474,0.9395044,0.8466665,0.8586676,0.8932399,0.8964442,0.91967744,0.9347514,0.5032544,0.8766734,0.7876179,0.8361914,0.8961768,0.9109678,0.786165,0.6107042,0.9028855,0.9055316,0.7477257,0.90943027,0.8935515,0.89899313,0.94495475,0.91447955,0.84728795,0.8843039,0.8854023,1.0000002,0.89363253,0.920595,0.88006234,0.9039334,0.8969968,0.9225805,0.87837434,0.90889114,0.9212749,0.855845,0.918297,0.9367788,0.9337276,0.9153812,0.8305875,0.9281178,0.9176992,0.91508067,0.8613003,0.9236418,0.93548614,0.90462655,0.8860675,0.91125214,0.904165,0.55142325,0.9281178,0.9144901,0.49800876,0.89223963,0.76921594,0.46867147,0.931141,0.89441144,0.9135101,0.9374402,0.910465,0.8213184,0.92008805,0.8693934,0.91777897,0.8990683,0.9004928,0.88036126,0.9381309,0.9025411,0.9288719,0.90655816,0.9432725,0.8005607,0.47338226,0.9075603,0.9108557,0.9448074,0.9064574
0.8599349,0.86908823,0.88916373,0.9124155,0.8014883,0.8362819,0.8687427,0.8906058,0.8842812,0.82970107,0.80852616,0.8461009,0.82732683,0.8462701,0.8750452,0.47211882,0.8728365,0.7389854,0.78323543,0.8279666,0.85427696,0.73053646,0.60570204,0.8582475,0.9095615,0.7632406,0.8725165,0.8978214,0.8551113,0.89007956,0.8855015,0.84543157,0.9238957,0.8198903,0.89363253,0.9999997,0.86494046,0.8635597,0.90817183,0.8412471,0.883618,0.87338865,0.84584796,0.88915753,0.7994344,0.8518822,0.8870728,0.91554433,0.87406844,0.7962642,0.93992805,0.84897804,0.8959894,0.81303424,0.90261334,0.91787434,0.84947515,0.83043367,0.9169606,0.90132725,0.5128017,0.93992805,0.88657755,0.45416322,0.85788727,0.7274267,0.40641317,0.8520466,0.846092,0.89271975,0.91766244,0.86591095,0.80649394,0.8676372,0.8076899,0.86803657,0.8466072,0.8807222,0.8428013,0.89379317,0.82125795,0.89049137,0.87994945,0.91919184,0.76560795,0.43800518,0.8499049,0.89005375,0.8886634,0.90115786
0.9609946,0.7925447,0.9583933,0.9463602,0.9151005,0.9306735,0.804086,0.9416069,0.9356563,0.90524155,0.94828224,0.973526,0.8824503,0.90768105,0.96345097,0.47709283,0.79509103,0.88152945,0.89151496,0.91827524,0.9715195,0.8817595,0.57460517,0.96291476,0.90639555,0.8477521,0.93978584,0.85702974,0.9176337,0.9605302,0.8875638,0.89203614,0.847718,0.83114856,0.920595,0.86494046,1.0,0.92273,0.86586356,0.9027519,0.95761526,0.7994375,0.96963674,0.95532,0.9172576,0.9213817,0.930997,0.9210025,0.9779209,0.7630602,0.91790056,0.9209722,0.96970636,0.8884845,0.9097975,0.9103143,0.9150523,0.90218776,0.911718,0.91922253,0.56924224,0.91790056,0.9532728,0.48064762,0.9059258,0.71864086,0.44206846,0.9688028,0.8846359,0.9126768,0.9390503,0.9420391,0.81008106,0.8926073,0.9160386,0.96576715,0.9588845,0.9113365,0.8107992,0.91888905,0.9501151,0.9007737,0.92736363,0.9307021,0.8840291,0.4459899,0.9635747,0.9331722,0.9233962,0.91634226
0.92566794,0.753747,0.9164473,0.9405436,0.90984476,0.9250927,0.7533016,0.8979241,0.8742218,0.92480785,0.9236814,0.93659854,0.83068407,0.8655133,0.91052777,0.44911394,0.77098227,0.8743738,0.8846129,0.919471,0.9357282,0.88214374,0.53835404,0.94712496,0.9408624,0.886842,0.92873496,0.8579722,0.8680963,0.9204346,0.88880265,0.9438621,0.85005933,0.7491883,0.88006234,0.8635597,0.92273,1.0,0.8703951,0.8284339,0.93674976,0.77351034,0.93304646,0.9262607,0.8998903,0.86664426,0.90159416,0.9098333,0.93903923,0.7111705,0.8990475,0.8649098,0.92915654,0.8563145,0.91458654,0.8980024,0.85742474,0.844381,0.8751912,0.93561053,0.54025435,0.8990475,0.9344348,0.44208258,0.9151276,0.66880846,0.40730852,0.90599287,0.8445885,0.9358902,0.9218651,0.92631674,0.7931042,0.8430635,0.8927511,0.92180395,0.9463335,0.8658333,0.7394924,0.880839,0.911235,0.86063176,0.87382954,0.9121122,0.8844937,0.40947133,0.9446666,0.8840518,0.9059441,0.94885606
0.8721131,0.87061316,0.91673046,0.9112111,0.8311954,0.845827,0.8853935,0.9369602,0.8949806,0.85992426,0.830204,0.86656463,0.87667227,0.8780297,0.877406,0.46152565,0.88931453,0.7786417,0.8034651,0.84790844,0.86113656,0.7716807,0.63379467,0.8556886,0.912441,0.79960954,0.89105994,0.98548603,0.87067777,0.8818064,0.9194308,0.87224543,0.9015716,0.8330986,0.9039334,0.90817183,0.86586356,0.8703951,0.9999998,0.83896154,0.87979865,0.889091,0.8615547,0.8903878,0.8063832,0.8952277,0.9158527,0.92094725,0.8859967,0.8145807,0.9388507,0.90637463,0.8794926,0.8548226,0.91705745,0.89965314,0.8874241,0.8790044,0.91338044,0.92937016,0.5420846,0.9388507,0.8840235,0.47274035,0.87306625,0.7580439,0.43414012,0.8664926,0.907907,0.9114649,0.9016265,0.8809269,0.89337003,0.9052276,0.8220086,0.8758713,0.85486025,0.90102077,0.84349513,0.90621036,0.8502124,0.94796234,0.8817311,0.91230726,0.8040496,0.45360863,0.859705,0.8847183,0.90986377,0.9107903
0.87593496,0.8567977,0.89279336,0.8820669,0.8388779,0.8548325,0.8799319,0.89682853,0.9398856,0.8036033,0.8294976,0.86033595,0.8926788,0.90778637,0.88340616,0.5290263,0.86106575,0.75709313,0.8524238,0.83134764,0.8785329,0.7686419,0.68286157,0.8740059,0.8447113,0.73835784,0.8834094,0.8480619,0.90778005,0.89177334,0.86745346,0.7973974,0.84922,0.90688634,0.8969968,0.8412471,0.9027519,0.8284339,0.83896154,1.0,0.899414,0.8680242,0.87321466,0.8876568,0.86332834,0.8884786,0.87328017,0.9080378,0.8800533,0.8655805,0.9101722,0.8949547,0.886142,0.8807014,0.88265127,0.9007456,0.9158908,0.9142646,0.9229306,0.87422967,0.54170716,0.9101722,0.8929746,0.51228166,0.8645602,0.8405959,0.4920536,0.88171697,0.9003005,0.8709289,0.8957268,0.8758743,0.8125042,0.8650641,0.8612219,0.9055428,0.87127304,0.91781974,0.893839,0.8627292,0.8646576,0.8849738,0.9534403,0.9228232,0.7481514,0.47968295,0.8880617,0.93259037,0.9009472,0.84614277
0.9508131,0.80201346,0.9510673,0.94970715,0.9003947,0.9118662,0.81608284,0.94004315,0.9362897,0.89696914,0.9234564,0.94527256,0.8675885,0.9029169,0.94376755,0.4874047,0.823266,0.8488992,0.88298607,0.9143588,0.9509162,0.8524469,0.5841565,0.9414155,0.91594934,0.8301496,0.94410795,0.869507,0.9087471,0.9463683,0.9112904,0.8945485,0.8614377,0.83352137,0.9225805,0.883618,0.95761526,0.93674976,0.87979865,0.899414,1.0000001,0.8256038,0.94976103,0.9495535,0.8996599,0.91570157,0.9374323,0.9167687,0.951201,0.76881504,0.91520214,0.91699356,0.94346845,0.881003,0.91386586,0.93554676,0.913906,0.9014073,0.9023506,0.9285904,0.5540471,0.91520214,0.9670685,0.47881004,0.9086334,0.71784866,0.4433469,0.93814,0.88947713,0.92942584,0.9465609,0.9443521,0.8085755,0.8859943,0.89860356,0.9507492,0.95223707,0.89342564,0.8104896,0.923236,0.93272865,0.90928996,0.91365016,0.92951536,0.8604695,0.43489194,0.95489955,0.9152367,0.93559706,0.92348194
0.804303,0.9248699,0.8402349,0.83765876,0.7526624,0.74996483,0.94552124,0.8483211,0.8700366,0.765839,0.7294276,0.7616282,0.84611964,0.8602583,0.8258788,0.55024785,0.9972325,0.6587318,0.7473229,0.79568946,0.7842283,0.6577637,0.6786165,0.7776266,0.82138187,0.6414918,0.8409165,0.88785166,0.8302772,0.83052975,0.9159342,0.7456088,0.8945329,0.9255226,0.87837434,0.87338865,0.7994375,0.77351034,0.889091,0.8680242,0.8256038,1.0000001,0.79141253,0.80861485,0.742588,0.83816963,0.8435472,0.8863406,0.78925043,0.91037875,0.9094311,0.861901,0.78926224,0.82677907,0.8557037,0.86195016,0.8668843,0.83922267,0.91550016,0.8627528,0.5273878,0.9094311,0.80661076,0.528196,0.8071595,0.8242543,0.5070375,0.8019842,0.8540765,0.84001064,0.8460201,0.8196869,0.82038546,0.87564504,0.7585374,0.8236401,0.77678144,0.8546494,0.90575683,0.84930784,0.76765835,0.8808094,0.8713824,0.8790321,0.6853714,0.51254,0.7865163,0.871354,0.89251614,0.8141477
