0,1,2,3,4,5,6,7,8,9,10,11,12,13,14,15,16,17,18,19,20,21,22,23,24,25,26,27,28,29,30,31,32,33,34,35,36,37,38,39,40,41,42,43,44,45,46,47,48,49,50,51,52,53,54,55,56,57,58,59,60,61,62,63,64,65,66,67,68,69,70,71,72,73,74,75,76,77,78,79,80,81,82,83,84,85,86,87,88,89,90,91,92,93,94,95,96,97,98,99,100,101,102,103,104,105,106
1.0,0.68777543,0.93134385,0.9388721,0.8889542,0.7999139,0.8219645,0.9397689,0.9397689,0.9397689,0.9397689,0.9169642,0.87800896,0.8430611,0.89438665,0.9363898,0.8245852,0.90585065,0.8522397,0.9337206,0.919111,0.52035266,0.897053,0.95253134,0.91935045,0.9234694,0.9543375,0.8785214,0.9288205,0.9439759,0.85702854,0.9181596,0.8239279,0.863283,0.8927948,0.854658,0.8794799,0.8558438,0.9018602,0.9417362,0.95126843,0.8917304,0.8972286,0.8955813,0.86059654,0.8587422,0.89438665,0.96181035,0.7280382,0.6890724,0.8245852,0.94920886,0.93755746,0.8587422,0.86247283,0.716015,0.9167528,0.85609925,0.87345386,0.9108027,0.91349113,0.6902109,0.4810654,0.8587422,0.8250184,0.897833,0.91021633,0.895567,0.8293261,0.95874035,0.8673372,0.8611213,0.8427648,0.82577586,0.8693352,0.8934447,0.85475355,0.87839127,0.8205093,0.8471847,0.9102453,0.8550385,0.89567125,0.8914214,0.88889605,0.7052238,0.86059654,0.8587422,0.86059654,0.8587422,0.6702403,0.47222453,0.8164354,0.9241022,0.928586,0.9689762,0.9033929,0.927583,0.89793205,0.90045285,0.8108947,0.93153834,0.6899009,0.9510672,0.92847836,0.83648884,0.8659651
0.68777543,1.0000002,0.7025716,0.6877241,0.72404903,0.69681907,0.66083014,0.7034653,0.7034653,0.7034653,0.7034653,0.69041985,0.6832168,0.6527889,0.6598722,0.6887717,0.65942174,0.68152153,0.6491874,0.7172258,0.7037081,0.46311522,0.6701323,0.7043978,0.6870501,0.7069141,0.6851723,0.75628084,0.70292795,0.6859535,0.6543491,0.70914966,0.66331524,0.7382083,0.703177,0.757256,0.7125643,0.6306717,0.7371463,0.69693244,0.66037774,0.7193177,0.7241986,0.7138082,0.6554512,0.65116924,0.6598722,0.70801604,0.58895314,0.9239725,0.65942174,0.693661,0.6956566,0.65116924,0.6488258,0.89009064,0.66983426,0.6495561,0.7176986,0.7034379,0.69757164,0.918896,0.46883518,0.65116924,0.6657592,0.707358,0.6935471,0.74096966,0.6794449,0.6841898,0.72860396,0.6493755,0.7077051,0.70800614,0.71666926,0.7077332,0.68669796,0.7277709,0.65926445,0.643324,0.70640194,0.6843325,0.6990936,0.6968394,0.7104487,0.9498278,0.6554512,0.65116924,0.6554512,0.65116924,0.5076719,0.44829094,0.663365,0.65735316,0.68878174,0.68766016,0.6919658,0.7074986,0.725528,0.67713,0.6417347,0.7199125,0.92157847,0.6888604,0.70438576,0.66795117,0.71543896
0.93134385,0.7025716,1.0000002,0.98977196,0.9315313,0.79796994,0.817739,0.99241793,0.99241793,0.99241793,0.99241793,0.9067502,0.8975941,0.8058212,0.9574156,0.9519646,0.84300184,0.92546046,0.8171849,0.9859438,0.9504919,0.508859,0.8507807,0.9485643,0.9928572,0.98521256,0.9423179,0.89545333,0.9863147,0.9357935,0.8307709,0.9569358,0.8217929,0.87828153,0.9214538,0.90525943,0.9079843,0.831778,0.9060476,0.9921892,0.9362005,0.8882261,0.8862204,0.90600395,0.8195013,0.8262944,0.9574156,0.96637213,0.7497436,0.6849225,0.84300184,0.94620216,0.93321764,0.8262944,0.81972736,0.7393742,0.9604932,0.83589315,0.85842395,0.9294491,0.9489866,0.6938242,0.51667297,0.8262944,0.8210112,0.8918092,0.964736,0.92752457,0.8834753,0.97165656,0.9065901,0.84081507,0.86378264,0.81696725,0.9130465,0.9455477,0.9349698,0.89745337,0.81650615,0.83831966,0.91906893,0.82025075,0.8771594,0.87799525,0.9035178,0.7206951,0.8195013,0.8262944,0.8195013,0.8262944,0.71309257,0.4643584,0.8732013,0.9497998,0.97085154,0.9604201,0.9495605,0.97423595,0.92920077,0.96721995,0.89740586,0.9818785,0.69217384,0.9362257,0.96032363,0.81044924,0.9291632
0.9388721,0.6877241,0.98977196,0.99999976,0.9262998,0.7817079,0.8126013,0.99506986,0.99506986,0.99506986,0.99506986,0.90758044,0.9037916,0.8020814,0.9667128,0.96776617,0.83457017,0.93452567,0.81505907,0.9879845,0.94516206,0.49478906,0.8509329,0.94633305,0.986373,0.98586726,0.94870925,0.8901572,0.98782563,0.94260675,0.82714736,0.9526764,0.8160599,0.8820779,0.9189069,0.90140814,0.9029857,0.834925,0.89695877,0.99793863,0.9511507,0.8753483,0.88684404,0.9069744,0.81841725,0.8231451,0.9667128,0.96772885,0.74464166,0.6715878,0.83457017,0.94367397,0.93007904,0.8231451,0.8310058,0.73598653,0.96563655,0.8305559,0.8450884,0.9268739,0.955176,0.67976594,0.50114363,0.8231451,0.81524336,0.88582885,0.9728329,0.9213698,0.87165767,0.97727174,0.89334893,0.83617043,0.86082876,0.81245345,0.91436696,0.94135004,0.9172069,0.8856776,0.8071308,0.83464444,0.9203349,0.8187056,0.87532896,0.87609196,0.8990153,0.70644397,0.81841725,0.8231451,0.81841725,0.8231451,0.7221856,0.4514844,0.8698498,0.96475583,0.9762275,0.9659847,0.94564945,0.9726987,0.918465,0.96568525,0.893294,0.98086536,0.6759517,0.93892425,0.95871663,0.8039838,0.9166652
0.8889542,0.72404903,0.9315313,0.9262998,0.9999999,0.8763943,0.89551836,0.932394,0.932394,0.932394,0.932394,0.9553608,0.9390804,0.8763524,0.88125235,0.9038579,0.8984668,0.93400526,0.886508,0.9305303,0.95621115,0.5123517,0.8721931,0.9072823,0.91676307,0.9276217,0.94347876,0.9290858,0.91845596,0.93785655,0.8895641,0.96638274,0.89581275,0.9068047,0.97706586,0.88759303,0.95215535,0.8879185,0.9046195,0.9333655,0.90538555,0.9454819,0.927926,0.94965756,0.8816215,0.8933691,0.88125235,0.92951554,0.7999568,0.7249045,0.8984668,0.8993877,0.94205683,0.8933691,0.8726254,0.7529628,0.89621544,0.8963321,0.88956934,0.9442208,0.93191695,0.7220209,0.5226551,0.8933691,0.8982821,0.95876825,0.9145006,0.9719067,0.911778,0.91698635,0.95367646,0.8976145,0.9059657,0.88827187,0.92818606,0.9329323,0.89054286,0.9098947,0.85883814,0.8849484,0.9400861,0.88532245,0.92214596,0.9237043,0.9405322,0.73848724,0.8816215,0.8933691,0.8816215,0.8933691,0.74486196,0.5091502,0.9349328,0.8858774,0.9076502,0.91982293,0.88997626,0.9196903,0.89094335,0.8957809,0.8892061,0.9284784,0.72640526,0.9427441,0.9476321,0.8639456,0.9286206
0.7999139,0.69681907,0.79796994,0.7817079,0.8763943,1.0000001,0.95397043,0.80441844,0.80441844,0.80441844,0.80441844,0.89341855,0.8904692,0.9291903,0.69478357,0.75483024,0.915849,0.8631653,0.9270492,0.7950536,0.86242914,0.5811734,0.8566361,0.8255726,0.7541859,0.77190673,0.84002614,0.9001782,0.7858416,0.8592233,0.9271353,0.86628336,0.95543563,0.8011192,0.8986275,0.7849625,0.84463525,0.89466476,0.7725574,0.80408835,0.80855036,0.9037313,0.86793447,0.85220236,0.9317824,0.9278161,0.69478357,0.83589685,0.8197531,0.73373294,0.915849,0.8089974,0.86771524,0.9278161,0.89693,0.6746384,0.70448804,0.9187335,0.90101653,0.89903605,0.8494866,0.7201637,0.47956985,0.9278161,0.95621693,0.8966514,0.75544524,0.91112036,0.81809306,0.7775248,0.91119987,0.9118137,0.8870206,0.95512307,0.76984566,0.7855719,0.7530285,0.8719002,0.89945734,0.89912415,0.87206197,0.94346654,0.9254551,0.927606,0.89439785,0.697178,0.9317824,0.9278161,0.9317824,0.9278161,0.64860284,0.5778424,0.81857455,0.71007735,0.76609147,0.8324312,0.720098,0.7922537,0.8134034,0.7215817,0.7040347,0.78618956,0.7321749,0.8557237,0.85702735,0.9261432,0.8277435
0.8219645,0.66083014,0.817739,0.8126013,0.89551836,0.95397043,0.9999999,0.82640976,0.82640976,0.82640976,0.82640976,0.92689157,0.92502034,0.9665637,0.7126764,0.78051716,0.95223165,0.8979747,0.9728193,0.81209064,0.87966585,0.59230494,0.8831601,0.85027957,0.7739831,0.7888689,0.86981225,0.8872093,0.8018558,0.88830745,0.9601946,0.8867108,0.99804306,0.82561064,0.9284517,0.79359376,0.8754573,0.95310545,0.7680474,0.8318544,0.84812766,0.8867905,0.8996339,0.8862624,0.9704996,0.9688118,0.7126764,0.85603595,0.87474513,0.69732785,0.95223165,0.8329085,0.8884844,0.9688118,0.93133277,0.64873016,0.7264546,0.9545629,0.91267824,0.91911125,0.87305444,0.67939174,0.47983184,0.9688118,0.99715835,0.9128861,0.7781316,0.9094399,0.84816694,0.80580944,0.8823021,0.9469518,0.9183733,0.94418806,0.7912204,0.79690284,0.7495947,0.8909726,0.8926418,0.941767,0.9062435,0.9584986,0.94941664,0.9538223,0.9250984,0.66426873,0.9704996,0.9688118,0.9704996,0.9688118,0.716539,0.57853293,0.84910023,0.7385752,0.786497,0.86278594,0.73349047,0.80924714,0.7923988,0.73863137,0.7290627,0.7986681,0.68260384,0.88058484,0.88245064,0.95055133,0.8211485
0.9397689,0.7034653,0.99241793,0.99506986,0.932394,0.80441844,0.82640976,0.99999994,0.99999994,0.99999994,0.99999994,0.9139462,0.907925,0.8136233,0.9642901,0.96361053,0.848747,0.9383093,0.82382584,0.9888485,0.9567805,0.5164538,0.85978097,0.95373315,0.987509,0.98864627,0.9494864,0.8994007,0.9882523,0.9449334,0.83999205,0.9626794,0.8303822,0.88314193,0.92671776,0.9053129,0.90544814,0.8371179,0.9020761,0.9975722,0.94643635,0.887367,0.88878644,0.90774184,0.8298915,0.83363366,0.9642901,0.97258925,0.7522243,0.6883802,0.848747,0.9506676,0.9374733,0.83363366,0.83615935,0.7436861,0.9633022,0.8421612,0.86109495,0.93999875,0.9587758,0.6953473,0.51841897,0.83363366,0.8321892,0.8953954,0.96909076,0.9318294,0.8837357,0.97463036,0.9090121,0.847094,0.8712187,0.82721645,0.9146981,0.94579124,0.92985344,0.89753187,0.82531774,0.84551114,0.92479604,0.83115375,0.8834641,0.8867594,0.9065191,0.7213952,0.8298915,0.83363366,0.8298915,0.83363366,0.7179439,0.47118294,0.8746089,0.9590684,0.9782288,0.9667593,0.9478188,0.9787117,0.93146956,0.96759963,0.8947079,0.9842398,0.69280857,0.9433065,0.9640217,0.8163274,0.9275358
0.9397689,0.7034653,0.99241793,0.99506986,0.932394,0.80441844,0.82640976,0.99999994,0.99999994,0.99999994,0.99999994,0.9139462,0.907925,0.8136233,0.9642901,0.96361053,0.848747,0.9383093,0.82382584,0.9888485,0.9567805,0.5164538,0.85978097,0.95373315,0.987509,0.98864627,0.9494864,0.8994007,0.9882523,0.9449334,0.83999205,0.9626794,0.8303822,0.88314193,0.92671776,0.9053129,0.90544814,0.8371179,0.9020761,0.9975722,0.94643635,0.887367,0.88878644,0.90774184,0.8298915,0.83363366,0.9642901,0.97258925,0.7522243,0.6883802,0.848747,0.9506676,0.9374733,0.83363366,0.83615935,0.7436861,0.9633022,0.8421612,0.86109495,0.93999875,0.9587758,0.6953473,0.51841897,0.83363366,0.8321892,0.8953954,0.96909076,0.9318294,0.8837357,0.97463036,0.9090121,0.847094,0.8712187,0.82721645,0.9146981,0.94579124,0.92985344,0.89753187,0.82531774,0.84551114,0.92479604,0.83115375,0.8834641,0.8867594,0.9065191,0.7213952,0.8298915,0.83363366,0.8298915,0.83363366,0.7179439,0.47118294,0.8746089,0.9590684,0.9782288,0.9667593,0.9478188,0.9787117,0.93146956,0.96759963,0.8947079,0.9842398,0.69280857,0.9433065,0.9640217,0.8163274,0.9275358
0.9397689,0.7034653,0.99241793,0.99506986,0.932394,0.80441844,0.82640976,0.99999994,0.99999994,0.99999994,0.99999994,0.9139462,0.907925,0.8136233,0.9642901,0.96361053,0.848747,0.9383093,0.82382584,0.9888485,0.9567805,0.5164538,0.85978097,0.95373315,0.987509,0.98864627,0.9494864,0.8994007,0.9882523,0.9449334,0.83999205,0.9626794,0.8303822,0.88314193,0.92671776,0.9053129,0.90544814,0.8371179,0.9020761,0.9975722,0.94643635,0.887367,0.88878644,0.90774184,0.8298915,0.83363366,0.9642901,0.97258925,0.7522243,0.6883802,0.848747,0.9506676,0.9374733,0.83363366,0.83615935,0.7436861,0.9633022,0.8421612,0.86109495,0.93999875,0.9587758,0.6953473,0.51841897,0.83363366,0.8321892,0.8953954,0.96909076,0.9318294,0.8837357,0.97463036,0.9090121,0.847094,0.8712187,0.82721645,0.9146981,0.94579124,0.92985344,0.89753187,0.82531774,0.84551114,0.92479604,0.83115375,0.8834641,0.8867594,0.9065191,0.7213952,0.8298915,0.83363366,0.8298915,0.83363366,0.7179439,0.47118294,0.8746089,0.9590684,0.9782288,0.9667593,0.9478188,0.9787117,0.93146956,0.96759963,0.8947079,0.9842398,0.69280857,0.9433065,0.9640217,0.8163274,0.9275358
0.9397689,0.7034653,0.99241793,0.99506986,0.932394,0.80441844,0.82640976,0.99999994,0.99999994,0.99999994,0.99999994,0.9139462,0.907925,0.8136233,0.9642901,0.96361053,0.848747,0.9383093,0.82382584,0.9888485,0.9567805,0.5164538,0.85978097,0.95373315,0.987509,0.98864627,0.9494864,0.8994007,0.9882523,0.9449334,0.83999205,0.9626794,0.8303822,0.88314193,0.92671776,0.9053129,0.90544814,0.8371179,0.9020761,0.9975722,0.94643635,0.887367,0.88878644,0.90774184,0.8298915,0.83363366,0.9642901,0.97258925,0.7522243,0.6883802,0.848747,0.9506676,0.9374733,0.83363366,0.83615935,0.7436861,0.9633022,0.8421612,0.86109495,0.93999875,0.9587758,0.6953473,0.51841897,0.83363366,0.8321892,0.8953954,0.96909076,0.9318294,0.8837357,0.97463036,0.9090121,0.847094,0.8712187,0.82721645,0.9146981,0.94579124,0.92985344,0.89753187,0.82531774,0.84551114,0.92479604,0.83115375,0.8834641,0.8867594,0.9065191,0.7213952,0.8298915,0.83363366,0.8298915,0.83363366,0.7179439,0.47118294,0.8746089,0.9590684,0.9782288,0.9667593,0.9478188,0.9787117,0.93146956,0.96759963,0.8947079,0.9842398,0.69280857,0.9433065,0.9640217,0.8163274,0.9275358
0.9169642,0.69041985,0.9067502,0.90758044,0.9553608,0.89341855,0.92689157,0.9139462,0.9139462,0.9139462,0.9139462,1.0000002,0.94723326,0.9438115,0.8498019,0.8943778,0.9219537,0.94588244,0.9551738,0.901902,0.95110697,0.5557122,0.9188054,0.920383,0.8859679,0.8942748,0.96663547,0.9133437,0.8945583,0.9643824,0.95881456,0.9541246,0.92612934,0.89214593,0.9793619,0.8470526,0.94864225,0.9515224,0.8788985,0.91634434,0.93699676,0.9559693,0.9421336,0.95563245,0.95282453,0.963241,0.8498019,0.93758905,0.8286953,0.70749885,0.9219537,0.9178997,0.9728111,0.963241,0.9342421,0.71347135,0.87687504,0.9636893,0.9235227,0.9544486,0.922724,0.69868,0.5092081,0.963241,0.93073034,0.9623343,0.8878707,0.959925,0.8979785,0.9239054,0.9321045,0.96307534,0.91734636,0.8959962,0.89808834,0.9133139,0.8541898,0.9268405,0.89276814,0.9405081,0.9633334,0.93607485,0.96019906,0.9674057,0.96851325,0.7007252,0.95282453,0.963241,0.95282453,0.963241,0.74456215,0.5335337,0.9080461,0.8761617,0.8961574,0.94055355,0.8645015,0.90579003,0.869398,0.8706504,0.84899884,0.89818704,0.69927126,0.9693611,0.94460714,0.9201583,0.8929951
0.87800896,0.6832168,0.8975941,0.9037916,0.9390804,0.8904692,0.92502034,0.907925,0.907925,0.907925,0.907925,0.94723326,1.0,0.8975663,0.8323474,0.8756822,0.9232834,0.94734746,0.9145343,0.8947158,0.92594653,0.5440434,0.9154401,0.89979494,0.87347,0.88437504,0.9131701,0.9117311,0.88713455,0.9211724,0.9180986,0.9315203,0.9267476,0.89538544,0.95945376,0.8550755,0.9233871,0.92993003,0.8357967,0.91296154,0.9021289,0.8893836,0.9125376,0.93298453,0.9073012,0.92044926,0.8323474,0.9023339,0.85848594,0.69847095,0.9232834,0.89276254,0.91521245,0.92044926,0.8992666,0.6961769,0.8286134,0.92289555,0.88097453,0.94397926,0.9342902,0.6906574,0.47065586,0.92044926,0.92786896,0.91581666,0.8772785,0.9465361,0.8980098,0.88245296,0.91649115,0.9253496,0.92443514,0.9172014,0.8684731,0.88961196,0.83366084,0.88178605,0.86413753,0.9125604,0.93207574,0.9162071,0.9368473,0.94334877,0.9353588,0.68758255,0.9073012,0.92044926,0.9073012,0.92044926,0.77238846,0.51049376,0.90169954,0.84095776,0.87423563,0.90568006,0.83929634,0.8867509,0.84513307,0.83905053,0.84169567,0.8815767,0.68335176,0.91087073,0.9314714,0.8828126,0.8920712
0.8430611,0.6527889,0.8058212,0.8020814,0.8763524,0.9291903,0.9665637,0.8136233,0.8136233,0.8136233,0.8136233,0.9438115,0.8975663,1.0000002,0.7077318,0.7791334,0.9121478,0.87659913,0.9911963,0.7989973,0.8644545,0.57947624,0.8835845,0.8442879,0.76638055,0.7760806,0.88597316,0.8710636,0.7954024,0.90246737,0.9746443,0.8688946,0.96676624,0.81112444,0.91024673,0.7601428,0.874889,0.9588701,0.76908857,0.8187027,0.8594239,0.90805066,0.9053896,0.8850071,0.9901224,0.9875342,0.7077318,0.8675291,0.8445616,0.6848289,0.9121478,0.82970786,0.9121078,0.9875342,0.9365882,0.6338468,0.7414437,0.96886903,0.92476416,0.8998833,0.8530641,0.66863227,0.4613294,0.9875342,0.96191007,0.9206846,0.77376854,0.8869052,0.8073082,0.821804,0.85760546,0.95760113,0.88761663,0.9205674,0.7887722,0.7864425,0.73404354,0.90647197,0.88559854,0.93597007,0.9174847,0.97046834,0.9586153,0.9627406,0.93109083,0.65380925,0.9901224,0.9875342,0.9901224,0.9875342,0.67996883,0.55213964,0.81925416,0.7500398,0.78672546,0.8774519,0.7315626,0.80760884,0.7933763,0.7410244,0.70313084,0.7878677,0.6727418,0.89960504,0.8708888,0.97181267,0.7998105
0.89438665,0.6598722,0.9574156,0.9667128,0.88125235,0.69478357,0.7126764,0.9642901,0.9642901,0.9642901,0.9642901,0.8498019,0.8323474,0.7077318,0.99999976,0.96141434,0.7664218,0.8946743,0.7200699,0.9625217,0.912236,0.44405317,0.7863879,0.90484726,0.9737689,0.9753581,0.9061881,0.8254798,0.9609251,0.88923174,0.74373454,0.9154635,0.7166853,0.84126943,0.86600935,0.87106514,0.85735786,0.74697554,0.8761494,0.9587485,0.9124281,0.82348394,0.81632614,0.8512132,0.7263015,0.7342727,0.99999976,0.92512774,0.6735905,0.63450557,0.7664218,0.9152497,0.88113666,0.7342727,0.75257134,0.72829545,0.9691035,0.75105596,0.78216887,0.8703317,0.90501183,0.64920247,0.48457807,0.7342727,0.7198257,0.82618654,0.9665134,0.8724152,0.85244024,0.947965,0.85344696,0.7585739,0.8057642,0.7220154,0.9010023,0.9328371,0.9273629,0.82739514,0.7457619,0.76569796,0.8642521,0.7285984,0.794851,0.8002331,0.8373424,0.6807252,0.7263015,0.7342727,0.7263015,0.7342727,0.6885241,0.40109903,0.842891,0.97393507,0.9584688,0.9088942,0.9507473,0.94734484,0.8962375,0.9684577,0.90183926,0.9648179,0.64142185,0.8918291,0.91189766,0.7109512,0.8973885
0.9363898,0.6887717,0.9519646,0.96776617,0.9038579,0.75483024,0.78051716,0.96361053,0.96361053,0.96361053,0.96361053,0.8943778,0.8756822,0.7791334,0.96141434,1.0,0.80254686,0.9273545,0.7899921,0.96497905,0.9260059,0.48495597,0.852527,0.9339776,0.9573334,0.9663944,0.9372232,0.8712648,0.95593137,0.9255192,0.8036841,0.92866623,0.7819479,0.872187,0.8958941,0.8887928,0.88395107,0.8083124,0.8955308,0.9622124,0.9406644,0.8629849,0.8675681,0.8913402,0.7979783,0.7991059,0.96141434,0.9471178,0.7181101,0.67694587,0.80254686,0.9366632,0.9103767,0.7991059,0.82930946,0.7523855,0.9538785,0.80561554,0.83242905,0.9018077,0.93023324,0.6835822,0.48915648,0.7991059,0.78561777,0.8713583,0.96546435,0.90431476,0.86133826,0.9596141,0.8674927,0.8115897,0.8517208,0.79470176,0.91145575,0.9395259,0.894279,0.86101604,0.7793052,0.81042486,0.9052586,0.8029628,0.85443157,0.8564981,0.8814868,0.711024,0.7979783,0.7991059,0.7979783,0.7991059,0.7070188,0.43300655,0.85575646,0.9667678,0.95002764,0.9389482,0.93879575,0.94159144,0.901144,0.9405562,0.87698823,0.96229124,0.6785686,0.9241482,0.92799723,0.77512497,0.89451087
0.8245852,0.65942174,0.84300184,0.83457017,0.8984668,0.915849,0.95223165,0.848747,0.848747,0.848747,0.848747,0.9219537,0.9232834,0.9121478,0.7664218,0.80254686,1.0,0.92297375,0.9274392,0.8303807,0.91334116,0.58244455,0.8875264,0.8705641,0.80754745,0.8175817,0.88133216,0.8763987,0.82063514,0.89210933,0.9469081,0.90865564,0.95250976,0.83493865,0.93001854,0.8184345,0.88850486,0.9327806,0.7903438,0.8511991,0.86144435,0.8757341,0.88768065,0.887753,0.92514205,0.9345469,0.7664218,0.86283827,0.8836154,0.6966404,1.0,0.8699641,0.89808583,0.9345469,0.906739,0.66359985,0.75716376,0.9473516,0.8908789,0.93723917,0.8844855,0.68766654,0.5059017,0.9345469,0.9591389,0.9027365,0.7954903,0.9116056,0.8896133,0.8236108,0.9004407,0.94895947,0.91784817,0.9055841,0.8200693,0.828222,0.8062707,0.8874916,0.9225135,0.97424275,0.89577115,0.9173102,0.92312914,0.93252563,0.91781974,0.66246974,0.92514205,0.9345469,0.92514205,0.9345469,0.7492195,0.5757072,0.87877357,0.76898503,0.8227415,0.8660839,0.7768928,0.8417605,0.81484926,0.78409505,0.7746205,0.8243204,0.6881199,0.8884286,0.901181,0.9112758,0.8438112
0.90585065,0.68152153,0.92546046,0.93452567,0.93400526,0.8631653,0.8979747,0.9383093,0.9383093,0.9383093,0.9383093,0.94588244,0.94734746,0.87659913,0.8946743,0.9273545,0.92297375,0.9999998,0.8918615,0.9246474,0.9628264,0.5448538,0.8946031,0.921954,0.9120539,0.9223844,0.94833606,0.89638215,0.91727877,0.95648706,0.910181,0.9590754,0.8993696,0.88771135,0.9504963,0.8619511,0.9282999,0.9150679,0.86085075,0.93971676,0.9375657,0.8917029,0.9134695,0.9339868,0.8947138,0.9022943,0.8946743,0.932539,0.83263177,0.69669926,0.92297375,0.923428,0.9392108,0.9022943,0.9210284,0.72254634,0.8826886,0.9127699,0.8814858,0.9643604,0.96487206,0.6989219,0.48682466,0.9022943,0.9046685,0.92162716,0.9213245,0.94441783,0.90507126,0.92032206,0.91756135,0.91765314,0.92065305,0.8801241,0.9033218,0.9268737,0.8745644,0.9000864,0.877144,0.91840434,0.9371546,0.89314723,0.919534,0.9247506,0.93299395,0.6975779,0.8947138,0.9022943,0.8947138,0.9022943,0.77087814,0.4990794,0.91677976,0.90301967,0.91167986,0.93091273,0.87602675,0.9148141,0.881996,0.8852286,0.86250544,0.91798586,0.6932807,0.9430842,0.9530617,0.86812425,0.90768063
0.8522397,0.6491874,0.8171849,0.81505907,0.886508,0.9270492,0.9728193,0.82382584,0.82382584,0.82382584,0.82382584,0.9551738,0.9145343,0.9911963,0.7200699,0.7899921,0.9274392,0.8918615,0.99999994,0.81021047,0.87420934,0.5789467,0.8932882,0.8587282,0.7776005,0.78757083,0.89636767,0.87883246,0.80415446,0.9087676,0.97945255,0.8791351,0.9693415,0.8215937,0.9224353,0.7766689,0.88692343,0.9774213,0.7820374,0.8308729,0.8736408,0.91124207,0.91372824,0.8989615,0.99141496,0.9968555,0.7200699,0.8734797,0.8584206,0.6841005,0.9274392,0.84683216,0.91563594,0.9968555,0.94365597,0.6397177,0.7492547,0.98078084,0.9233171,0.9091828,0.8624607,0.6662238,0.46779665,0.9968555,0.9689861,0.9260684,0.7842879,0.8979174,0.8286208,0.832482,0.86862206,0.9715631,0.90417236,0.92031884,0.7957251,0.802227,0.745728,0.8989438,0.8916314,0.9493541,0.92340773,0.9691632,0.96303886,0.9674929,0.9404943,0.6515138,0.99141496,0.9968555,0.99141496,0.9968555,0.70588773,0.5591444,0.83181024,0.75948656,0.79405355,0.88508,0.7468525,0.81391627,0.79849434,0.7496434,0.72388494,0.7995387,0.6693088,0.9074146,0.88391507,0.96636343,0.80579036
0.9337206,0.7172258,0.9859438,0.9879845,0.9305303,0.7950536,0.81209064,0.9888485,0.9888485,0.9888485,0.9888485,0.901902,0.8947158,0.7989973,0.9625217,0.96497905,0.8303807,0.9246474,0.81021047,1.0,0.9424261,0.50223404,0.84300065,0.95351523,0.98153764,0.99413043,0.9376507,0.9052002,0.98784804,0.9281797,0.8196348,0.9519095,0.8147861,0.8875669,0.917781,0.9156532,0.90312123,0.82341707,0.9071042,0.9883412,0.9351238,0.88612163,0.8858359,0.90470046,0.8127276,0.81773865,0.9625217,0.97147596,0.73480177,0.6961033,0.8303807,0.94562703,0.92264223,0.81773865,0.825259,0.7606621,0.957188,0.82345337,0.85232186,0.9229689,0.9469272,0.7044853,0.5212158,0.81773865,0.8155954,0.8855167,0.9730389,0.93075883,0.87624323,0.9652467,0.90432984,0.82743096,0.8682576,0.826208,0.9149059,0.93949723,0.92105055,0.88844216,0.806321,0.8259349,0.916904,0.8178874,0.87164974,0.8739468,0.8978268,0.73663086,0.8127276,0.81773865,0.8127276,0.81773865,0.7070574,0.47017235,0.8641961,0.9573532,0.96588016,0.9556646,0.94319767,0.96853495,0.9332028,0.9580976,0.8883405,0.99081653,0.70277673,0.93020225,0.952979,0.8009795,0.9223189
0.919111,0.7037081,0.9504919,0.94516206,0.95621115,0.86242914,0.87966585,0.9567805,0.9567805,0.9567805,0.9567805,0.95110697,0.92594653,0.8644545,0.912236,0.9260059,0.91334116,0.9628264,0.87420934,0.9424261,0.9999999,0.54187095,0.88370895,0.93811554,0.93775696,0.9438546,0.9684174,0.90773576,0.9378127,0.96402115,0.90009916,0.99309003,0.88177276,0.89380795,0.961221,0.8781151,0.9338809,0.8778124,0.89918983,0.9536678,0.92672396,0.9291441,0.91379017,0.9353809,0.8805774,0.88653576,0.912236,0.9488028,0.79816365,0.71189034,0.91334116,0.9378257,0.9672818,0.88653576,0.88402116,0.7435242,0.91495746,0.9018832,0.88835377,0.98730904,0.9564381,0.71474063,0.5210011,0.88653576,0.88948953,0.93815994,0.9217088,0.96152616,0.90612936,0.9366157,0.94853425,0.9045414,0.89509153,0.87074065,0.9326171,0.9344648,0.9156906,0.91517895,0.88436705,0.9060732,0.927977,0.87975836,0.91207576,0.9184531,0.92986596,0.7210754,0.8805774,0.88653576,0.8805774,0.88653576,0.7196101,0.5102681,0.91592103,0.9113978,0.9389658,0.94224066,0.91192174,0.94490224,0.906407,0.92391086,0.87499297,0.9466592,0.71194327,0.96923167,0.96637756,0.85763335,0.9177901
0.52035266,0.46311522,0.508859,0.49478906,0.5123517,0.5811734,0.59230494,0.5164538,0.5164538,0.5164538,0.5164538,0.5557122,0.5440434,0.57947624,0.44405317,0.48495597,0.58244455,0.5448538,0.5789467,0.50223404,0.54187095,1.0,0.5921877,0.5531831,0.48428297,0.48991072,0.5198648,0.56137955,0.5057738,0.5260124,0.58784246,0.54051566,0.58942354,0.5009517,0.54640245,0.5018141,0.5034202,0.56842345,0.48168576,0.51000893,0.5207448,0.5321481,0.5225805,0.5038295,0.5860555,0.57736593,0.44405317,0.53464174,0.5714544,0.48546445,0.58244455,0.5519593,0.5484638,0.57736593,0.55475557,0.4179776,0.4422064,0.5761801,0.5947815,0.56978756,0.5254839,0.48475128,0.6793063,0.57736593,0.59923744,0.5135453,0.47709253,0.5510998,0.54112107,0.5010511,0.5293339,0.57591313,0.57572275,0.56729853,0.47302598,0.49617276,0.4897337,0.5772641,0.55909145,0.5869229,0.54496133,0.5765206,0.56723547,0.5822207,0.56688154,0.47884116,0.5860555,0.57736593,0.5860555,0.57736593,0.48613337,0.79003483,0.47987312,0.45751795,0.49857926,0.5324047,0.44715345,0.5185648,0.49770492,0.467312,0.42925897,0.49818674,0.4799443,0.53227377,0.55098724,0.5999572,0.504208
0.897053,0.6701323,0.8507807,0.8509329,0.8721931,0.8566361,0.8831601,0.85978097,0.85978097,0.85978097,0.85978097,0.9188054,0.9154401,0.8835845,0.7863879,0.852527,0.8875264,0.8946031,0.8932882,0.84300065,0.88370895,0.5921877,0.99999976,0.89542776,0.825669,0.8283194,0.8970967,0.8689053,0.83951885,0.8936713,0.9032799,0.8804479,0.88530946,0.84815097,0.90106463,0.81935406,0.8691157,0.9010791,0.81882477,0.86169976,0.9069242,0.8702162,0.88225937,0.8820838,0.8958494,0.8985359,0.7863879,0.87941676,0.8177991,0.70092106,0.8875264,0.89691275,0.9024743,0.8985359,0.8868057,0.6737672,0.80035335,0.9014251,0.8985343,0.8991036,0.8731538,0.69178367,0.49047613,0.8985359,0.8884903,0.88973933,0.8280667,0.8890222,0.8605159,0.86696506,0.8617251,0.9108932,0.8943891,0.86337924,0.8153942,0.8530061,0.79756075,0.88095695,0.8580416,0.9058447,0.90793586,0.9077307,0.93201864,0.9366143,0.91827565,0.6826207,0.8958494,0.8985359,0.8958494,0.8985359,0.72148603,0.5264414,0.8232547,0.816427,0.84313154,0.8923527,0.8077768,0.8551477,0.82350236,0.80430746,0.77086174,0.8418944,0.6882975,0.8969196,0.8920434,0.8779484,0.8428111
0.95253134,0.7043978,0.9485643,0.94633305,0.9072823,0.8255726,0.85027957,0.95373315,0.95373315,0.95373315,0.95373315,0.920383,0.89979494,0.8442879,0.90484726,0.9339776,0.8705641,0.921954,0.8587282,0.95351523,0.93811554,0.5531831,0.89542776,1.0,0.932269,0.943607,0.9395791,0.9035386,0.9452883,0.9303432,0.8682007,0.935266,0.8511108,0.87506497,0.91140467,0.8928051,0.885432,0.8671625,0.89163184,0.9526112,0.94773287,0.8905873,0.89008033,0.90025187,0.86279976,0.86517626,0.90484726,0.97073716,0.76592827,0.70044893,0.8705641,0.99194527,0.9307096,0.86517626,0.86244583,0.73456526,0.91197073,0.8691265,0.8912586,0.9331848,0.9234715,0.70017135,0.53403676,0.86517626,0.85628843,0.89565,0.9169717,0.91715014,0.87086415,0.95206296,0.8880873,0.87410384,0.89059705,0.84870225,0.8762587,0.9086255,0.8849722,0.89500666,0.83673656,0.87570363,0.92162865,0.861204,0.90249294,0.9090269,0.91445,0.7286341,0.86279976,0.86517626,0.86279976,0.86517626,0.70628357,0.51463586,0.83847624,0.91825104,0.93656844,0.964985,0.9128077,0.9376811,0.91442,0.9112862,0.8376802,0.95225334,0.7094682,0.9368454,0.9445175,0.84640896,0.89391685
0.91935045,0.6870501,0.9928572,0.986373,0.91676307,0.7541859,0.7739831,0.987509,0.987509,0.987509,0.987509,0.8859679,0.87347,0.76638055,0.9737689,0.9573334,0.80754745,0.9120539,0.7776005,0.98153764,0.93775696,0.48428297,0.825669,0.932269,0.9999999,0.98972225,0.9314731,0.86691463,0.9820547,0.919781,0.79658306,0.94345975,0.77756894,0.8644647,0.9005151,0.8959778,0.8932967,0.79674006,0.8995611,0.9835003,0.9243977,0.8660213,0.85994446,0.8865558,0.7815615,0.7895328,0.9737689,0.9549425,0.72050315,0.6620165,0.80754745,0.9354652,0.9166684,0.7895328,0.7855411,0.73177063,0.97407687,0.8030933,0.8295016,0.9066107,0.9357749,0.6738031,0.5116698,0.7895328,0.7786747,0.8688463,0.9702318,0.9059342,0.8750231,0.9704511,0.8887984,0.8094002,0.8380089,0.7758925,0.91209644,0.94825435,0.9365543,0.8724512,0.78475213,0.80758494,0.9014591,0.782112,0.84438443,0.846917,0.88057685,0.70518124,0.7815615,0.7895328,0.7815615,0.7895328,0.70846236,0.43709725,0.8659241,0.9619204,0.9716203,0.9438368,0.96039283,0.9715762,0.9209999,0.97687656,0.9096106,0.9816258,0.67164934,0.92105573,0.94459975,0.7705819,0.92306906
0.9234694,0.7069141,0.98521256,0.98586726,0.9276217,0.77190673,0.7888689,0.98864627,0.98864627,0.98864627,0.98864627,0.8942748,0.88437504,0.7760806,0.9753581,0.9663944,0.8175817,0.9223844,0.78757083,0.99413043,0.9438546,0.48991072,0.8283194,0.943607,0.98972225,1.0000002,0.9337041,0.88673866,0.98525584,0.9213954,0.80312,0.95135325,0.79115057,0.8810866,0.91284955,0.9097498,0.9011524,0.8054942,0.9075881,0.98416704,0.92549753,0.8773541,0.8698725,0.8967535,0.79035664,0.79850465,0.9753581,0.96375775,0.725305,0.68211305,0.8175817,0.94204116,0.9178627,0.79850465,0.8009375,0.7563952,0.96770364,0.80969644,0.8349428,0.91685104,0.94216764,0.69270957,0.52031076,0.79850465,0.7947002,0.8765592,0.9757626,0.9230392,0.88424385,0.9646547,0.90291494,0.81538653,0.8549122,0.7990808,0.91917366,0.94939166,0.9356321,0.8761349,0.7929399,0.81345195,0.9088695,0.7935699,0.85088253,0.85589576,0.8882042,0.72523797,0.79035664,0.79850465,0.79035664,0.79850465,0.7137766,0.45368353,0.87218,0.9632534,0.96951413,0.9437542,0.9563391,0.97134393,0.9321674,0.96967554,0.9068036,0.99186456,0.692433,0.92426157,0.94988835,0.7780384,0.9278792
0.9543375,0.6851723,0.9423179,0.94870925,0.94347876,0.84002614,0.86981225,0.9494864,0.9494864,0.9494864,0.9494864,0.96663547,0.9131701,0.88597316,0.9061881,0.9372232,0.88133216,0.94833606,0.89636767,0.9376507,0.9684174,0.5198648,0.8970967,0.9395791,0.9314731,0.9337041,0.9999999,0.8969723,0.9341842,0.98887765,0.90501845,0.9731004,0.8703567,0.8875147,0.94754136,0.8605377,0.93572086,0.8988105,0.90077895,0.9516411,0.96324813,0.9432518,0.9352263,0.94375813,0.9040858,0.9047784,0.9061881,0.96822566,0.77046835,0.6914159,0.88133216,0.93843037,0.9879569,0.9047784,0.9047066,0.7286449,0.93297285,0.90439177,0.90370965,0.953062,0.9371336,0.6934022,0.4986144,0.9047784,0.8733386,0.95339406,0.924224,0.9431646,0.8685038,0.9691864,0.9178035,0.9084538,0.8813293,0.8532108,0.92232513,0.9282245,0.8823253,0.92268455,0.8737622,0.90513515,0.94376665,0.897359,0.9332489,0.9331473,0.93996847,0.702133,0.9040858,0.9047784,0.9040858,0.9047784,0.7079582,0.4894579,0.89177036,0.9367427,0.9377191,0.9720385,0.9113778,0.93886226,0.90109694,0.9199589,0.86146104,0.93757147,0.6896595,0.9968505,0.9606312,0.8696262,0.89059055
0.8785214,0.75628084,0.89545333,0.8901572,0.9290858,0.9001782,0.8872093,0.8994007,0.8994007,0.8994007,0.8994007,0.9133437,0.9117311,0.8710636,0.8254798,0.8712648,0.8763987,0.89638215,0.87883246,0.9052002,0.90773576,0.56137955,0.8689053,0.9035386,0.86691463,0.88673866,0.8969723,0.9999998,0.9036304,0.9047766,0.8757946,0.9188494,0.8871776,0.8886749,0.9228054,0.8784475,0.8924247,0.86337894,0.8733685,0.90170515,0.8778638,0.9200052,0.9047301,0.8985206,0.8752512,0.8775553,0.8254798,0.9110973,0.7906035,0.7600266,0.8763987,0.8871597,0.9085172,0.8775553,0.86262715,0.77544296,0.8275542,0.87597686,0.8924525,0.91817576,0.9012623,0.7575598,0.5369803,0.8775553,0.88849366,0.9055862,0.8834151,0.9529722,0.858164,0.87760544,0.92952263,0.87474465,0.8953905,0.93169236,0.87518823,0.8706746,0.83995485,0.88931596,0.85396934,0.86316276,0.90384257,0.8889177,0.9147171,0.91536224,0.9136557,0.7653843,0.8752512,0.8775553,0.8752512,0.8775553,0.6740875,0.5567689,0.84758294,0.8345548,0.8744468,0.9022875,0.8440609,0.8911305,0.8788955,0.8457329,0.8044361,0.8977728,0.7626258,0.9029782,0.9354681,0.8937397,0.87549603
0.9288205,0.70292795,0.9863147,0.98782563,0.91845596,0.7858416,0.8018558,0.9882523,0.9882523,0.9882523,0.9882523,0.8945583,0.88713455,0.7954024,0.9609251,0.95593137,0.82063514,0.91727877,0.80415446,0.98784804,0.9378127,0.5057738,0.83951885,0.9452883,0.9820547,0.98525584,0.9341842,0.9036304,1.0,0.9286034,0.81604326,0.94611216,0.80497515,0.8783146,0.9068452,0.9035459,0.8950188,0.81746584,0.9015484,0.9880896,0.9313343,0.8768822,0.87620676,0.8933476,0.8081101,0.81146675,0.9609251,0.96751785,0.73417425,0.6840452,0.82063514,0.9382887,0.9246352,0.81146675,0.8132401,0.74930394,0.960211,0.81845826,0.8432358,0.91685194,0.94294053,0.69526863,0.5171983,0.81146675,0.8050819,0.87040806,0.9734514,0.91539633,0.86602646,0.9675719,0.8940973,0.82192576,0.8505412,0.8083296,0.90592533,0.93299603,0.92257273,0.88602364,0.805399,0.82011855,0.9135694,0.80768216,0.86216885,0.86553025,0.8921347,0.72310853,0.8081101,0.81146675,0.8081101,0.81146675,0.7057296,0.46169505,0.8533067,0.9552134,0.97125906,0.95722175,0.94017184,0.97223824,0.93313175,0.9648268,0.8843438,0.98372865,0.69218653,0.928068,0.962603,0.8102613,0.91911286
0.9439759,0.6859535,0.9357935,0.94260675,0.93785655,0.8592233,0.88830745,0.9449334,0.9449334,0.9449334,0.9449334,0.9643824,0.9211724,0.90246737,0.88923174,0.9255192,0.89210933,0.95648706,0.9087676,0.9281797,0.96402115,0.5260124,0.8936713,0.9303432,0.919781,0.9213954,0.98887765,0.9047766,0.9286034,1.0,0.9177208,0.9679065,0.89021355,0.88302547,0.9461857,0.85098666,0.9315987,0.9061035,0.8868916,0.9479536,0.95855576,0.93456244,0.935586,0.94114304,0.9183387,0.91419166,0.88923174,0.96423614,0.7803732,0.6946235,0.89210933,0.92628783,0.9856743,0.91419166,0.91625977,0.72309506,0.91628695,0.9127976,0.911288,0.9570071,0.9464961,0.69514906,0.4867825,0.91419166,0.8902242,0.95108,0.9190734,0.94352317,0.8586701,0.9591447,0.9167824,0.9143413,0.8858892,0.8718381,0.9131042,0.91797346,0.86588234,0.92775226,0.88233733,0.9128287,0.94654185,0.91113794,0.9427862,0.9421246,0.9410653,0.69783765,0.9183387,0.91419166,0.9183387,0.91419166,0.70372224,0.49005803,0.8884892,0.921897,0.9291699,0.9705232,0.8939484,0.92866534,0.89173365,0.90684795,0.84504706,0.92389584,0.69020057,0.9898889,0.96075267,0.89282495,0.88673633
0.85702854,0.6543491,0.8307709,0.82714736,0.8895641,0.9271353,0.9601946,0.83999205,0.83999205,0.83999205,0.83999205,0.95881456,0.9180986,0.9746443,0.74373454,0.8036841,0.9469081,0.910181,0.97945255,0.8196348,0.90009916,0.58784246,0.9032799,0.8682007,0.79658306,0.80312,0.90501845,0.8757946,0.81604326,0.9177208,1.0000001,0.8940255,0.96007836,0.82799065,0.9291826,0.78340644,0.89587706,0.96271586,0.782669,0.8428991,0.87632734,0.91133916,0.91056776,0.90234244,0.98666906,0.98648596,0.74373454,0.8804523,0.851735,0.68798745,0.9469081,0.863609,0.9284695,0.98648596,0.9508147,0.6393293,0.7653269,0.9926062,0.92018116,0.93124354,0.87766814,0.671759,0.49080777,0.98648596,0.9637368,0.9285971,0.79554284,0.90480477,0.84407216,0.8417816,0.89052176,0.98646,0.8957465,0.9153926,0.8112334,0.8175603,0.772614,0.90913135,0.9208311,0.9691497,0.93059504,0.96237624,0.95854336,0.96658325,0.93984735,0.65593517,0.98666906,0.98648596,0.98666906,0.98648596,0.7046708,0.56421965,0.8466941,0.7749006,0.8205111,0.8882892,0.76675403,0.83825123,0.81524336,0.7775798,0.73318636,0.8128013,0.6791111,0.9166604,0.8918576,0.9598042,0.82151955
0.9181596,0.70914966,0.9569358,0.9526764,0.96638274,0.86628336,0.8867108,0.9626794,0.9626794,0.9626794,0.9626794,0.9541246,0.9315203,0.8688946,0.9154635,0.92866623,0.90865564,0.9590754,0.8791351,0.9519095,0.99309003,0.54051566,0.8804479,0.935266,0.94345975,0.95135325,0.9731004,0.9188494,0.94611216,0.9679065,0.8940255,1.0,0.88787097,0.9015252,0.968308,0.88791895,0.9405321,0.881174,0.90389484,0.9609147,0.92909425,0.9373729,0.92085755,0.9392407,0.8829992,0.88907695,0.9154635,0.9530365,0.80029887,0.7159564,0.90865564,0.9302,0.971995,0.88907695,0.8831909,0.7520981,0.92089635,0.8964446,0.8952864,0.97794044,0.9541762,0.71869415,0.52412826,0.88907695,0.89413404,0.9415051,0.93091094,0.97006625,0.90867215,0.9416905,0.9513116,0.8983253,0.90596604,0.8758456,0.9404743,0.9375727,0.91766655,0.92273384,0.88065505,0.9036958,0.9322841,0.8833934,0.9178345,0.92352796,0.9376068,0.7257169,0.8829992,0.88907695,0.8829992,0.88907695,0.72465765,0.5145579,0.92581576,0.91689247,0.93706244,0.9453667,0.9133205,0.94719005,0.90705884,0.9247968,0.8886386,0.95226526,0.71442175,0.97359735,0.97239816,0.85943204,0.9236829
0.8239279,0.66331524,0.8217929,0.8160599,0.89581275,0.95543563,0.99804306,0.8303822,0.8303822,0.8303822,0.8303822,0.92612934,0.9267476,0.96676624,0.7166853,0.7819479,0.95250976,0.8993696,0.9693415,0.8147861,0.88177276,0.58942354,0.88530946,0.8511108,0.77756894,0.79115057,0.8703567,0.8871776,0.80497515,0.89021355,0.96007836,0.88787097,1.0000002,0.82916296,0.93016785,0.793686,0.8773793,0.9490106,0.7675853,0.83580893,0.85055053,0.88508844,0.9023873,0.8883169,0.96932733,0.9660656,0.7166853,0.8572352,0.8679548,0.69934297,0.95250976,0.8338168,0.88971853,0.9660656,0.9346483,0.6484566,0.7297585,0.9524148,0.9143381,0.92113596,0.87714875,0.68109185,0.47329468,0.9660656,0.9955225,0.9144509,0.78097147,0.91112435,0.8453323,0.80765146,0.8835608,0.9450597,0.91709775,0.94770706,0.79519516,0.79812455,0.7517115,0.89480674,0.89596915,0.9399416,0.90790135,0.9596503,0.95076144,0.95451,0.9240598,0.6671182,0.96932733,0.9660656,0.96932733,0.9660656,0.7076582,0.57277536,0.8521043,0.7421558,0.79141057,0.8646567,0.7371682,0.81322646,0.7951451,0.74293613,0.72832096,0.8009009,0.68394804,0.8812955,0.8817784,0.9490983,0.8251785
0.863283,0.7382083,0.87828153,0.8820779,0.9068047,0.8011192,0.82561064,0.88314193,0.88314193,0.88314193,0.88314193,0.89214593,0.89538544,0.81112444,0.84126943,0.872187,0.83493865,0.88771135,0.8215937,0.8875669,0.89380795,0.5009517,0.84815097,0.87506497,0.8644647,0.8810866,0.8875147,0.8886749,0.8783146,0.88302547,0.82799065,0.9015252,0.82916296,0.99999976,0.90526104,0.8799936,0.92941153,0.82479626,0.8614658,0.8860775,0.8696587,0.86943847,0.922377,0.9276667,0.82213116,0.82470995,0.84126943,0.8801286,0.75302804,0.7332592,0.83493865,0.8621299,0.8790448,0.82470995,0.83722836,0.75668037,0.8479521,0.8255704,0.8472947,0.8864156,0.88272536,0.72157943,0.49297062,0.82470995,0.8274324,0.8734591,0.8827244,0.9073475,0.86395484,0.8682116,0.8949583,0.82707953,0.8656238,0.85212505,0.9242463,0.8736131,0.8363402,0.86861223,0.8041294,0.82448775,0.8983826,0.824389,0.8631547,0.86350954,0.891085,0.7495102,0.82213116,0.82470995,0.82213116,0.82470995,0.68582773,0.471783,0.88106203,0.8508544,0.87828076,0.8719636,0.8795424,0.88363004,0.8462796,0.8556893,0.8314835,0.88824075,0.7309197,0.88358957,0.89103645,0.80515254,0.88570744
0.8927948,0.703177,0.9214538,0.9189069,0.97706586,0.8986275,0.9284517,0.92671776,0.92671776,0.92671776,0.92671776,0.9793619,0.95945376,0.91024673,0.86600935,0.8958941,0.93001854,0.9504963,0.9224353,0.917781,0.961221,0.54640245,0.90106463,0.91140467,0.9005151,0.91284955,0.94754136,0.9228054,0.9068452,0.9461857,0.9291826,0.968308,0.93016785,0.90526104,1.0,0.8714635,0.9516508,0.92507243,0.8834815,0.92893696,0.9158139,0.9423405,0.930887,0.9507536,0.91701955,0.93155247,0.86600935,0.9237542,0.8286387,0.7172692,0.93001854,0.90751565,0.9521399,0.93155247,0.91040105,0.73066294,0.876251,0.93643826,0.9030028,0.96129537,0.93541473,0.70947886,0.51550347,0.93155247,0.93336844,0.95033747,0.90180194,0.98025346,0.9223211,0.9082132,0.95605624,0.9378028,0.9254978,0.9008586,0.91377664,0.9253793,0.8801147,0.91787434,0.88881636,0.92263854,0.9502788,0.9102813,0.9385541,0.94588375,0.9552538,0.7136129,0.91701955,0.93155247,0.91701955,0.93155247,0.75655526,0.5323716,0.93708223,0.87146187,0.9015382,0.9208633,0.8707546,0.9154427,0.8751547,0.8810661,0.87605834,0.9132693,0.7108596,0.94938004,0.9483552,0.8887946,0.9215144
