0,1,2,3,4,5,6,7,8,9,10,11,12,13,14,15,16,17,18,19,20,21,22,23,24,25,26,27,28,29,30,31,32,33,34,35,36,37,38,39,40,41,42,43,44,45,46,47,48,49,50,51,52,53,54,55,56,57,58,59,60,61,62,63,64,65,66,67,68,69,70,71,72,73,74,75,76,77,78,79,80,81,82,83,84,85,86,87,88,89,90,91,92,93,94,95,96,97,98,99,100,101,102,103,104,105,106
0.0,1.0195067,0.23643798,0.18322687,0.8553336,0.60625654,0.67287505,0.14091547,0.14091547,0.14091547,0.14091547,0.77848405,0.7308567,0.63140935,0.35333884,0.42593,0.5888383,0.64060014,0.78324944,0.042562194,0.27372763,0.94845563,0.62326765,0.19094852,0.27900016,0.042562194,0.32104492,0.6674765,0.1308315,0.36605957,0.67287505,0.27372763,0.62986624,1.0078331,0.727844,0.31633583,0.9386534,0.82027125,0.8093657,0.14091547,0.4431679,0.68141127,0.90608424,0.936222,0.67287505,0.78324944,0.35333884,0.0,0.94845563,0.94915754,0.5888383,0.2274304,0.30924207,0.78324944,1.0689417,1.0108635,0.44576782,0.78324944,0.88567525,0.26103932,0.44340068,0.9350773,1.0297996,0.78324944,0.67287505,0.92808795,0.5874216,0.6883792,1.0823542,0.2628819,0.7353691,0.77121973,0.9954286,0.63454217,0.84988064,1.0426954,0.5801525,0.91915345,0.57596016,0.5888383,1.0266205,0.6198454,0.6606729,0.6879434,1.1028845,1.0820653,0.67287505,0.78324944,0.67287505,0.78324944,1.0297996,1.1883849,0.9967532,0.46387267,0.14091547,0.14091547,0.47934508,0.07878127,0.11574708,0.2205705,1.0540144,0.121571384,1.0075861,0.27372763,0.26864293,0.5829606,1.0207617
1.0195067,0.0,1.0232197,1.0294608,1.0532767,0.9702978,1.0122886,1.0359094,1.0359094,1.0359094,1.0359094,1.0484147,0.95791256,0.9899067,1.0519797,0.9804698,1.0891217,0.9934248,1.0697484,1.0130894,1.0401071,1.1088287,0.97977215,1.0019387,1.0171098,1.0130894,1.0347608,0.9549127,1.0243719,0.92352307,1.0122886,1.0401071,0.98575324,0.8403836,1.021656,0.96757567,0.90129584,1.0979916,0.9075658,1.0359094,1.0809441,0.94829136,0.89069545,0.88834155,1.0122886,1.0697484,1.0519797,1.0195067,1.1088287,0.38061532,1.0891217,0.99613845,1.0262563,1.0697484,1.0463346,0.59654737,1.0122342,1.0697484,0.9146968,1.0508466,0.9368866,0.40828368,1.1473119,1.0697484,1.0122886,1.063834,0.9239491,0.9780551,1.151546,1.0251362,0.9534976,1.0800213,1.0792588,0.96052074,0.8838261,1.0382574,1.0270638,1.0363613,1.0607506,1.0891217,0.9970665,0.9550707,0.94558686,0.9342279,1.089302,0.5792138,1.0122886,1.0697484,1.0122886,1.0697484,1.1473119,1.2023797,1.0402349,1.0200906,1.0359094,1.0359094,0.92313653,1.0253478,1.0014577,1.0315832,1.047426,0.9680888,0.55767894,1.0401071,1.0373234,0.9981788,0.9858818
0.23643798,1.0232197,0.0,0.22909696,0.82534367,0.6760642,0.63590217,0.18684296,0.18684296,0.18684296,0.18684296,0.74481744,0.6744891,0.7058337,0.46320605,0.5089133,0.55967915,0.7182145,0.74627656,0.27900016,0.3237578,0.79276896,0.5820102,0.38155323,0.042562194,0.27900016,0.3710751,0.72848076,0.28987262,0.38736343,0.63590217,0.3237578,0.6329519,1.011968,0.728345,0.3470045,0.9834439,0.75978214,0.7818171,0.18684296,0.54312176,0.71555907,0.9691535,0.9911122,0.63590217,0.74627656,0.46320605,0.23643798,0.79276896,0.96068776,0.55967915,0.41803512,0.39361912,0.74627656,1.0739242,1.0298144,0.5503794,0.74627656,0.9634357,0.30649358,0.46307054,0.9493167,1.0388079,0.74627656,0.63590217,0.90222615,0.65548533,0.6668318,1.0875041,0.23019959,0.759632,0.7333876,1.0401462,0.68975824,0.9137272,1.0555133,0.5930785,0.8028431,0.5570093,0.55967915,1.025475,0.56919485,0.617132,0.6322661,1.0936631,1.092363,0.63590217,0.74627656,0.63590217,0.74627656,1.0388079,1.1674924,1.0404265,0.5586027,0.18684296,0.18684296,0.386235,0.24574237,0.33931223,0.18794557,1.0482318,0.34419763,1.0252198,0.3237578,0.32038912,0.64753026,0.91462296
0.18322687,1.0294608,0.22909696,0.0,0.81812197,0.65402436,0.6217995,0.04643148,0.04643148,0.04643148,0.04643148,0.7170697,0.6493216,0.6893069,0.28816038,0.34994823,0.5042807,0.57458997,0.7321739,0.14066467,0.21384187,0.95947266,0.5064539,0.34036884,0.18653478,0.14066467,0.17104533,0.7182616,0.2143174,0.35352153,0.6217995,0.21384187,0.6158621,1.0104741,0.69704,0.3094443,0.98454183,0.7639994,0.7850185,0.04643148,0.36418366,0.70501566,0.9676481,0.9887024,0.6217995,0.7321739,0.28816038,0.18322687,0.95947266,0.9629488,0.5042807,0.30388698,0.36829743,0.7321739,1.0806589,1.0353004,0.50792116,0.7321739,0.9127603,0.19044629,0.4311855,0.95249104,1.0463723,0.7321739,0.6217995,0.9029259,0.55303603,0.68308926,1.0950112,0.08638718,0.75216174,0.72278696,0.97177017,0.6639048,0.91938144,1.0461009,0.5386418,0.97592914,0.48901942,0.5042807,1.0452828,0.50643575,0.5579182,0.57836586,1.1087061,1.0919752,0.6217995,0.7321739,0.6217995,0.7321739,1.0463723,1.1810265,1.0558949,0.39364415,0.04643148,0.04643148,0.39426836,0.17239472,0.20546225,0.13281867,1.0432122,0.21071418,1.035115,0.21384187,0.20601504,0.618461,1.0734832
0.8553336,1.0532767,0.82534367,0.81812197,0.0,0.574873,0.48207286,0.8244566,0.8244566,0.8244566,0.8244566,0.32176778,0.7003239,0.41925538,0.97506857,0.94899285,0.8605881,1.0224164,0.37169847,0.8493607,0.8304023,1.1675025,0.84057236,0.87079996,0.81892735,0.8493607,0.8246438,0.59277457,0.8615979,0.8378625,0.48207286,0.8304023,0.47771633,1.1118933,0.3363752,0.8609211,1.0974963,0.55927926,0.92186934,0.8244566,0.89829576,0.41145504,1.0869256,1.0544474,0.48207286,0.37169847,0.97506857,0.8553336,1.1675025,1.0487161,0.8605881,0.8637888,0.87983537,0.37169847,0.95848656,1.0790151,1.0040857,0.37169847,0.98118854,0.8439892,0.8530476,1.0425632,0.8035683,0.37169847,0.48207286,0.23566806,1.0077579,0.5156322,0.82602364,0.82582366,0.45621794,0.43066955,0.9998755,0.5908096,0.94021416,1.110075,1.0408982,1.1056806,0.84878516,0.8605881,0.83415693,0.67990613,0.6759233,0.6985092,0.8068981,1.1068176,0.48207286,0.37169847,0.48207286,0.37169847,0.8035683,0.84426546,1.0383302,1.0077347,0.8244566,0.8244566,0.8896642,0.86618155,0.8512763,0.83180475,1.1241087,0.8466608,0.9591384,0.8304023,0.82180464,0.57890105,1.0121111
0.60625654,0.9702978,0.6760642,0.65402436,0.574873,0.0,0.47238222,0.6506151,0.6506151,0.6506151,0.6506151,0.5693099,0.7218141,0.38704872,0.8023332,0.80369884,0.6484704,0.91465855,0.5827566,0.6094097,0.62578726,0.9289819,0.6965426,0.67749274,0.67921734,0.6094097,0.6346809,0.37630937,0.5612848,0.7015739,0.47238222,0.62578726,0.41422868,1.0410513,0.5061818,0.7276789,0.9866305,0.72461045,0.7523562,0.6506151,0.8924859,0.25773418,0.9280073,0.89312875,0.47238222,0.5827566,0.8023332,0.60625654,0.9289819,0.9203422,0.6484704,0.6802434,0.54831487,0.5827566,0.96062386,0.9830136,0.7876843,0.5827566,0.83730906,0.6560412,0.7349961,0.8919687,0.7900714,0.5827566,0.47238222,0.7306892,0.90756303,0.4356689,0.8283573,0.6624065,0.36141944,0.6454062,0.96206653,0.26793277,0.83629125,1.0479411,0.86796975,0.90510803,0.65476215,0.6484704,0.8238613,0.58234197,0.6432314,0.67211175,1.0065552,1.0534602,0.47238222,0.5827566,0.47238222,0.5827566,0.7900714,1.0727693,0.9667511,0.8716315,0.6506151,0.6506151,0.7892617,0.5553215,0.6169064,0.65899724,1.0760486,0.6221654,0.9013434,0.62578726,0.6282153,0.25415334,0.9788739
0.67287505,1.0122886,0.63590217,0.6217995,0.48207286,0.47238222,0.0,0.61872584,0.61872584,0.61872584,0.61872584,0.20376585,0.41171387,0.24111573,0.8318127,0.8450325,0.60228246,0.9275183,0.11037439,0.6756926,0.58168006,1.0426621,0.60538715,0.72616535,0.63871974,0.6756926,0.58543676,0.56460226,0.70125014,0.6788517,0.0,0.58168006,0.09776754,1.0561178,0.25996467,0.7194841,1.0441575,0.47800758,0.8104144,0.61872584,0.81082135,0.42493752,1.0132874,0.98914886,0.0,0.11037439,0.8318127,0.67287505,1.0426621,0.9827758,0.60228246,0.7285804,0.6956666,0.11037439,0.823438,1.0394467,0.89122546,0.11037439,0.8959445,0.62314117,0.71882343,0.96774876,0.5926021,0.11037439,0.0,0.66980076,0.90940446,0.5241936,0.6457063,0.6287472,0.48474553,0.23915616,0.92826575,0.5197541,0.8830544,1.0662504,0.93068266,0.9758495,0.60107726,0.60228246,0.6649003,0.4754224,0.42332387,0.49581704,1.0009518,1.0888507,0.0,0.11037439,0.0,0.11037439,0.5926021,1.0464697,1.0082532,0.8742139,0.61872584,0.61872584,0.75254375,0.69676834,0.6902804,0.62567353,1.0429915,0.69289905,0.98266715,0.58168006,0.60738033,0.32905835,1.0718883
0.14091547,1.0359094,0.18684296,0.04643148,0.8244566,0.6506151,0.61872584,0.0,0.0,0.0,0.0,0.72610635,0.6760947,0.6862332,0.33459187,0.3963797,0.49439907,0.62102145,0.7291002,0.18347767,0.16758707,0.95903605,0.55288535,0.30542654,0.22940516,0.18347767,0.21747681,0.71538436,0.17469057,0.3130004,0.61872584,0.16758707,0.6127884,1.0135652,0.7060767,0.273508,0.9826064,0.7609257,0.7871762,0.0,0.41061515,0.70613146,0.96706676,0.9937755,0.61872584,0.7291002,0.33459187,0.14091547,0.95903605,0.97025526,0.49439907,0.34190843,0.32186595,0.7291002,1.0824933,1.0362018,0.4682974,0.7291002,0.9460626,0.1443219,0.3994291,0.959997,1.0432986,0.7291002,0.61872584,0.90397435,0.58904624,0.6805959,1.0919845,0.13281867,0.754243,0.7197133,1.0182016,0.6603735,0.91532916,1.0551375,0.5850733,0.977058,0.4891864,0.49439907,1.0422091,0.55286723,0.6043497,0.62479734,1.1051749,1.1042821,0.61872584,0.7291002,0.61872584,0.7291002,1.0432986,1.1830013,1.0510764,0.44007564,0.0,0.0,0.44069985,0.12962386,0.24538739,0.08638718,1.0637876,0.25046536,1.0366782,0.16758707,0.15958354,0.6153873,1.0804645
0.14091547,1.0359094,0.18684296,0.04643148,0.8244566,0.6506151,0.61872584,0.0,0.0,0.0,0.0,0.72610635,0.6760947,0.6862332,0.33459187,0.3963797,0.49439907,0.62102145,0.7291002,0.18347767,0.16758707,0.95903605,0.55288535,0.30542654,0.22940516,0.18347767,0.21747681,0.71538436,0.17469057,0.3130004,0.61872584,0.16758707,0.6127884,1.0135652,0.7060767,0.273508,0.9826064,0.7609257,0.7871762,0.0,0.41061515,0.70613146,0.96706676,0.9937755,0.61872584,0.7291002,0.33459187,0.14091547,0.95903605,0.97025526,0.49439907,0.34190843,0.32186595,0.7291002,1.0824933,1.0362018,0.4682974,0.7291002,0.9460626,0.1443219,0.3994291,0.959997,1.0432986,0.7291002,0.61872584,0.90397435,0.58904624,0.6805959,1.0919845,0.13281867,0.754243,0.7197133,1.0182016,0.6603735,0.91532916,1.0551375,0.5850733,0.977058,0.4891864,0.49439907,1.0422091,0.55286723,0.6043497,0.62479734,1.1051749,1.1042821,0.61872584,0.7291002,0.61872584,0.7291002,1.0432986,1.1830013,1.0510764,0.44007564,0.0,0.0,0.44069985,0.12962386,0.24538739,0.08638718,1.0637876,0.25046536,1.0366782,0.16758707,0.15958354,0.6153873,1.0804645
0.14091547,1.0359094,0.18684296,0.04643148,0.8244566,0.6506151,0.61872584,0.0,0.0,0.0,0.0,0.72610635,0.6760947,0.6862332,0.33459187,0.3963797,0.49439907,0.62102145,0.7291002,0.18347767,0.16758707,0.95903605,0.55288535,0.30542654,0.22940516,0.18347767,0.21747681,0.71538436,0.17469057,0.3130004,0.61872584,0.16758707,0.6127884,1.0135652,0.7060767,0.273508,0.9826064,0.7609257,0.7871762,0.0,0.41061515,0.70613146,0.96706676,0.9937755,0.61872584,0.7291002,0.33459187,0.14091547,0.95903605,0.97025526,0.49439907,0.34190843,0.32186595,0.7291002,1.0824933,1.0362018,0.4682974,0.7291002,0.9460626,0.1443219,0.3994291,0.959997,1.0432986,0.7291002,0.61872584,0.90397435,0.58904624,0.6805959,1.0919845,0.13281867,0.754243,0.7197133,1.0182016,0.6603735,0.91532916,1.0551375,0.5850733,0.977058,0.4891864,0.49439907,1.0422091,0.55286723,0.6043497,0.62479734,1.1051749,1.1042821,0.61872584,0.7291002,0.61872584,0.7291002,1.0432986,1.1830013,1.0510764,0.44007564,0.0,0.0,0.44069985,0.12962386,0.24538739,0.08638718,1.0637876,0.25046536,1.0366782,0.16758707,0.15958354,0.6153873,1.0804645
0.14091547,1.0359094,0.18684296,0.04643148,0.8244566,0.6506151,0.61872584,0.0,0.0,0.0,0.0,0.72610635,0.6760947,0.6862332,0.33459187,0.3963797,0.49439907,0.62102145,0.7291002,0.18347767,0.16758707,0.95903605,0.55288535,0.30542654,0.22940516,0.18347767,0.21747681,0.71538436,0.17469057,0.3130004,0.61872584,0.16758707,0.6127884,1.0135652,0.7060767,0.273508,0.9826064,0.7609257,0.7871762,0.0,0.41061515,0.70613146,0.96706676,0.9937755,0.61872584,0.7291002,0.33459187,0.14091547,0.95903605,0.97025526,0.49439907,0.34190843,0.32186595,0.7291002,1.0824933,1.0362018,0.4682974,0.7291002,0.9460626,0.1443219,0.3994291,0.959997,1.0432986,0.7291002,0.61872584,0.90397435,0.58904624,0.6805959,1.0919845,0.13281867,0.754243,0.7197133,1.0182016,0.6603735,0.91532916,1.0551375,0.5850733,0.977058,0.4891864,0.49439907,1.0422091,0.55286723,0.6043497,0.62479734,1.1051749,1.1042821,0.61872584,0.7291002,0.61872584,0.7291002,1.0432986,1.1830013,1.0510764,0.44007564,0.0,0.0,0.44069985,0.12962386,0.24538739,0.08638718,1.0637876,0.25046536,1.0366782,0.16758707,0.15958354,0.6153873,1.0804645
0.77848405,1.0484147,0.74481744,0.7170697,0.32176778,0.5693099,0.20376585,0.72610635,0.72610635,0.72610635,0.72610635,0.0,0.5246478,0.23085488,0.923964,0.92674255,0.7347633,0.97014886,0.10746773,0.7702628,0.7172896,1.1533717,0.7190387,0.8360131,0.7365754,0.7702628,0.7077635,0.5817239,0.80228674,0.7841496,0.20376585,0.7172896,0.1788797,1.095989,0.091500334,0.8262723,1.0841174,0.43209946,0.9051779,0.72610635,0.8148224,0.35852164,1.0612775,1.0303062,0.20376585,0.10746773,0.923964,0.77848405,1.1533717,1.0446495,0.7347633,0.8289307,0.7926101,0.10746773,0.865327,1.0640507,0.972734,0.10746773,0.95344746,0.7224359,0.8107032,1.0431352,0.64124066,0.10746773,0.20376585,0.5574358,0.966096,0.4417258,0.68615454,0.7240174,0.41972318,0.21110149,0.9367796,0.61323637,0.9376944,1.0737478,1.0182672,1.0886863,0.72532195,0.7347633,0.75457174,0.5594304,0.49595472,0.56727666,0.903488,1.0983639,0.20376585,0.10746773,0.20376585,0.10746773,0.64124066,0.96042097,0.9946109,0.9500572,0.72610635,0.72610635,0.8407585,0.8031914,0.78317094,0.73305404,1.109985,0.7864057,0.9702677,0.7172896,0.6981706,0.42415124,1.007657
0.7308567,0.95791256,0.6744891,0.6493216,0.7003239,0.7218141,0.41171387,0.6760947,0.6760947,0.6760947,0.6760947,0.5246478,0.0,0.56300443,0.8526178,0.85183334,0.67669255,0.92090654,0.48529202,0.70312166,0.6424913,1.0778377,0.4468586,0.7800265,0.646754,0.70312166,0.6185276,0.7229285,0.7634602,0.71405745,0.41171387,0.6424913,0.45929217,0.99985176,0.54483646,0.75009274,1.0249712,0.7417167,0.8501352,0.6760947,0.7907574,0.61585975,1.0023061,0.96857184,0.41171387,0.48529202,0.8526178,0.7308567,1.0778377,0.9375326,0.67669255,0.75201726,0.748897,0.48529202,1.0379385,1.0241318,0.86644214,0.48529202,0.8473495,0.6713851,0.7333889,0.93671036,0.9465675,0.48529202,0.41171387,0.8444376,0.8913831,0.7163031,0.9709164,0.65273327,0.6615879,0.59664625,0.8519003,0.6928824,0.88979524,1.0834576,0.9189125,0.975216,0.66778916,0.67669255,0.75497526,0.27494386,0.19190577,0.19497393,0.80305254,1.0719894,0.41171387,0.48529202,0.41171387,0.48529202,0.9465675,0.9499279,0.99727297,0.8811145,0.6760947,0.6760947,0.74434984,0.75186014,0.71454304,0.68027353,1.027193,0.71967804,1.0124727,0.6424913,0.6750005,0.672161,1.0363543
0.63140935,0.9899067,0.7058337,0.6893069,0.41925538,0.38704872,0.24111573,0.6862332,0.6862332,0.6862332,0.6862332,0.23085488,0.56300443,0.0,0.84809256,0.8413102,0.7040573,0.9663544,0.24460568,0.63422686,0.6973222,1.01955,0.7154097,0.6989205,0.70865124,0.63422686,0.70263433,0.4696648,0.6521718,0.7429775,0.24111573,0.6973222,0.16105065,1.0355362,0.15210645,0.7722094,0.9948039,0.5279944,0.83349603,0.6862332,0.83782756,0.3017179,0.93162036,0.88560057,0.24111573,0.24460568,0.84809256,0.63140935,1.01955,0.9521805,0.7040573,0.70133555,0.63833976,0.24460568,0.87970537,1.0091482,0.8669478,0.24460568,0.84625375,0.71889824,0.79103684,0.93731785,0.6818695,0.24460568,0.24111573,0.6039246,0.91546345,0.42194706,0.7276219,0.6962546,0.40776548,0.32933763,0.94552284,0.45433545,0.7962267,1.061835,0.9136632,0.91497195,0.70274425,0.7040573,0.6558462,0.5137301,0.5107677,0.5311103,0.93510884,1.0632102,0.24111573,0.24460568,0.24111573,0.24460568,0.6818695,0.9851964,0.8808747,0.8867766,0.6862332,0.6862332,0.79725564,0.64195573,0.64080346,0.6931809,1.0376884,0.6507591,0.9224778,0.6973222,0.68984735,0.26307073,1.0189979
0.35333884,1.0519797,0.46320605,0.28816038,0.97506857,0.8023332,0.8318127,0.33459187,0.33459187,0.33459187,0.33459187,0.923964,0.8526178,0.84809256,0.0,0.2507689,0.79244107,0.47191235,0.9421871,0.31077665,0.3982872,0.973652,0.68399936,0.44838005,0.42064387,0.31077665,0.3415376,0.8145795,0.38130373,0.53274095,0.8318127,0.3982872,0.83136624,1.0077004,0.9133367,0.4797597,0.99629056,0.9608858,0.92597145,0.33459187,0.34949878,0.849811,0.98326886,1.0135263,0.8318127,0.9421871,0.0,0.35333884,0.973652,0.99673724,0.79244107,0.41189817,0.52942306,0.9421871,1.1189543,1.043299,0.5091823,0.9421871,0.9263484,0.41527018,0.56812984,0.98903435,1.0318153,0.9421871,0.8318127,1.0415448,0.51740307,0.86168295,1.0834844,0.37454757,0.88393384,0.9245173,0.9443876,0.8125543,0.97176784,1.0386778,0.38489673,0.9834468,0.77487934,0.79244107,1.0460706,0.7492876,0.7651643,0.7931979,1.1019219,1.0906858,0.8318127,0.9421871,0.8318127,0.9421871,1.0318153,1.1891752,1.1130205,0.34926724,0.33459187,0.33459187,0.4928907,0.36432105,0.33805308,0.42097905,1.0383543,0.34927,1.0577078,0.3982872,0.4251833,0.7989929,1.0689405
0.42593,0.9804698,0.5089133,0.34994823,0.94899285,0.80369884,0.8450325,0.3963797,0.3963797,0.3963797,0.3963797,0.92674255,0.85183334,0.8413102,0.2507689,0.0,0.84481317,0.4436036,0.94318074,0.3833678,0.4277548,0.96311337,0.7209065,0.4886271,0.4663511,0.3833678,0.37100518,0.8344012,0.4311881,0.5349632,0.8450325,0.4277548,0.8501026,0.9829299,0.9095331,0.51475483,0.9854832,0.9593345,0.9176041,0.3963797,0.3686066,0.8527927,0.9756732,1.0049372,0.8450325,0.94318074,0.2507689,0.42593,0.96311337,0.96145374,0.84481317,0.45214522,0.55542403,0.94318074,1.0825139,0.9980331,0.51720405,0.94318074,0.9248421,0.46891186,0.5826238,0.9394613,1.0508447,0.94318074,0.8450325,1.0006812,0.51553917,0.8381455,1.0806153,0.4363354,0.8727404,0.92996377,0.96780604,0.8244141,0.85347694,1.0085582,0.46731222,0.9798297,0.81809986,0.84481317,1.021538,0.759922,0.7800004,0.8024397,1.0673372,1.0026338,0.8450325,0.94318074,0.8450325,0.94318074,1.0508447,1.1486083,1.1007847,0.34315705,0.3963797,0.3963797,0.4819995,0.4093512,0.40872425,0.4827669,1.0166419,0.4039424,0.9640158,0.4277548,0.4630867,0.81359386,1.0646948
0.5888383,1.0891217,0.55967915,0.5042807,0.8605881,0.6484704,0.60228246,0.49439907,0.49439907,0.49439907,0.49439907,0.7347633,0.67669255,0.7040573,0.79244107,0.84481317,0.0,0.992659,0.71265686,0.5992487,0.46210462,0.94446677,0.52215874,0.6869524,0.5697515,0.5992487,0.4832145,0.7585957,0.545421,0.6472141,0.60228246,0.46210462,0.6123453,1.1039306,0.73325425,0.6493786,1.0756046,0.6718487,0.81733704,0.49439907,0.8425963,0.74022776,1.0517457,1.0280757,0.60228246,0.71265686,0.79244107,0.5888383,0.94446677,1.0330167,0.0,0.69655204,0.5461877,0.71265686,1.0990295,1.1052754,0.87782335,0.71265686,0.9864089,0.51731247,0.72074133,1.0089583,1.0832671,0.71265686,0.60228246,0.9486494,0.9610816,0.7202094,1.1342872,0.50637376,0.7920614,0.66934335,1.0706837,0.68438995,0.93484217,1.1194453,0.9419477,1.0166761,0.2059505,0.0,1.073774,0.58956873,0.63190436,0.6882466,1.171893,1.1621729,0.60228246,0.71265686,0.60228246,0.71265686,1.0832671,1.1700184,1.0585836,0.89140654,0.49439907,0.49439907,0.77382207,0.5147257,0.6319754,0.4970205,1.1277173,0.6339155,1.0882893,0.46210462,0.5051249,0.61169094,1.149028
0.64060014,0.9934248,0.7182145,0.57458997,1.0224164,0.91465855,0.9275183,0.62102145,0.62102145,0.62102145,0.62102145,0.97014886,0.92090654,0.9663544,0.47191235,0.4436036,0.992659,0.0,0.98126984,0.59803796,0.58599526,1.1182852,0.84568214,0.671609,0.6756523,0.59803796,0.5292456,0.9656489,0.6679241,0.39171392,0.9275183,0.58599526,0.93760306,0.8234967,0.9726987,0.69166744,0.98858213,1.013988,1.0119956,0.62102145,0.52359766,0.9583222,0.96934074,1.0067195,0.9275183,0.98126984,0.47191235,0.64060014,1.1182852,0.9560705,0.992659,0.63512707,0.7300202,0.98126984,0.97230446,1.0059706,0.63636655,0.98126984,0.9974631,0.52529377,0.37034437,1.0123699,1.0754427,0.98126984,0.9275183,1.0597907,0.43040836,0.95427454,1.0955175,0.6609772,0.9756676,0.98306185,0.9986621,0.97026867,1.0488673,1.0855246,0.58219063,1.0594501,0.97082245,0.992659,1.0873951,0.8947007,0.862472,0.88329154,1.0760775,0.9722342,0.9275183,0.98126984,0.9275183,0.98126984,1.0754427,1.1887417,1.0075178,0.53182834,0.62102145,0.62102145,0.60791403,0.64915514,0.6189198,0.70740867,1.102333,0.6185548,0.9560242,0.58599526,0.62366027,0.8875139,1.000436
0.78324944,1.0697484,0.74627656,0.7321739,0.37169847,0.5827566,0.11037439,0.7291002,0.7291002,0.7291002,0.7291002,0.10746773,0.48529202,0.24460568,0.9421871,0.94318074,0.71265686,0.98126984,0.0,0.786067,0.69205445,1.1530366,0.71576154,0.83653975,0.7490941,0.786067,0.69581115,0.6329656,0.8116245,0.7892261,0.11037439,0.69205445,0.20233262,1.1054785,0.18513696,0.8298585,1.1050733,0.3676332,0.9207888,0.7291002,0.82892656,0.42479065,1.0751796,1.0529132,0.11037439,0.0,0.9421871,0.78324944,1.1530366,1.0707,0.71265686,0.8389548,0.806041,0.0,0.83479166,1.0826039,0.9841775,0.0,0.9733838,0.72763246,0.8089754,1.0648112,0.5979237,0.0,0.11037439,0.55942637,0.98897964,0.52230746,0.63928443,0.7391216,0.48441625,0.12908559,0.95041704,0.6301285,0.9463882,1.1663299,1.0410571,1.086224,0.71145165,0.71265686,0.7493346,0.5857968,0.5270008,0.59401417,0.8905774,1.1178169,0.11037439,0.0,0.11037439,0.0,0.5979237,0.9360953,0.9941234,0.9756415,0.7291002,0.7291002,0.8585874,0.80714273,0.80065477,0.7360479,1.1349025,0.80327344,0.9925289,0.69205445,0.7177547,0.43943274,1.0779074
0.042562194,1.0130894,0.27900016,0.14066467,0.8493607,0.6094097,0.6756926,0.18347767,0.18347767,0.18347767,0.18347767,0.7702628,0.70312166,0.63422686,0.31077665,0.3833678,0.5992487,0.59803796,0.786067,0.0,0.31625882,0.94506556,0.58070546,0.22554079,0.23643798,0.0,0.27848274,0.67071354,0.17027488,0.40862176,0.6756926,0.31625882,0.6326838,1.0037622,0.71961707,0.35316464,0.9416632,0.8230888,0.80787927,0.18347767,0.4006057,0.6817681,0.9072779,0.93348825,0.6756926,0.786067,0.31077665,0.042562194,0.94506556,0.9420125,0.5992487,0.18977334,0.35180426,0.786067,1.0684334,1.0103521,0.4851818,0.786067,0.8521394,0.3036015,0.47734335,0.92744684,1.0326171,0.786067,0.6756926,0.9290531,0.5512279,0.69161624,1.0851717,0.2203197,0.7352177,0.77403724,0.95286644,0.6377792,0.85530305,1.0344118,0.5375903,0.91871214,0.57921016,0.5992487,1.0292764,0.57728314,0.6181107,0.6453812,1.1061215,1.0698563,0.6756926,0.786067,0.6756926,0.786067,1.0326171,1.1865746,1.0004603,0.42131048,0.18347767,0.18347767,0.4367829,0.121343456,0.07616696,0.2631327,1.0351536,0.08199816,1.0053076,0.31625882,0.31120512,0.58563274,1.0136015
0.27372763,1.0401071,0.3237578,0.21384187,0.8304023,0.62578726,0.58168006,0.16758707,0.16758707,0.16758707,0.16758707,0.7172896,0.6424913,0.6973222,0.3982872,0.4277548,0.46210462,0.58599526,0.69205445,0.31625882,0.0,0.9226443,0.5108176,0.40771163,0.36631998,0.31625882,0.05674959,0.7227208,0.2608031,0.29685014,0.58168006,0.0,0.602236,1.0136745,0.7199975,0.37592,0.9819743,0.736581,0.7858003,0.16758707,0.43877056,0.7162547,0.9687685,0.99675804,0.58168006,0.69205445,0.3982872,0.27372763,0.9226443,0.9718616,0.46210462,0.44419348,0.24800617,0.69205445,1.073746,1.0447873,0.556703,0.69205445,0.94905317,0.16779532,0.4307858,0.96155715,1.0678989,0.69205445,0.58168006,0.9032492,0.6705867,0.68614507,1.1135985,0.30022904,0.76620054,0.69359535,1.0173302,0.6440521,0.9157852,1.059628,0.522004,0.9624746,0.46936938,0.46210462,1.0527375,0.5546696,0.5895729,0.6384102,1.0829623,1.1108822,0.58168006,0.69205445,0.58168006,0.69205445,1.0678989,1.1728903,1.047451,0.5319399,0.16758707,0.16758707,0.4900312,0.22633807,0.35969886,0.25397426,1.0791208,0.36165017,1.0370375,0.0,0.09767357,0.6078992,1.0881786
0.94845563,1.1088287,0.79276896,0.95947266,1.1675025,0.9289819,1.0426621,0.95903605,0.95903605,0.95903605,0.95903605,1.1533717,1.0778377,1.01955,0.973652,0.96311337,0.94446677,1.1182852,1.1530366,0.94506556,0.9226443,0.0,0.9874951,0.99005526,0.79506433,0.94506556,0.9257048,1.0253224,0.9100071,0.9950933,1.0426621,0.9226443,1.0297977,1.1454047,1.132009,1.0222164,1.144666,1.167406,1.0512618,0.95903605,1.1297272,1.0684686,1.1019564,1.0978425,1.0426621,1.1530366,0.973652,0.94845563,0.0,1.0855659,0.94446677,0.99021864,0.83900917,1.1530366,1.209758,1.1315386,1.0105468,1.1530366,1.0998842,1.0110543,1.072492,1.0630656,1.1748073,1.1530366,1.0426621,1.1733915,1.0623797,1.0743909,1.198455,0.96004045,1.0962293,1.1463585,1.1733516,0.95610976,1.0811086,1.0762177,0.8497819,0.71858364,0.9711703,0.94446677,1.0850713,0.93659365,1.0255531,1.0245228,1.1249722,1.1411321,1.0426621,1.1530366,1.0426621,1.1530366,1.1748073,1.1883438,1.1892843,1.0178764,0.95903605,0.95903605,0.9225362,0.8882489,0.9578443,0.95960385,1.0775719,0.95827436,1.1137983,0.9226443,0.9420811,0.93536276,0.97777146
0.62326765,0.97977215,0.5820102,0.5064539,0.84057236,0.6965426,0.60538715,0.55288535,0.55288535,0.55288535,0.55288535,0.7190387,0.4468586,0.7154097,0.68399936,0.7209065,0.52215874,0.84568214,0.71576154,0.58070546,0.5108176,0.9874951,0.0,0.68335736,0.539448,0.58070546,0.45406798,0.71835643,0.6208735,0.62058544,0.60538715,0.5108176,0.6115839,1.0689392,0.7151878,0.6443967,1.0376748,0.6886988,0.78665745,0.55288535,0.74495494,0.71062404,1.017079,0.97661126,0.60538715,0.71576154,0.68399936,0.62326765,0.9874951,0.9144209,0.52215874,0.64687544,0.60371774,0.71576154,1.0458074,1.0193722,0.7729982,0.71576154,0.861051,0.5790063,0.6905787,0.89499074,1.0668173,0.71576154,0.60538715,0.8849654,0.8468976,0.65643173,1.0939379,0.5102034,0.7577688,0.66260767,0.884065,0.6850524,0.9338859,1.0274239,0.7810596,0.888117,0.51172626,0.52215874,1.033364,0.36812907,0.36168942,0.3171988,1.0114541,1.0741776,0.60538715,0.71576154,0.60538715,0.71576154,1.0668173,1.2064071,1.0330691,0.801051,0.55288535,0.55288535,0.65106046,0.61018544,0.5852752,0.5566349,1.0393356,0.5986227,1.022428,0.5108176,0.53269815,0.6745025,1.0622844
0.19094852,1.0019387,0.38155323,0.34036884,0.87079996,0.67749274,0.72616535,0.30542654,0.30542654,0.30542654,0.30542654,0.8360131,0.7800265,0.6989205,0.44838005,0.4886271,0.6869524,0.671609,0.83653975,0.22554079,0.40771163,0.99005526,0.68335736,0.0,0.417641,0.22554079,0.45098653,0.7203069,0.2534492,0.44434622,0.72616535,0.40771163,0.69308555,0.99242234,0.79317725,0.25427714,0.94256365,0.85702646,0.80264,0.30542654,0.53809404,0.7331155,0.9129304,0.93913233,0.72616535,0.83653975,0.44838005,0.19094852,0.99005526,0.9438688,0.6869524,0.03648188,0.43390805,0.83653975,1.0712295,0.9960341,0.49622154,0.83653975,0.8755236,0.39897394,0.43343756,0.9332461,1.0527864,0.83653975,0.72616535,0.93762875,0.58696187,0.7372155,1.1016543,0.40716705,0.75894535,0.82663745,1.0127516,0.70342314,0.8541782,1.0508225,0.6584101,0.95064783,0.66294205,0.6869524,1.0335526,0.7006252,0.7253691,0.7464111,1.1257734,1.0682597,0.72616535,0.83653975,0.72616535,0.83653975,1.0527864,1.2142149,1.0247642,0.5264363,0.30542654,0.30542654,0.49700806,0.2573453,0.212333,0.37222475,1.0612073,0.20665596,0.99297,0.40771163,0.4062032,0.66957,1.0290989
0.27900016,1.0171098,0.042562194,0.18653478,0.81892735,0.67921734,0.63871974,0.22940516,0.22940516,0.22940516,0.22940516,0.7365754,0.646754,0.70865124,0.42064387,0.4663511,0.5697515,0.6756523,0.7490941,0.23643798,0.36631998,0.79506433,0.539448,0.417641,0.0,0.23643798,0.3285129,0.73171777,0.32931602,0.42992565,0.63871974,0.36631998,0.6357694,1.0119925,0.72012746,0.38295704,0.98535544,0.76259965,0.780126,0.22940516,0.50055957,0.7156988,0.9704323,0.9876034,0.63871974,0.7490941,0.42064387,0.27900016,0.79506433,0.95343655,0.5697515,0.38115913,0.4361813,0.7490941,1.0726403,1.0288582,0.5898214,0.7490941,0.9298999,0.34849274,0.49649036,0.9415555,1.0416255,0.7490941,0.63871974,0.9020208,0.61929166,0.6700688,1.0903218,0.18763739,0.7576878,0.73620516,0.997584,0.69299525,0.9188019,1.0472296,0.5505163,0.80240184,0.5568503,0.5697515,1.0282927,0.52663267,0.57456976,0.5897039,1.0969001,1.08105,0.63871974,0.7490941,0.63871974,0.7490941,1.0416255,1.1656821,1.046117,0.5160405,0.22940516,0.22940516,0.3436728,0.28830457,0.2997321,0.23050778,1.029371,0.3046244,1.0251584,0.36631998,0.3629513,0.65005696,0.90735734
0.042562194,1.0130894,0.27900016,0.14066467,0.8493607,0.6094097,0.6756926,0.18347767,0.18347767,0.18347767,0.18347767,0.7702628,0.70312166,0.63422686,0.31077665,0.3833678,0.5992487,0.59803796,0.786067,0.0,0.31625882,0.94506556,0.58070546,0.22554079,0.23643798,0.0,0.27848274,0.67071354,0.17027488,0.40862176,0.6756926,0.31625882,0.6326838,1.0037622,0.71961707,0.35316464,0.9416632,0.8230888,0.80787927,0.18347767,0.4006057,0.6817681,0.9072779,0.93348825,0.6756926,0.786067,0.31077665,0.042562194,0.94506556,0.9420125,0.5992487,0.18977334,0.35180426,0.786067,1.0684334,1.0103521,0.4851818,0.786067,0.8521394,0.3036015,0.47734335,0.92744684,1.0326171,0.786067,0.6756926,0.9290531,0.5512279,0.69161624,1.0851717,0.2203197,0.7352177,0.77403724,0.95286644,0.6377792,0.85530305,1.0344118,0.5375903,0.91871214,0.57921016,0.5992487,1.0292764,0.57728314,0.6181107,0.6453812,1.1061215,1.0698563,0.6756926,0.786067,0.6756926,0.786067,1.0326171,1.1865746,1.0004603,0.42131048,0.18347767,0.18347767,0.4367829,0.121343456,0.07616696,0.2631327,1.0351536,0.08199816,1.0053076,0.31625882,0.31120512,0.58563274,1.0136015
0.32104492,1.0347608,0.3710751,0.17104533,0.8246438,0.6346809,0.58543676,0.21747681,0.21747681,0.21747681,0.21747681,0.7077635,0.6185276,0.70263433,0.3415376,0.37100518,0.4832145,0.5292456,0.69581115,0.27848274,0.05674959,0.9257048,0.45406798,0.45098653,0.3285129,0.27848274,0.0,0.72627705,0.305903,0.33726522,0.58543676,0.05674959,0.6068481,1.0149163,0.71164393,0.4191949,0.9831061,0.7403377,0.7904197,0.21747681,0.38202098,0.7148981,0.9666115,0.99988616,0.58543676,0.69581115,0.3415376,0.32104492,0.9257048,0.9662464,0.4832145,0.41450465,0.29938683,0.69581115,1.0775027,1.04605,0.6018436,0.69581115,0.9164999,0.22045709,0.46574184,0.9571985,1.0716556,0.69581115,0.58543676,0.9053441,0.64089787,0.68401,1.1173551,0.25743252,0.7652675,0.69735205,0.9605805,0.6483681,0.9302663,1.048573,0.46525443,0.9618862,0.4804561,0.4832145,1.0555738,0.50926083,0.5397294,0.59380776,1.0872782,1.1006458,0.58543676,0.69581115,0.58543676,0.69581115,1.0716556,1.1704767,1.0535759,0.4827673,0.21747681,0.21747681,0.4372695,0.27365538,0.32626313,0.303864,1.0575962,0.32821444,1.0397254,0.05674959,0.14901723,0.6109773,1.0851488
0.6674765,0.9549127,0.72848076,0.7182616,0.59277457,0.37630937,0.56460226,0.71538436,0.71538436,0.71538436,0.71538436,0.5817239,0.7229285,0.4696648,0.8145795,0.8344012,0.7585957,0.9656489,0.6329656,0.67071354,0.7227208,1.0253224,0.71835643,0.7203069,0.73171777,0.67071354,0.72627705,0.0,0.62385464,0.7612829,0.56460226,0.7227208,0.4969544,1.055693,0.51451045,0.77276164,0.9828934,0.7654185,0.8132947,0.71538436,0.8717101,0.2898785,0.9450902,0.91408974,0.56460226,0.6329656,0.8145795,0.6674765,1.0253224,0.90326035,0.7585957,0.72308147,0.6876642,0.6329656,1.0385704,0.978553,0.86319023,0.6329656,0.8430712,0.750618,0.8137079,0.88780344,0.88686264,0.6329656,0.56460226,0.72417027,0.86583936,0.38218212,0.92602044,0.7271692,0.37274554,0.6636436,0.9460738,0.19535126,0.83047104,1.0230747,0.8439356,0.916865,0.74741596,0.7585957,0.8692926,0.64480305,0.6524065,0.6792301,0.943296,1.0449301,0.56460226,0.6329656,0.56460226,0.6329656,0.88686264,1.0766169,0.9913191,0.88436955,0.71538436,0.71538436,0.78597814,0.68398803,0.67433316,0.7242919,1.0469035,0.68373203,0.86741215,0.7227208,0.6337282,0.4740754,0.97691005
0.1308315,1.0243719,0.28987262,0.2143174,0.8615979,0.5612848,0.70125014,0.17469057,0.17469057,0.17469057,0.17469057,0.80228674,0.7634602,0.6521718,0.38130373,0.4311881,0.545421,0.6679241,0.8116245,0.17027488,0.2608031,0.9100071,0.6208735,0.2534492,0.32931602,0.17027488,0.305903,0.62385464,0.0,0.40090477,0.70125014,0.2608031,0.65737563,1.0175071,0.75255364,0.31460068,0.94963455,0.8352781,0.8137562,0.17469057,0.49100676,0.69869906,0.919553,0.9436584,0.70125014,0.8116245,0.38130373,0.1308315,0.9100071,0.9523984,0.545421,0.2899311,0.27847335,0.8116245,1.0842048,1.0162591,0.45413235,0.8116245,0.89763063,0.29186812,0.44903454,0.9368932,1.0440392,0.8116245,0.70125014,0.936522,0.5351895,0.70476747,1.0956566,0.28754693,0.7501359,0.7958655,1.0128177,0.62119025,0.8610083,1.0546508,0.60340136,0.9275786,0.5583764,0.545421,1.0410608,0.6169676,0.6842703,0.7136446,1.1123725,1.0846444,0.70125014,0.8116245,0.70125014,0.8116245,1.0440392,1.1850001,1.0134914,0.49482396,0.17469057,0.17469057,0.49630862,0.07210737,0.17733596,0.24792011,1.0649233,0.17865919,1.0105085,0.2608031,0.21215653,0.5004685,1.0374452
0.36605957,0.92352307,0.38736343,0.35352153,0.8378625,0.7015739,0.6788517,0.3130004,0.3130004,0.3130004,0.3130004,0.7841496,0.71405745,0.7429775,0.53274095,0.5349632,0.6472141,0.39171392,0.7892261,0.40862176,0.29685014,0.9950933,0.62058544,0.44434622,0.42992565,0.40862176,0.33726522,0.7612829,0.40090477,0.0,0.6788517,0.29685014,0.6712965,0.80648136,0.76476634,0.42104194,0.91794807,0.795457,0.78337896,0.3130004,0.5917444,0.74410254,0.89943814,0.9233273,0.6788517,0.7892261,0.53274095,0.36605957,0.9950933,0.85858583,0.6472141,0.48082808,0.43768468,0.7892261,0.9855526,0.9576309,0.5959929,0.7892261,0.9496588,0.35200194,0.19992755,0.90080523,1.0728109,0.7892261,0.6788517,0.89130837,0.442936,0.6861864,1.1026394,0.43214956,0.7830683,0.7756614,1.0402879,0.7059822,0.9246892,1.040738,0.62992543,0.9634376,0.630071,0.6472141,1.022658,0.6191603,0.6481313,0.6592629,1.0761255,0.9789759,0.6788517,0.7892261,0.6788517,0.7892261,1.0728109,1.1745206,0.9632619,0.60653675,0.3130004,0.3130004,0.51746213,0.37015972,0.44442686,0.39162844,1.0649058,0.44406182,0.90839434,0.29685014,0.29865777,0.6787063,0.9924214
0.67287505,1.0122886,0.63590217,0.6217995,0.48207286,0.47238222,0.0,0.61872584,0.61872584,0.61872584,0.61872584,0.20376585,0.41171387,0.24111573,0.8318127,0.8450325,0.60228246,0.9275183,0.11037439,0.6756926,0.58168006,1.0426621,0.60538715,0.72616535,0.63871974,0.6756926,0.58543676,0.56460226,0.70125014,0.6788517,0.0,0.58168006,0.09776754,1.0561178,0.25996467,0.7194841,1.0441575,0.47800758,0.8104144,0.61872584,0.81082135,0.42493752,1.0132874,0.98914886,0.0,0.11037439,0.8318127,0.67287505,1.0426621,0.9827758,0.60228246,0.7285804,0.6956666,0.11037439,0.823438,1.0394467,0.89122546,0.11037439,0.8959445,0.62314117,0.71882343,0.96774876,0.5926021,0.11037439,0.0,0.66980076,0.90940446,0.5241936,0.6457063,0.6287472,0.48474553,0.23915616,0.92826575,0.5197541,0.8830544,1.0662504,0.93068266,0.9758495,0.60107726,0.60228246,0.6649003,0.4754224,0.42332387,0.49581704,1.0009518,1.0888507,0.0,0.11037439,0.0,0.11037439,0.5926021,1.0464697,1.0082532,0.8742139,0.61872584,0.61872584,0.75254375,0.69676834,0.6902804,0.62567353,1.0429915,0.69289905,0.98266715,0.58168006,0.60738033,0.32905835,1.0718883
0.27372763,1.0401071,0.3237578,0.21384187,0.8304023,0.62578726,0.58168006,0.16758707,0.16758707,0.16758707,0.16758707,0.7172896,0.6424913,0.6973222,0.3982872,0.4277548,0.46210462,0.58599526,0.69205445,0.31625882,0.0,0.9226443,0.5108176,0.40771163,0.36631998,0.31625882,0.05674959,0.7227208,0.2608031,0.29685014,0.58168006,0.0,0.602236,1.0136745,0.7199975,0.37592,0.9819743,0.736581,0.7858003,0.16758707,0.43877056,0.7162547,0.9687685,0.99675804,0.58168006,0.69205445,0.3982872,0.27372763,0.9226443,0.9718616,0.46210462,0.44419348,0.24800617,0.69205445,1.073746,1.0447873,0.556703,0.69205445,0.94905317,0.16779532,0.4307858,0.96155715,1.0678989,0.69205445,0.58168006,0.9032492,0.6705867,0.68614507,1.1135985,0.30022904,0.76620054,0.69359535,1.0173302,0.6440521,0.9157852,1.059628,0.522004,0.9624746,0.46936938,0.46210462,1.0527375,0.5546696,0.5895729,0.6384102,1.0829623,1.1108822,0.58168006,0.69205445,0.58168006,0.69205445,1.0678989,1.1728903,1.047451,0.5319399,0.16758707,0.16758707,0.4900312,0.22633807,0.35969886,0.25397426,1.0791208,0.36165017,1.0370375,0.0,0.09767357,0.6078992,1.0881786
0.62986624,0.98575324,0.6329519,0.6158621,0.47771633,0.41422868,0.09776754,0.6127884,0.6127884,0.6127884,0.6127884,0.1788797,0.45929217,0.16105065,0.83136624,0.8501026,0.6123453,0.93760306,0.20233262,0.6326838,0.602236,1.0297977,0.6115839,0.69308555,0.6357694,0.6326838,0.6068481,0.4969544,0.65737563,0.6712965,0.09776754,0.602236,0.0,1.044601,0.18297932,0.7146414,1.0015738,0.51545763,0.7952393,0.6127884,0.815904,0.3410563,0.9472445,0.9199052,0.09776754,0.20233262,0.83136624,0.62986624,1.0297977,0.94653344,0.6123453,0.6955006,0.63644755,0.20233262,0.85486454,1.0103514,0.86811304,0.20233262,0.8480464,0.6251891,0.72653335,0.9321931,0.6337289,0.20233262,0.09776754,0.66918355,0.89933324,0.45666364,0.6906582,0.62280977,0.43511593,0.29822317,0.9273585,0.4493063,0.81991506,1.0539535,0.9118654,0.92632407,0.6105301,0.6123453,0.6669352,0.45048872,0.38841382,0.46778762,1.017697,1.0632766,0.09776754,0.20233262,0.09776754,0.20233262,0.6337289,1.0727819,0.9367428,0.8638502,0.6127884,0.6127884,0.7455041,0.653032,0.6475809,0.6197361,1.0346057,0.6517039,0.9509637,0.602236,0.58935434,0.2739529,1.0200628
1.0078331,0.8403836,1.011968,1.0104741,1.1118933,1.0410513,1.0561178,1.0135652,1.0135652,1.0135652,1.0135652,1.095989,0.99985176,1.0355362,1.0077004,0.9829299,1.1039306,0.8234967,1.1054785,1.0037622,1.0136745,1.1454047,1.0689392,0.99242234,1.0119925,1.0037622,1.0149163,1.055693,1.0175071,0.80648136,1.0561178,1.0136745,1.044601,0.0,1.081206,0.9660067,0.60620916,1.1172886,0.8994209,1.0135652,1.0501466,1.0337048,0.5998685,0.76276857,1.0561178,1.1054785,1.0077004,1.0078331,1.1454047,0.84120107,1.1039306,0.99033827,1.0130043,1.1054785,1.0246607,0.87599784,0.9855661,1.1054785,0.9242913,1.0214431,0.8153775,0.9170502,1.1479769,1.1054785,1.0561178,1.1184931,0.82312065,1.0460533,1.1560625,1.0133655,1.047609,1.1088097,1.1081165,1.0535384,0.8105908,1.110566,0.9998158,1.1070592,1.0695932,1.1039306,1.0248855,1.0071937,0.9883479,0.9939732,1.0922893,0.85958844,1.0561178,1.1054785,1.0561178,1.1054785,1.1479769,1.1702025,0.957271,1.0002688,1.0135652,1.0135652,0.90678877,1.0149417,0.989224,1.0158087,1.1356398,0.9371517,0.8152095,1.0136745,1.0145422,1.0523237,1.0435544
0.727844,1.021656,0.728345,0.69704,0.3363752,0.5061818,0.25996467,0.7060767,0.7060767,0.7060767,0.7060767,0.091500334,0.54483646,0.15210645,0.9133367,0.9095331,0.73325425,0.9726987,0.18513696,0.71961707,0.7199975,1.132009,0.7151878,0.79317725,0.72012746,0.71961707,0.71164393,0.51451045,0.75255364,0.76476634,0.25996467,0.7199975,0.18297932,1.081206,0.0,0.81079394,1.0390801,0.47218835,0.8835778,0.7060767,0.8154271,0.2812576,0.9991757,0.9671577,0.25996467,0.18513696,0.9133367,0.727844,1.132009,1.0095799,0.73325425,0.78607696,0.74764764,0.18513696,0.8882291,1.031651,0.9472965,0.18513696,0.9035083,0.73165226,0.80434686,1.0072713,0.6762217,0.18513696,0.25996467,0.56901366,0.9575768,0.37191957,0.7230418,0.7039877,0.3719503,0.2734419,0.9360883,0.53889674,0.87491924,1.0666013,0.9912516,1.0314959,0.72384524,0.73325425,0.73971874,0.52908576,0.52060866,0.53668934,0.92601985,1.0735648,0.25996467,0.18513696,0.25996467,0.18513696,0.6762217,0.9920269,0.9389929,0.94948524,0.7060767,0.7060767,0.8292658,0.7516725,0.7348178,0.7130244,1.0951394,0.7405576,0.93706346,0.7199975,0.7053994,0.35979894,0.95772827
0.31633583,0.96757567,0.3470045,0.3094443,0.8609211,0.7276789,0.7194841,0.273508,0.273508,0.273508,0.273508,0.8262723,0.75009274,0.7722094,0.4797597,0.51475483,0.6493786,0.69166744,0.8298585,0.35316464,0.37592,1.0222164,0.6443967,0.25427714,0.38295704,0.35316464,0.4191949,0.77276164,0.31460068,0.42104194,0.7194841,0.37592,0.7146414,0.9660067,0.81079394,0.0,0.93994826,0.82304114,0.7238547,0.273508,0.5693955,0.76456517,0.93175006,0.962296,0.7194841,0.8298585,0.4797597,0.31633583,1.0222164,0.9280453,0.6493786,0.29075903,0.48540127,0.8298585,1.083763,0.9944441,0.5321567,0.8298585,0.904151,0.36040226,0.39628318,0.9245031,1.0964823,0.8298585,0.7194841,0.91810006,0.59691024,0.7408337,1.1241302,0.3757648,0.7880612,0.8161768,1.0509704,0.7462047,0.87033033,1.0627468,0.6673078,1.0078783,0.6155181,0.6493786,1.0392101,0.6633728,0.6949672,0.71143895,1.139409,1.0621412,0.7194841,0.8298585,0.7194841,0.8298585,1.0964823,1.2048047,1.0707756,0.53311443,0.273508,0.273508,0.43022355,0.3097431,0.33524194,0.3398285,1.0669913,0.28643703,0.993913,0.37592,0.3790485,0.7168017,1.1042271
