0,1,2,3,4,5,6,7,8,9,10,11,12,13,14,15,16,17,18,19,20,21,22,23,24,25,26,27,28,29,30,31,32,33,34,35,36,37,38,39,40,41,42,43,44,45,46,47,48,49,50,51,52,53,54,55,56,57,58,59,60,61,62,63,64,65,66,67,68,69,70,71,72,73,74,75,76,77,78,79,80,81,82,83,84,85,86
0.0,0.910852,0.8161525,1.2055688,1.20968,0.8970246,0.9056145,0.96786106,0.90445715,1.061055,0.8032898,0.9207576,0.9033492,0.9107809,0.7717591,0.9649175,0.9423142,0.87647015,0.9079524,0.9033492,0.8085457,1.2055688,0.9541556,0.8590706,1.20968,0.05920322,0.9302161,0.90720206,0.87853277,1.2154787,0.87647015,0.89409494,0.8247887,0.83155835,0.91835475,0.8806286,1.127134,1.1701766,0.67725664,0.9033492,0.8980491,0.98665756,0.92011935,0.9810285,0.9810285,0.9033492,0.90647113,0.9033492,0.82638454,0.7625103,1.1701766,0.9387967,0.9083718,0.9116188,1.1817287,0.87517315,0.8755183,1.1556652,0.9603422,0.6889146,0.8970948,1.0577946,0.88548625,1.0049618,0.888063,0.9137407,0.93209183,0.910852,0.8563827,0.9032225,0.9460663,0.93595725,0.92524916,1.0515753,0.8267083,0.918426,0.9810087,0.92325807,0.88498193,0.7460563,0.9033492,0.9541556,0.9090531,0.8924073,0.8924073,0.9155922,0.91320044
0.910852,0.0,0.4948339,0.86274743,0.8715856,0.49779174,0.58712673,0.49599138,0.11695792,0.4650437,0.57868433,0.2026853,0.087434515,0.14888994,0.8092705,0.508186,0.28796744,0.57017004,0.5607419,0.087434515,0.8565607,0.86274743,0.5526033,0.6317966,0.8715856,0.93467313,0.46337745,0.40684068,0.56808853,1.1939802,0.57017004,0.67141706,0.6450343,0.6874145,0.31663305,0.39390618,1.0392015,1.0451752,0.9695456,0.087434515,0.14624855,0.8320499,0.58830607,0.6167115,0.6167115,0.087434515,0.20350297,0.087434515,0.5252662,0.8079442,1.0451752,0.72895294,0.66495687,0.6808743,1.1635063,0.44962972,0.3677462,1.0381273,0.53502923,0.5192086,0.33460817,1.1444776,0.21120827,0.68471944,0.47507325,0.71487874,0.6020539,0.0,0.7590736,0.31719273,0.86312985,0.9637553,0.8789141,1.0589464,0.84129244,0.8797575,0.1033317,0.25781903,0.32574373,0.53673214,0.087434515,0.5526033,0.9495454,0.2541388,0.2541388,0.30760425,0.295382
0.8161525,0.4948339,0.0,1.0387903,1.046274,0.64284974,0.6983495,0.7049606,0.51047224,0.6831679,0.57865787,0.5570249,0.49791074,0.5028419,0.6734213,0.7097628,0.5608872,0.667731,0.6272882,0.49791074,0.7189276,1.0387903,0.80852836,0.7190027,1.046274,0.8464329,0.633093,0.49640045,0.6621448,1.1796659,0.667731,0.72574294,0.8005204,0.74368596,0.53633606,0.6090785,1.052096,1.0874858,0.9328635,0.49791074,0.47123125,0.8730543,0.65815717,0.8374864,0.8374864,0.49791074,0.47566685,0.49791074,0.07473714,0.68233895,1.0874858,0.7774203,0.73017037,0.7421626,1.1476222,0.5621185,0.55192095,1.0733945,0.8019689,0.50405836,0.49537227,1.1029109,0.48290375,0.87881833,0.25172254,0.7583092,0.6525113,0.4948339,0.72207874,0.5069124,0.82143915,0.94908065,0.9592065,1.0975497,0.8535239,0.9598821,0.5768507,0.56335807,0.54554075,0.47068548,0.49791074,0.80852836,0.8794306,0.48289776,0.48289776,0.38303187,0.5232392
1.2055688,0.86274743,1.0387903,0.0,0.294226,1.0411793,1.0807854,0.85862124,0.89309394,0.59331393,1.0793099,0.8682052,0.8929994,0.89547914,1.189138,0.8883635,0.7412641,0.98635334,1.0331845,0.8929994,1.1976638,0.0,0.8943977,1.2282263,0.294226,1.2202313,0.97280174,1.0312893,1.0165517,1.2898526,0.98635334,1.0727003,1.1983467,1.0199027,0.93159693,0.9432149,1.1876103,1.2119404,1.2686338,0.8929994,0.95181346,1.1046169,1.0729927,0.864488,0.864488,0.8929994,0.95009214,0.8929994,1.0384884,1.1851386,1.2119404,1.1026658,1.0369784,1.0472218,1.2221297,1.140944,0.95646966,1.1887332,0.89598536,1.0855622,0.99185693,1.2330967,0.9646082,0.97640103,1.0317695,1.0523317,1.0487411,0.86274743,1.1273415,0.98726505,1.2306021,1.2410036,1.2322388,1.2697339,1.1721599,1.2407749,0.8273665,0.8727829,0.94425404,1.1222246,0.8929994,0.8943977,1.2214159,0.9621033,0.9621033,0.9617502,0.9667763
1.20968,0.8715856,1.046274,0.294226,0.0,1.0623293,1.0565456,0.7880315,0.90536726,0.6273471,1.0648519,0.87701,0.9052727,0.83611584,1.192057,0.8980919,0.7549298,0.98899156,1.0453522,0.9052727,1.1945254,0.294226,0.8155402,1.2290072,0.0,1.224697,0.98550177,1.0364645,1.0219461,1.2630302,0.98899156,1.0626178,1.2040604,1.0194539,0.86428136,0.9446215,1.1816463,1.2003467,1.2636123,0.9052727,0.9640868,1.0515065,1.0244994,0.7732794,0.7732794,0.9052727,0.8907289,0.9052727,1.0420994,1.1859429,1.2003467,1.1069602,1.0336854,1.0424787,1.2079431,1.1533244,0.908892,1.174728,0.81734806,1.0996445,1.0046854,1.2561548,0.9797772,0.90819883,1.0461433,1.0445015,1.0073316,0.8715856,1.1019255,1.0085586,1.2248467,1.2206163,1.239147,1.2838088,1.1378545,1.2461948,0.83439696,0.8054673,0.89125854,1.1272203,0.9052727,0.8155402,1.2017198,0.90996975,0.90996975,0.91719246,0.9043302
0.8970246,0.49779174,0.64284974,1.0411793,1.0623293,0.0,0.19800675,0.71699655,0.50971615,0.76186264,0.25670943,0.46624294,0.4973186,0.52942735,0.72790223,0.6591855,0.5716858,0.56885964,0.21724895,0.4973186,0.7037355,1.0411793,0.5200607,0.610375,1.0623293,0.92238444,0.45768547,0.5288677,0.54859334,1.1248513,0.56885964,0.51164037,0.7955726,0.6563038,0.5250154,0.44087285,1.0939331,1.1260917,0.91493225,0.4973186,0.52725077,0.7047403,0.55079323,0.6342668,0.6342668,0.4973186,0.55869865,0.4973186,0.6734437,0.71568745,1.1260917,0.5554771,0.54951864,0.5538226,1.1634309,0.5857641,0.512225,1.1200062,0.5297558,0.61934733,0.46005926,1.0734212,0.52867335,0.6675364,0.6115411,0.5776613,0.5161015,0.49779174,0.6647293,0.42644367,0.64841425,0.8975774,0.92485625,1.1104944,0.7600147,0.91024065,0.5885254,0.49497408,0.51123196,0.6248057,0.4973186,0.5200607,0.81654435,0.5575132,0.5575132,0.5813582,0.5652358
0.9056145,0.58712673,0.6983495,1.0807854,1.0565456,0.19800675,0.0,0.71091956,0.5508846,0.84051037,0.3044302,0.5321359,0.5521068,0.5288142,0.7630111,0.7002531,0.63674814,0.6280821,0.3703454,0.5521068,0.73148686,1.0807854,0.5080495,0.67039216,1.0565456,0.9146118,0.5240864,0.63077265,0.5813861,1.1238171,0.6280821,0.5705945,0.83685637,0.699724,0.5359832,0.502176,1.0945531,1.1301845,0.9102966,0.5521068,0.5747974,0.66566277,0.5545549,0.6115788,0.6115788,0.5521068,0.5528752,0.5521068,0.7355128,0.743626,1.1301845,0.5243022,0.5639442,0.56797796,1.1707362,0.5989608,0.49240467,1.1253915,0.5167986,0.64265615,0.569609,1.0648954,0.56152326,0.62999046,0.66635853,0.62484723,0.5371497,0.58712673,0.6349558,0.5347586,0.6582299,0.9064448,0.9235092,1.1222281,0.7105099,0.90904784,0.6772681,0.5127938,0.49143624,0.69062024,0.5521068,0.5080495,0.820551,0.54887676,0.54887676,0.59019977,0.56163317
0.96786106,0.49599138,0.7049606,0.85862124,0.7880315,0.71699655,0.71091956,0.0,0.50092703,0.5071227,0.77099,0.49793935,0.4953256,0.4596772,0.8997475,0.15166251,0.4936417,0.61159176,0.7106083,0.4953256,0.8867908,0.85862124,0.7016297,0.7522666,0.7880315,0.99681014,0.60848266,0.7437108,0.6697658,1.1168157,0.61159176,0.7343051,0.9740287,0.7065933,0.46601248,0.55223984,1.0800238,1.1228151,1.0695237,0.4953256,0.5541396,0.8831767,0.71076393,0.7200493,0.7200493,0.4953256,0.5142902,0.4953256,0.70772964,0.84322405,1.1228151,0.6552075,0.48654968,0.50151116,1.0997221,0.72647643,0.5473628,1.1151961,0.70296395,0.7969901,0.7017483,1.0287471,0.59129584,0.77584916,0.6610596,0.7038651,0.6818272,0.49599138,0.82407093,0.6996112,0.89090574,1.0524065,1.0434581,1.1099126,0.939429,1.0484539,0.51395875,0.40719846,0.522473,0.723969,0.4953256,0.7016297,0.9531967,0.5431511,0.5431511,0.5754923,0.5206589
0.90445715,0.11695792,0.51047224,0.89309394,0.90536726,0.50971615,0.5508846,0.50092703,0.0,0.51999736,0.57532275,0.21947308,0.029523402,0.11860877,0.7968975,0.50810015,0.3144144,0.55744624,0.5265891,0.029523402,0.84548855,0.89309394,0.5949401,0.6391382,0.90536726,0.9270621,0.4800644,0.34187955,0.53705454,1.1990912,0.55744624,0.66297865,0.6744945,0.67711246,0.2738605,0.37346256,1.0373603,1.0596646,0.95183754,0.029523402,0.08833744,0.8399813,0.5978609,0.6246742,0.6246742,0.029523402,0.17322181,0.029523402,0.5502167,0.790722,1.0596646,0.7201272,0.6668742,0.68267095,1.1716303,0.44504637,0.34630892,1.0527776,0.57782173,0.4498497,0.2897211,1.1294414,0.16996679,0.6102854,0.48996383,0.7112793,0.6230359,0.11695792,0.75547785,0.25848192,0.8350125,0.96222746,0.8722963,1.0650064,0.79990894,0.8660967,0.22028962,0.2150465,0.30208734,0.57392347,0.029523402,0.5949401,0.9486825,0.22851084,0.22851084,0.30905643,0.26386303
1.061055,0.4650437,0.6831679,0.59331393,0.6273471,0.76186264,0.84051037,0.5071227,0.51999736,0.0,0.83360755,0.4761153,0.5180383,0.54038763,0.93930453,0.5336368,0.2629354,0.67593974,0.74072534,0.5180383,0.96574223,0.59331393,0.7890074,0.83455604,0.6273471,1.092062,0.64899445,0.72525376,0.7137576,1.1886529,0.67593974,0.81263226,1.0583574,0.8044031,0.56656647,0.5796064,1.1495056,1.1634009,1.1717573,0.5180383,0.57685226,1.0093063,0.8187409,0.75571734,0.75571734,0.5180383,0.5950006,0.5180383,0.68072945,0.93323886,1.1634009,0.87639034,0.7837557,0.7982062,1.1582102,0.6363861,0.64679885,1.1466566,0.7795199,0.83797497,0.6848316,1.1835151,0.60961384,0.87285846,0.66545737,0.79303294,0.76809883,0.4650437,0.9324996,0.68050444,0.9866454,1.104816,1.1424321,1.1889615,1.0452557,1.147074,0.4055156,0.5077524,0.62061584,0.6991387,0.5180383,0.7890074,1.0625726,0.6295536,0.6295536,0.61334705,0.6120644
0.8032898,0.57868433,0.57865787,1.0793099,1.0648519,0.25670943,0.3044302,0.77099,0.57532275,0.83360755,0.0,0.55384356,0.57642525,0.5683783,0.5584768,0.76292545,0.6428135,0.6819488,0.40502465,0.57642525,0.6276258,1.0793099,0.5848832,0.6905942,1.0648519,0.8087453,0.5852628,0.59678775,0.65202326,1.1660894,0.6819488,0.6472478,0.78492975,0.70753485,0.5609029,0.5638923,1.0982205,1.1276513,0.8798927,0.57642525,0.59511954,0.75449294,0.60641426,0.68081594,0.68081594,0.57642525,0.5876576,0.57642525,0.6135022,0.63900405,1.1276513,0.6260387,0.6819643,0.6882205,1.1802816,0.6323312,0.5561012,1.1208546,0.5906022,0.6083355,0.5406521,1.091062,0.59359574,0.6329846,0.6570919,0.70829606,0.592197,0.57868433,0.6188641,0.50580174,0.73290706,0.9126257,0.9337895,1.1188748,0.7494056,0.92050797,0.66779226,0.5421866,0.55609703,0.57201093,0.57642525,0.5848832,0.7978909,0.5872939,0.5872939,0.6039869,0.6000817
0.9207576,0.2026853,0.5570249,0.8682052,0.87701,0.46624294,0.5321359,0.49793935,0.21947308,0.4761153,0.55384356,0.0,0.18994968,0.25786892,0.8066807,0.4945572,0.22511278,0.55610806,0.5249135,0.18994968,0.86006004,0.8682052,0.52525526,0.5918126,0.87701,0.94829696,0.46499485,0.45185333,0.5164896,1.1959019,0.55610806,0.6472236,0.8250015,0.6767115,0.15676749,0.3917249,1.122294,1.1487162,0.9484008,0.18994968,0.24876371,0.8329619,0.57337123,0.5847677,0.5847677,0.18994968,0.31248197,0.18994968,0.59957266,0.8063643,1.1487162,0.73166955,0.64704955,0.6621387,1.1646804,0.46045884,0.3860409,1.1416683,0.51460755,0.56387544,0.37962082,1.1026138,0.30237162,0.5996193,0.5252413,0.70097303,0.5994048,0.2026853,0.74485517,0.3622054,0.8551409,0.96227175,0.92847717,1.1179549,0.7923909,0.927209,0.30056122,0.09795345,0.3490651,0.5258488,0.18994968,0.52525526,0.95538783,0.35229102,0.35229102,0.4113256,0.32723793
0.9033492,0.087434515,0.49791074,0.8929994,0.9052727,0.4973186,0.5521068,0.4953256,0.029523402,0.5180383,0.57642525,0.18994968,0.0,0.09119182,0.8069101,0.4962109,0.31273255,0.5558724,0.54278576,0.0,0.8555012,0.8929994,0.56541675,0.64573896,0.9052727,0.92597336,0.45593417,0.34632763,0.53538316,1.1960897,0.5558724,0.6616125,0.6449711,0.67896724,0.24433713,0.37953755,1.0369177,1.0594304,0.95295453,0.0,0.058814034,0.818853,0.57788664,0.6241141,0.6241141,0.0,0.14580485,0.0,0.53797626,0.8043606,1.0594304,0.7200024,0.6612727,0.67706954,1.1699053,0.42193556,0.32174852,1.0525434,0.54829836,0.44825807,0.27409512,1.1221588,0.14195001,0.6095257,0.47248316,0.70643723,0.6010046,0.087434515,0.74291265,0.25889462,0.85199827,0.96083075,0.86330765,1.0531172,0.8110343,0.86035216,0.19076622,0.1855231,0.2765298,0.5563791,0.0,0.56541675,0.94215375,0.20179981,0.20179981,0.28532392,0.23626503
0.9107809,0.14888994,0.5028419,0.89547914,0.83611584,0.52942735,0.5288142,0.4596772,0.11860877,0.54038763,0.5683783,0.25786892,0.09119182,0.0,0.8200056,0.5400506,0.34837377,0.56079155,0.56286055,0.09119182,0.8637546,0.89547914,0.5208553,0.6838395,0.83611584,0.93375695,0.46433184,0.3795798,0.5462108,1.1996819,0.56079155,0.66728866,0.6755998,0.68302864,0.23115352,0.3899818,1.036968,1.0667647,0.96584594,0.09119182,0.14646764,0.77777785,0.5457608,0.5681097,0.5681097,0.09119182,0.05461303,0.09119182,0.54080623,0.81359655,1.0667647,0.72708344,0.6655991,0.68195003,1.1675298,0.45635757,0.26816365,1.0604416,0.5042323,0.46742523,0.3073473,1.1382835,0.14952037,0.57929826,0.48435503,0.709149,0.55205166,0.14888994,0.72222424,0.2940453,0.8619917,0.95633936,0.88442725,1.0746531,0.7979335,0.885046,0.24602301,0.17606565,0.21403374,0.583999,0.09119182,0.5208553,0.93613493,0.13299136,0.13299136,0.22359322,0.14649203
0.7717591,0.8092705,0.6734213,1.189138,1.192057,0.72790223,0.7630111,0.8997475,0.7968975,0.93930453,0.5584768,0.8066807,0.8069101,0.8200056,0.0,0.89059025,0.83349144,0.8004157,0.75696087,0.8069101,0.34968832,1.189138,0.9182544,0.80891263,1.192057,0.8231731,0.8100953,0.7734265,0.8052724,1.1719347,0.8004157,0.82367617,0.86570126,0.7833583,0.80852807,0.7840457,1.1091578,1.13958,0.9376517,0.8069101,0.79516476,0.95647585,0.8378086,0.95474434,0.95474434,0.8069101,0.80843085,0.8069101,0.68413264,0.27308002,1.13958,0.8252235,0.8196274,0.80443424,1.1746712,0.7439934,0.7998005,1.1314427,0.91993463,0.758025,0.7670936,1.1009669,0.78477424,0.90610003,0.7412314,0.83395386,0.78364086,0.8092705,0.752565,0.7775653,0.57353914,0.94471747,1.0065092,1.1183784,0.8861554,1.0024251,0.8716008,0.8202308,0.8081357,0.595572,0.8069101,0.9182544,0.83189166,0.7960214,0.7960214,0.7912517,0.8172314
0.9649175,0.508186,0.7097628,0.8883635,0.8980919,0.6591855,0.7002531,0.15166251,0.50810015,0.5336368,0.76292545,0.4945572,0.4962109,0.5400506,0.89059025,0.0,0.49881113,0.5784074,0.647534,0.4962109,0.87791514,0.8883635,0.7784471,0.73196054,0.8980919,0.9921372,0.5995217,0.7338789,0.6343361,1.0945691,0.5784074,0.7021961,1.0003829,0.69292235,0.5471047,0.5311981,1.0835036,1.1301646,1.0810198,0.4962109,0.5550249,0.9236154,0.745781,0.7932795,0.7932795,0.4962109,0.5946636,0.4962109,0.7169823,0.8339256,1.1301646,0.5922097,0.5119394,0.5283101,1.1013857,0.7110858,0.5964525,1.1226214,0.77812856,0.8064621,0.69355583,0.9517868,0.58316207,0.8408818,0.6429938,0.6723433,0.7296825,0.508186,0.81569916,0.69193757,0.8787356,1.0374411,0.9884599,1.0410382,0.9557014,1.0372366,0.53525156,0.48829067,0.58019215,0.71800154,0.4962109,0.7784471,0.95557994,0.60918987,0.60918987,0.6444672,0.5957516
0.9423142,0.28796744,0.5608872,0.7412641,0.7549298,0.5716858,0.63674814,0.4936417,0.3144144,0.2629354,0.6428135,0.22511278,0.31273255,0.34837377,0.83349144,0.49881113,0.0,0.567186,0.5761569,0.31273255,0.89972144,0.7412641,0.5926742,0.63761127,0.7549298,0.9696721,0.53318226,0.51471967,0.53606176,1.1908821,0.567186,0.6675742,0.90083724,0.68895894,0.31830817,0.41903812,1.1411556,1.1651965,0.97892594,0.31273255,0.37154657,0.89665747,0.63705796,0.537259,0.537259,0.31273255,0.40298682,0.31273255,0.59605473,0.842732,1.1651965,0.79635775,0.6738517,0.692767,1.1557384,0.465666,0.46663898,1.1554533,0.5818853,0.6455452,0.47429752,1.1432087,0.41660368,0.66629356,0.55346245,0.7108772,0.65498555,0.28796744,0.7921749,0.47140503,0.9060835,0.9804028,0.9662063,1.155513,0.83968353,0.9728829,0.31514803,0.25949416,0.43627226,0.55696607,0.31273255,0.5926742,0.9856568,0.44163117,0.44163117,0.42260027,0.41852003
0.87647015,0.57017004,0.667731,0.98635334,0.98899156,0.56885964,0.6280821,0.61159176,0.55744624,0.67593974,0.6819488,0.55610806,0.5558724,0.56079155,0.8004157,0.5784074,0.567186,0.0,0.54547614,0.5558724,0.80291754,0.98635334,0.61639863,0.6665935,0.98899156,0.9033294,0.47274196,0.6624888,0.1687723,1.06925,0.0,0.24655746,0.9584271,0.6821513,0.6052902,0.45719776,1.0991952,1.1360301,1.008008,0.5558724,0.59829175,0.8198328,0.673578,0.69175977,0.69175977,0.5558724,0.604284,0.5558724,0.6762372,0.79397124,1.1360301,0.65943515,0.50878394,0.49047238,1.1233648,0.6249445,0.4895284,1.1226169,0.68235034,0.74403274,0.62886196,1.0660218,0.5899355,0.7471297,0.6335377,0.2677642,0.6004191,0.57017004,0.72500753,0.6355778,0.7614914,0.9334129,0.97302055,1.1116135,0.8478304,0.9723887,0.6398736,0.56287086,0.4934009,0.694032,0.5558724,0.61639863,0.83788615,0.59764916,0.59764916,0.5984422,0.6082201
0.9079524,0.5607419,0.6272882,1.0331845,1.0453522,0.21724895,0.3703454,0.7106083,0.5265891,0.74072534,0.40502465,0.5249135,0.54278576,0.56286055,0.75696087,0.647534,0.5761569,0.54547614,0.0,0.54278576,0.73334247,1.0331845,0.5840436,0.63818437,1.0453522,0.9311766,0.4725604,0.5203103,0.5188496,1.1217042,0.54547614,0.5295029,0.8779968,0.69373286,0.5763902,0.42984903,1.092209,1.1279519,0.93927485,0.54278576,0.5765773,0.7240705,0.601397,0.63912815,0.63912815,0.54278576,0.5968201,0.54278576,0.66042435,0.7517213,1.1279519,0.5844768,0.5392638,0.5579104,1.162201,0.61189544,0.51616466,1.1193923,0.5909473,0.64637375,0.46815184,1.0765629,0.56684303,0.66995054,0.6012114,0.5647542,0.51928985,0.5607419,0.68399477,0.4577798,0.6882076,0.9143112,0.96761745,1.1227775,0.7778569,0.9568655,0.6466271,0.54259866,0.5229013,0.63780665,0.54278576,0.5840436,0.8316373,0.5853835,0.5853835,0.5865806,0.60214907
0.9033492,0.087434515,0.49791074,0.8929994,0.9052727,0.4973186,0.5521068,0.4953256,0.029523402,0.5180383,0.57642525,0.18994968,0.0,0.09119182,0.8069101,0.4962109,0.31273255,0.5558724,0.54278576,0.0,0.8555012,0.8929994,0.56541675,0.64573896,0.9052727,0.92597336,0.45593417,0.34632763,0.53538316,1.1960897,0.5558724,0.6616125,0.6449711,0.67896724,0.24433713,0.37953755,1.0369177,1.0594304,0.95295453,0.0,0.058814034,0.818853,0.57788664,0.6241141,0.6241141,0.0,0.14580485,0.0,0.53797626,0.8043606,1.0594304,0.7200024,0.6612727,0.67706954,1.1699053,0.42193556,0.32174852,1.0525434,0.54829836,0.44825807,0.27409512,1.1221588,0.14195001,0.6095257,0.47248316,0.70643723,0.6010046,0.087434515,0.74291265,0.25889462,0.85199827,0.96083075,0.86330765,1.0531172,0.8110343,0.86035216,0.19076622,0.1855231,0.2765298,0.5563791,0.0,0.56541675,0.94215375,0.20179981,0.20179981,0.28532392,0.23626503
0.8085457,0.8565607,0.7189276,1.1976638,1.1945254,0.7037355,0.73148686,0.8867908,0.84548855,0.96574223,0.6276258,0.86006004,0.8555012,0.8637546,0.34968832,0.87791514,0.89972144,0.80291754,0.73334247,0.8555012,0.0,1.1976638,0.8896558,0.8283433,1.1945254,0.8613019,0.73484766,0.8381813,0.77724487,1.145507,0.80291754,0.81538004,0.9180864,0.82396406,0.857161,0.73073673,1.0870348,1.1275213,0.96585464,0.8555012,0.84373444,0.8400112,0.8312859,0.8970387,0.8970387,0.8555012,0.85179436,0.8555012,0.72850233,0.31178343,1.1275213,0.71687895,0.7758389,0.7570216,1.1624472,0.78441,0.82443935,1.1187891,0.86060464,0.816967,0.8322582,1.0548528,0.83617043,0.9292067,0.7807084,0.80857986,0.7308046,0.8565607,0.755465,0.8419507,0.29868457,0.97753996,1.0398457,1.1083052,0.89988875,1.0354472,0.89728403,0.86910725,0.8339322,0.65228873,0.8555012,0.8896558,0.7688997,0.8424415,0.8424415,0.8557492,0.86221135
1.2055688,0.86274743,1.0387903,0.0,0.294226,1.0411793,1.0807854,0.85862124,0.89309394,0.59331393,1.0793099,0.8682052,0.8929994,0.89547914,1.189138,0.8883635,0.7412641,0.98635334,1.0331845,0.8929994,1.1976638,0.0,0.8943977,1.2282263,0.294226,1.2202313,0.97280174,1.0312893,1.0165517,1.2898526,0.98635334,1.0727003,1.1983467,1.0199027,0.93159693,0.9432149,1.1876103,1.2119404,1.2686338,0.8929994,0.95181346,1.1046169,1.0729927,0.864488,0.864488,0.8929994,0.95009214,0.8929994,1.0384884,1.1851386,1.2119404,1.1026658,1.0369784,1.0472218,1.2221297,1.140944,0.95646966,1.1887332,0.89598536,1.0855622,0.99185693,1.2330967,0.9646082,0.97640103,1.0317695,1.0523317,1.0487411,0.86274743,1.1273415,0.98726505,1.2306021,1.2410036,1.2322388,1.2697339,1.1721599,1.2407749,0.8273665,0.8727829,0.94425404,1.1222246,0.8929994,0.8943977,1.2214159,0.9621033,0.9621033,0.9617502,0.9667763
0.9541556,0.5526033,0.80852836,0.8943977,0.8155402,0.5200607,0.5080495,0.7016297,0.5949401,0.7890074,0.5848832,0.52525526,0.56541675,0.5208553,0.9182544,0.7784471,0.5926742,0.61639863,0.5840436,0.56541675,0.8896558,0.8943977,0.0,0.76825595,0.8155402,0.9616927,0.46190682,0.7330247,0.6665674,1.1954514,0.61639863,0.68455064,0.8616204,0.7869352,0.53769135,0.44569728,1.1011873,1.1352241,0.8886142,0.56541675,0.62423074,0.6030754,0.6555442,0.22002825,0.22002825,0.56541675,0.5754683,0.56541675,0.84589916,0.93358505,1.1352241,0.71718323,0.7132006,0.728294,1.1789923,0.7641871,0.52955395,1.1287754,0.1053874,0.7773763,0.66079223,1.087181,0.64018434,0.37230164,0.792879,0.72378206,0.56766313,0.5526033,0.73857856,0.6407591,0.84271884,1.0057381,0.9509664,1.1519064,0.784802,0.9408827,0.6072923,0.4788773,0.5096814,0.81933314,0.56541675,0.0,0.91552067,0.58962905,0.58962905,0.64344156,0.5874523
0.8590706,0.6317966,0.7190027,1.2282263,1.2290072,0.610375,0.67039216,0.7522666,0.6391382,0.83455604,0.6905942,0.5918126,0.64573896,0.6838395,0.80891263,0.73196054,0.63761127,0.6665935,0.63818437,0.64573896,0.8283433,1.2282263,0.76825595,0.0,1.2290072,0.8862104,0.7244568,0.6706668,0.7154439,1.1509455,0.6665935,0.6893289,0.8811868,0.74920475,0.6222948,0.5641548,1.1345962,1.172843,0.8756108,0.64573896,0.6375278,0.9477611,0.7252508,0.88520455,0.88520455,0.64573896,0.6752013,0.64573896,0.75107825,0.77148473,1.172843,0.82039547,0.77589273,0.780635,1.1956787,0.57356435,0.69784176,1.1620564,0.8659354,0.76836276,0.69220567,1.0511777,0.6461968,0.909336,0.6775143,0.7406212,0.76055896,0.6317966,0.8222836,0.7040094,0.81965613,0.9524942,0.9470129,1.13143,0.80794716,0.94679636,0.72579217,0.63035256,0.6902757,0.5996552,0.64573896,0.76825595,0.9038283,0.67974114,0.67974114,0.7100699,0.67838144
1.20968,0.8715856,1.046274,0.294226,0.0,1.0623293,1.0565456,0.7880315,0.90536726,0.6273471,1.0648519,0.87701,0.9052727,0.83611584,1.192057,0.8980919,0.7549298,0.98899156,1.0453522,0.9052727,1.1945254,0.294226,0.8155402,1.2290072,0.0,1.224697,0.98550177,1.0364645,1.0219461,1.2630302,0.98899156,1.0626178,1.2040604,1.0194539,0.86428136,0.9446215,1.1816463,1.2003467,1.2636123,0.9052727,0.9640868,1.0515065,1.0244994,0.7732794,0.7732794,0.9052727,0.8907289,0.9052727,1.0420994,1.1859429,1.2003467,1.1069602,1.0336854,1.0424787,1.2079431,1.1533244,0.908892,1.174728,0.81734806,1.0996445,1.0046854,1.2561548,0.9797772,0.90819883,1.0461433,1.0445015,1.0073316,0.8715856,1.1019255,1.0085586,1.2248467,1.2206163,1.239147,1.2838088,1.1378545,1.2461948,0.83439696,0.8054673,0.89125854,1.1272203,0.9052727,0.8155402,1.2017198,0.90996975,0.90996975,0.91719246,0.9043302
0.05920322,0.93467313,0.8464329,1.2202313,1.224697,0.92238444,0.9146118,0.99681014,0.9270621,1.092062,0.8087453,0.94829696,0.92597336,0.93375695,0.8231731,0.9921372,0.9696721,0.9033294,0.9311766,0.92597336,0.8613019,1.2202313,0.9616927,0.8862104,1.224697,0.0,0.95580006,0.93123114,0.8977452,1.2165277,0.9033294,0.90536755,0.843634,0.8558641,0.94574386,0.90695864,1.1218586,1.1650219,0.6660155,0.92597336,0.92086744,0.995457,0.9367299,0.9896402,0.9896402,0.92597336,0.9299004,0.92597336,0.8562374,0.8122,1.1650219,0.9485628,0.9255942,0.9273103,1.187186,0.8985783,0.90036654,1.1510137,0.96740204,0.71134305,0.9208807,1.0510521,0.90810394,1.0130445,0.9118199,0.9291699,0.95375574,0.93467313,0.865623,0.9274146,0.95176977,0.96216255,0.9154315,1.0426487,0.8274102,0.90888286,1.0056418,0.95063794,0.9082745,0.7970665,0.92597336,0.9616927,0.92203397,0.91435206,0.91435206,0.94043684,0.93941456
0.9302161,0.46337745,0.633093,0.97280174,0.98550177,0.45768547,0.5240864,0.60848266,0.4800644,0.64899445,0.5852628,0.46499485,0.45593417,0.46433184,0.8100953,0.5995217,0.53318226,0.47274196,0.4725604,0.45593417,0.73484766,0.97280174,0.46190682,0.7244568,0.98550177,0.95580006,0.0,0.6488352,0.46211892,1.1851062,0.47274196,0.62753356,0.88994706,0.6882605,0.5184863,0.23403125,1.1090257,1.1436498,0.9752918,0.45593417,0.50361377,0.63997185,0.6173945,0.4504466,0.4504466,0.45593417,0.51209396,0.45593417,0.64665204,0.8124727,1.1436498,0.49699655,0.58391905,0.60337114,1.1798787,0.58618206,0.44729418,1.1351217,0.38945755,0.696342,0.5766027,1.0978669,0.49527353,0.52536803,0.6063647,0.64142865,0.4304652,0.46337745,0.7062461,0.565748,0.6664663,0.99075425,1.0145748,1.1308582,0.87488097,1.0075179,0.53536767,0.47266302,0.40962267,0.64203453,0.45593417,0.46190682,0.8205231,0.50207895,0.50207895,0.5381569,0.5210076
0.90720206,0.40684068,0.49640045,1.0312893,1.0364645,0.5288677,0.63077265,0.7437108,0.34187955,0.72525376,0.59678775,0.45185333,0.34632763,0.3795798,0.7734265,0.7338789,0.51471967,0.6624888,0.5203103,0.34632763,0.8381813,1.0312893,0.7330247,0.6706668,1.0364645,0.93123114,0.6488352,0.0,0.5994445,1.181039,0.6624888,0.67880434,0.72303015,0.73052096,0.4386702,0.55321884,1.0483422,1.0796986,0.92572826,0.34632763,0.31061167,0.83547956,0.58446777,0.74272794,0.74272794,0.34632763,0.34403184,0.34632763,0.5345702,0.7711874,1.0796986,0.7953629,0.70014405,0.71319366,1.1531345,0.5424492,0.48934683,1.0680078,0.7144707,0.4585334,0.07223251,1.1210096,0.3263123,0.7507469,0.48116353,0.72830087,0.64227784,0.40684068,0.78642064,0.10708286,0.821394,0.96246755,0.89113533,1.092926,0.77173984,0.8929469,0.48296714,0.47438616,0.48161852,0.63082075,0.34632763,0.7330247,0.9257511,0.3546106,0.3546106,0.3695419,0.3949109
0.87853277,0.56808853,0.6621448,1.0165517,1.0219461,0.54859334,0.5813861,0.6697658,0.53705454,0.7137576,0.65202326,0.5164896,0.53538316,0.5462108,0.8052724,0.6343361,0.53606176,0.1687723,0.5188496,0.53538316,0.77724487,1.0165517,0.6665674,0.7154439,1.0219461,0.8977452,0.46211892,0.5994445,0.0,1.086439,0.1687723,0.25924456,0.9401182,0.68652517,0.5631243,0.4233894,1.1087607,1.148623,0.9616497,0.53538316,0.5723144,0.76523006,0.63092005,0.60304266,0.60304266,0.53538316,0.5847174,0.53538316,0.6966568,0.80145764,1.148623,0.63067573,0.5151475,0.5008191,1.134864,0.61058223,0.49212778,1.1334813,0.60396457,0.704962,0.56607306,1.0644726,0.56490976,0.6493134,0.6424894,0.32893103,0.54581815,0.56808853,0.7326014,0.571805,0.7192656,0.93340045,0.9429696,1.1071159,0.7926266,0.94094324,0.657816,0.5258937,0.49639487,0.6909206,0.53538316,0.6665674,0.8584287,0.5760983,0.5760983,0.59081626,0.58720493
1.2154787,1.1939802,1.1796659,1.2898526,1.2630302,1.1248513,1.1238171,1.1168157,1.1990912,1.1886529,1.1660894,1.1959019,1.1960897,1.1996819,1.1719347,1.0945691,1.1908821,1.06925,1.1217042,1.1960897,1.145507,1.2898526,1.1954514,1.1509455,1.2630302,1.2165277,1.1851062,1.181039,1.086439,0.0,1.06925,0.8912438,1.2524606,1.1644914,1.1866266,1.168726,1.1540601,1.1721696,1.2239593,1.1960897,1.1873618,1.1785002,1.1801997,1.2083521,1.2083521,1.1960897,1.1915773,1.1960897,1.1763303,1.1455468,1.1721696,1.1344161,1.0070562,0.9991919,1.0624207,1.1524993,1.1794028,1.1674143,1.19931,1.2248344,1.1939753,1.1375268,1.1753298,1.2399371,1.1513226,0.8817683,1.1616919,1.1939802,1.1802624,1.2035278,1.1136485,1.1315118,1.1423186,1.1529827,1.1663822,1.1429504,1.1956844,1.1953543,1.1891292,1.1805165,1.1960897,1.1954514,1.1330137,1.1799083,1.1799083,1.1904488,1.1891124
0.87647015,0.57017004,0.667731,0.98635334,0.98899156,0.56885964,0.6280821,0.61159176,0.55744624,0.67593974,0.6819488,0.55610806,0.5558724,0.56079155,0.8004157,0.5784074,0.567186,0.0,0.54547614,0.5558724,0.80291754,0.98635334,0.61639863,0.6665935,0.98899156,0.9033294,0.47274196,0.6624888,0.1687723,1.06925,0.0,0.24655746,0.9584271,0.6821513,0.6052902,0.45719776,1.0991952,1.1360301,1.008008,0.5558724,0.59829175,0.8198328,0.673578,0.69175977,0.69175977,0.5558724,0.604284,0.5558724,0.6762372,0.79397124,1.1360301,0.65943515,0.50878394,0.49047238,1.1233648,0.6249445,0.4895284,1.1226169,0.68235034,0.74403274,0.62886196,1.0660218,0.5899355,0.7471297,0.6335377,0.2677642,0.6004191,0.57017004,0.72500753,0.6355778,0.7614914,0.9334129,0.97302055,1.1116135,0.8478304,0.9723887,0.6398736,0.56287086,0.4934009,0.694032,0.5558724,0.61639863,0.83788615,0.59764916,0.59764916,0.5984422,0.6082201
0.89409494,0.67141706,0.72574294,1.0727003,1.0626178,0.51164037,0.5705945,0.7343051,0.66297865,0.81263226,0.6472478,0.6472236,0.6616125,0.66728866,0.82367617,0.7021961,0.6675742,0.24655746,0.5295029,0.6616125,0.81538004,1.0727003,0.68455064,0.6893289,1.0626178,0.90536755,0.62753356,0.67880434,0.25924456,0.8912438,0.24655746,0.0,0.9585911,0.7387548,0.6809476,0.591184,1.0986983,1.1337895,0.9779624,0.6616125,0.6890295,0.8399936,0.65292937,0.7484869,0.7484869,0.6616125,0.69583786,0.6616125,0.75357103,0.80939764,1.1337895,0.6691255,0.4889937,0.45144045,1.1126521,0.70052963,0.61424965,1.1210281,0.73440766,0.76403975,0.6508623,1.0620644,0.6807861,0.78866684,0.7038374,0.12519224,0.66342175,0.67141706,0.7353226,0.6573049,0.7526464,0.89938647,0.9372743,1.1036869,0.8078721,0.9329044,0.76424915,0.6530903,0.6189457,0.74633795,0.6616125,0.68455064,0.8221714,0.6872642,0.6872642,0.7000161,0.69621855
0.8247887,0.6450343,0.8005204,1.1983467,1.2040604,0.7955726,0.83685637,0.9740287,0.6744945,1.0583574,0.78492975,0.8250015,0.6449711,0.6755998,0.86570126,1.0003829,0.90083724,0.9584271,0.8779968,0.6449711,0.9180864,1.1983467,0.8616204,0.8811868,1.2040604,0.843634,0.88994706,0.72303015,0.9401182,1.2524606,0.9584271,0.9585911,0.0,0.9450059,0.8199622,0.88981223,1.0436265,1.0679923,0.8312223,0.6449711,0.6380255,0.9393259,0.8515813,0.9441544,0.9441544,0.6449711,0.6689681,0.6449711,0.8235738,0.87931204,1.0679923,0.93751925,0.9095135,0.9136913,1.2174712,0.75843203,0.77973706,1.0572331,0.85940725,0.5328444,0.6899336,1.1072114,0.65241903,0.9777396,0.7839271,0.9850357,0.9120635,0.6450343,0.886332,0.6732008,0.9534405,0.97399014,0.87700456,1.0412036,0.9287947,0.8766852,0.72867656,0.8269078,0.77469647,0.82995963,0.6449711,0.8616204,0.95980316,0.6775255,0.6775255,0.7133141,0.7483759
0.83155835,0.6874145,0.74368596,1.0199027,1.0194539,0.6563038,0.699724,0.7065933,0.67711246,0.8044031,0.70753485,0.6767115,0.67896724,0.68302864,0.7833583,0.69292235,0.68895894,0.6821513,0.69373286,0.67896724,0.82396406,1.0199027,0.7869352,0.74920475,1.0194539,0.8558641,0.6882605,0.73052096,0.68652517,1.1644914,0.6821513,0.7387548,0.9450059,0.0,0.71383476,0.611757,1.0239973,1.1435009,0.94160104,0.67896724,0.71194494,0.85231245,0.73026514,0.8046071,0.8046071,0.67896724,0.71707803,0.67896724,0.74849266,0.74619687,1.1435009,0.76577073,0.67538714,0.6893844,1.1638643,0.73276997,0.5997444,1.1363125,0.7861342,0.77737033,0.6965399,1.0558122,0.6366686,0.8450995,0.65136814,0.6531778,0.6838091,0.6874145,0.75049347,0.7083436,0.8352048,0.9582726,0.9872657,1.1098077,0.8394441,0.9230105,0.7500977,0.6808571,0.65998363,0.76518714,0.67896724,0.7869352,0.90984607,0.6454577,0.6454577,0.7270971,0.7204902
0.91835475,0.31663305,0.53633606,0.93159693,0.86428136,0.5250154,0.5359832,0.46601248,0.2738605,0.56656647,0.5609029,0.15676749,0.24433713,0.23115352,0.80852807,0.5471047,0.31830817,0.6052902,0.5763902,0.24433713,0.857161,0.93159693,0.53769135,0.6222948,0.86428136,0.94574386,0.5184863,0.4386702,0.5631243,1.1866266,0.6052902,0.6809476,0.8199622,0.71383476,0.0,0.45753452,1.1213055,1.1659645,0.9513701,0.24433713,0.1855231,0.7522722,0.49610347,0.5824428,0.5824428,0.24433713,0.17654048,0.24433713,0.5770375,0.8011957,1.1659645,0.75532407,0.6817304,0.6958595,1.1511135,0.47684762,0.37404785,1.1424457,0.52715683,0.54070085,0.43594518,1.1218927,0.25489402,0.5920517,0.5102772,0.7316907,0.5094973,0.31663305,0.73968846,0.4207447,0.847378,0.9525598,0.93173873,1.1199366,0.74596435,0.9236977,0.40497592,0.058814034,0.33331227,0.5435901,0.24433713,0.53769135,0.9338681,0.22999361,0.22999361,0.29729444,0.19051705
0.8806286,0.39390618,0.6090785,0.9432149,0.9446215,0.44087285,0.502176,0.55223984,0.37346256,0.5796064,0.5638923,0.3917249,0.37953755,0.3899818,0.7840457,0.5311981,0.41903812,0.45719776,0.42984903,0.37953755,0.73073673,0.9432149,0.44569728,0.5641548,0.9446215,0.90695864,0.23403125,0.55321884,0.4233894,1.168726,0.45719776,0.591184,0.88981223,0.611757,0.45753452,0.0,1.1089883,1.148236,0.8972732,0.37953755,0.43413565,0.6581553,0.6088442,0.3800285,0.3800285,0.37953755,0.44459483,0.37953755,0.6320618,0.7904061,1.148236,0.59335923,0.5580556,0.578231,1.172893,0.5607093,0.44854555,1.1392783,0.36090377,0.68095344,0.5249063,1.107862,0.4228143,0.42872763,0.57689834,0.6200851,0.4375115,0.39390618,0.7106119,0.53671,0.6711633,0.95885795,0.9642434,1.1466491,0.77692103,0.96757483,0.47657195,0.40368754,0.41472563,0.60194254,0.37953755,0.44569728,0.87541384,0.47300562,0.47300562,0.5307004,0.45742112
1.127134,1.0392015,1.052096,1.1876103,1.1816463,1.0939331,1.0945531,1.0800238,1.0373603,1.1495056,1.0982205,1.122294,1.0369177,1.036968,1.1091578,1.0835036,1.1411556,1.0991952,1.092209,1.0369177,1.0870348,1.1876103,1.1011873,1.1345962,1.1816463,1.1218586,1.1090257,1.0483422,1.1087607,1.1540601,1.0991952,1.0986983,1.0436265,1.0239973,1.1213055,1.1089883,0.0,0.260829,1.146847,1.0369177,1.0400873,1.1002121,1.1035354,1.1344426,1.1344426,1.0369177,1.0393002,1.0369177,1.0521537,1.0841594,0.260829,1.0773492,1.0793395,1.0755814,1.1320255,1.0025707,0.98551714,0.17689736,1.1007627,1.07603,1.0471003,1.1046319,0.9672644,1.1586667,0.90722954,1.0083656,1.106823,1.0392015,1.0881081,1.0581671,1.0747532,1.1642958,1.0343881,1.0670469,1.0980817,0.96605057,1.0466442,1.1181358,1.0385536,1.119889,1.0369177,1.1011873,1.0855374,0.97940296,0.97940296,1.039929,1.1051111
1.1701766,1.0451752,1.0874858,1.2119404,1.2003467,1.1260917,1.1301845,1.1228151,1.0596646,1.1634009,1.1276513,1.1487162,1.0594304,1.0667647,1.13958,1.1301646,1.1651965,1.1360301,1.1279519,1.0594304,1.1275213,1.2119404,1.1352241,1.172843,1.2003467,1.1650219,1.1436498,1.0796986,1.148623,1.1721696,1.1360301,1.1337895,1.0679923,1.1435009,1.1659645,1.148236,0.260829,0.0,1.1811281,1.0594304,1.078574,1.1531917,1.1486028,1.1681653,1.1681653,1.0594304,1.0838684,1.0594304,1.0823236,1.122977,0.0,1.1137085,1.1210352,1.1200674,1.157322,1.0959326,1.0744106,0.105451025,1.1340672,1.1135741,1.0768474,1.1637199,1.0778488,1.1984633,1.0696008,1.128421,1.1501323,1.0451752,1.1495148,1.0838176,1.119222,1.1946883,1.0649239,1.0922692,1.1435254,1.0659959,1.0283282,1.1468209,1.0742475,1.1519473,1.0594304,1.1352241,1.1188694,1.0825319,1.0825319,1.0811045,1.1472152
0.67725664,0.9695456,0.9328635,1.2686338,1.2636123,0.91493225,0.9102966,1.0695237,0.95183754,1.1717573,0.8798927,0.9484008,0.95295453,0.96584594,0.9376517,1.0810198,0.97892594,1.008008,0.93927485,0.95295453,0.96585464,1.2686338,0.8886142,0.8756108,1.2636123,0.6660155,0.9752918,0.92572826,0.9616497,1.2239593,1.008008,0.9779624,0.8312223,0.94160104,0.9513701,0.8972732,1.146847,1.1811281,0.0,0.95295453,0.9517525,0.9995019,0.93062097,0.9216015,0.9216015,0.95295453,0.96446896,0.95295453,0.96348786,0.953243,1.1811281,1.0077071,0.9561195,0.9580927,1.2287806,0.9487968,0.951886,1.1745291,0.9001875,0.7578442,0.9185288,1.0545001,0.94264394,0.9661979,0.9676847,1.0284151,1.0068617,0.9695456,0.6538759,0.93033254,0.9758351,1.02957,0.9409949,1.0939113,0.84585464,0.93656546,1.055155,0.9519258,0.95921826,0.9174825,0.95295453,0.8886142,0.93308055,0.9541616,0.9541616,0.98377764,0.96832114
0.9033492,0.087434515,0.49791074,0.8929994,0.9052727,0.4973186,0.5521068,0.4953256,0.029523402,0.5180383,0.57642525,0.18994968,0.0,0.09119182,0.8069101,0.4962109,0.31273255,0.5558724,0.54278576,0.0,0.8555012,0.8929994,0.56541675,0.64573896,0.9052727,0.92597336,0.45593417,0.34632763,0.53538316,1.1960897,0.5558724,0.6616125,0.6449711,0.67896724,0.24433713,0.37953755,1.0369177,1.0594304,0.95295453,0.0,0.058814034,0.818853,0.57788664,0.6241141,0.6241141,0.0,0.14580485,0.0,0.53797626,0.8043606,1.0594304,0.7200024,0.6612727,0.67706954,1.1699053,0.42193556,0.32174852,1.0525434,0.54829836,0.44825807,0.27409512,1.1221588,0.14195001,0.6095257,0.47248316,0.70643723,0.6010046,0.087434515,0.74291265,0.25889462,0.85199827,0.96083075,0.86330765,1.0531172,0.8110343,0.86035216,0.19076622,0.1855231,0.2765298,0.5563791,0.0,0.56541675,0.94215375,0.20179981,0.20179981,0.28532392,0.23626503
0.8980491,0.14624855,0.47123125,0.95181346,0.9640868,0.52725077,0.5747974,0.5541396,0.08833744,0.57685226,0.59511954,0.24876371,0.058814034,0.14646764,0.79516476,0.5550249,0.37154657,0.59829175,0.5765773,0.058814034,0.84373444,0.95181346,0.62423074,0.6375278,0.9640868,0.92086744,0.50361377,0.31061167,0.5723144,1.1873618,0.59829175,0.6890295,0.6380255,0.71194494,0.1855231,0.43413565,1.0400873,1.078574,0.9517525,0.058814034,0.0,0.77937627,0.5377825,0.6829281,0.6829281,0.058814034,0.09185461,0.058814034,0.5113099,0.78989404,1.078574,0.7416008,0.69023895,0.70434445,1.164718,0.40589088,0.36319357,1.055055,0.6071124,0.41907677,0.30788666,1.1217883,0.08626525,0.6683397,0.4393558,0.7331809,0.5588304,0.14624855,0.76178825,0.29268616,0.8355862,0.9498899,0.85510814,1.039128,0.7837023,0.8487638,0.24958025,0.24433713,0.3225163,0.548826,0.058814034,0.62423074,0.9287833,0.1488271,0.1488271,0.2376375,0.18231478
0.98665756,0.8320499,0.8730543,1.1046169,1.0515065,0.7047403,0.66566277,0.8831767,0.8399813,1.0093063,0.75449294,0.8329619,0.818853,0.77777785,0.95647585,0.9236154,0.89665747,0.8198328,0.7240705,0.818853,0.8400112,1.1046169,0.6030754,0.9477611,1.0515065,0.995457,0.63997185,0.83547956,0.76523006,1.1785002,0.8198328,0.8399936,0.9393259,0.85231245,0.7522722,0.6581553,1.1002121,1.1531917,0.9995019,0.818853,0.77937627,0.0,0.27720392,0.6080201,0.6080201,0.818853,0.73733586,0.818853,0.87884456,0.9068247,1.1531917,0.7241995,0.7438315,0.7534775,1.1838841,0.8560004,0.72471124,1.1374567,0.54634315,0.8418456,0.83275455,1.087536,0.77249324,0.6539767,0.8339069,0.8313469,0.5416165,0.8320499,0.82452637,0.82726866,0.7781363,1.0349905,0.99812496,1.1356237,0.83998007,0.997297,0.88819265,0.7902895,0.7276585,0.90064484,0.818853,0.6030754,0.9069012,0.72837687,0.72837687,0.7564579,0.7405594
0.92011935,0.58830607,0.65815717,1.0729927,1.0244994,0.55079323,0.5545549,0.71076393,0.5978609,0.8187409,0.60641426,0.57337123,0.57788664,0.5457608,0.8378086,0.745781,0.63705796,0.673578,0.601397,0.57788664,0.8312859,1.0729927,0.6555442,0.7252508,1.0244994,0.9367299,0.6173945,0.58446777,0.63092005,1.1801997,0.673578,0.65292937,0.8515813,0.73026514,0.49610347,0.6088442,1.1035354,1.1486028,0.93062097,0.57788664,0.5377825,0.27720392,0.0,0.71207416,0.71207416,0.57788664,0.50711954,0.57788664,0.6873074,0.789512,1.1486028,0.72356576,0.6368871,0.6534268,1.169421,0.6352907,0.5138734,1.1314151,0.6503083,0.647487,0.58175594,1.1020452,0.5383355,0.7622271,0.63663614,0.69401336,0.53862125,0.58830607,0.7253808,0.57741004,0.78390324,0.9671096,0.9241801,1.1153576,0.7496823,0.9244619,0.67158383,0.5333856,0.5181228,0.67294514,0.57788664,0.6555442,0.8941742,0.5006743,0.5006743,0.5377322,0.50371677
0.9810285,0.6167115,0.8374864,0.864488,0.7732794,0.6342668,0.6115788,0.7200493,0.6246742,0.75571734,0.68081594,0.5847677,0.6241141,0.5681097,0.95474434,0.7932795,0.537259,0.69175977,0.63912815,0.6241141,0.8970387,0.864488,0.22002825,0.88520455,0.7732794,0.9896402,0.4504466,0.74272794,0.60304266,1.2083521,0.69175977,0.7484869,0.9441544,0.8046071,0.5824428,0.3800285,1.1344426,1.1681653,0.9216015,0.6241141,0.6829281,0.6080201,0.71207416,0.0,0.0,0.6241141,0.62272274,0.6241141,0.8742535,0.9747164,1.1681653,0.74388397,0.73980296,0.75374895,1.1955096,0.82624817,0.5905691,1.1587918,0.114640854,0.8272292,0.7006469,1.1101882,0.6992219,0.27080432,0.8383385,0.7942894,0.5691268,0.6167115,0.79804945,0.69746614,0.84684443,1.0142765,0.97988933,1.1822271,0.82003975,0.97299993,0.6774733,0.5236288,0.5680772,0.8667245,0.6241141,0.22002825,0.9552959,0.63397354,0.63397354,0.67790675,0.6308628
