0,1,2,3,4,5,6,7,8,9,10,11,12,13,14,15,16,17,18,19,20,21,22,23,24,25,26,27,28,29,30,31,32,33,34,35,36,37,38,39,40,41,42,43,44,45,46,47,48,49,50,51,52,53,54,55,56,57,58,59,60,61,62,63,64,65,66,67,68,69,70,71,72,73,74,75,76,77,78,79,80,81,82,83,84,85,86,87,88,89,90,91,92,93,94,95,96,97,98,99,100,101,102,103,104,105,106,107,108,109,110,111,112,113,114,115,116,117,118
0.0,0.8331563,1.0550114,1.0024539,0.7480013,0.75055027,0.886719,0.7927633,0.7776174,0.78961647,1.2055874,1.1338534,1.1700485,0.76850367,1.1700485,0.83487785,0.9406579,0.88916093,0.24998307,0.7893638,0.7333324,0.71255153,0.2350525,0.7198544,0.65532476,0.8698725,1.1591897,1.1637614,0.9615676,0.44602215,1.1543694,0.9507336,0.35557678,0.89448595,0.47787198,0.9494702,0.8743808,1.1543694,0.8883994,1.1720071,1.1543694,1.2079864,0.9009826,0.7134388,0.8807978,0.99118704,0.35203084,0.8782095,0.26952466,0.2350525,0.82407725,0.684084,0.923167,1.0098914,0.7777069,0.9963342,0.94089925,1.0948592,0.89448595,0.7550622,0.76296085,0.7563876,0.28343785,0.7555086,0.7550932,0.7991901,0.72650415,0.7598584,0.4679866,0.9093712,0.9093712,0.758512,0.86102146,0.85475606,0.67559546,0.9763096,0.8883994,0.68874604,0.7151415,0.83599454,1.1700485,0.7198544,0.7333324,0.3468636,0.8886347,0.36247703,0.7837063,0.89042526,0.7959525,0.77682453,0.6803729,1.0933746,1.0696015,0.88916093,0.7220042,0.7686199,0.77193105,0.76715416,0.91925114,0.7167432,0.7785998,0.86648446,0.98943734,0.92552876,1.0518286,0.7535437,0.89448595,0.8649557,0.90466857,0.71255153,0.24998307,0.7198544,0.8942592,0.28343785,0.39803344,0.49161214,0.7096725,0.9170767,0.934089
0.8331563,0.0,1.0794123,1.027767,1.0017507,0.9779189,1.1401575,1.1460735,1.1359999,1.1262141,1.235871,1.1805234,1.2475368,1.1168749,1.2475368,1.0991317,1.1627678,1.1453065,0.9962744,1.1318548,0.9378459,0.9265672,0.992358,0.9462869,0.9758696,1.046746,1.1906999,1.1569562,1.0791484,1.0037395,1.2469357,0.9889808,1.0048325,1.1457406,1.0310662,1.0270646,0.924617,1.2469357,1.1213412,1.1732485,1.2469357,1.2275703,0.93345606,0.874955,0.9786212,0.9620817,0.9643478,1.1407671,1.076436,0.992358,0.6288752,0.95610255,0.93418634,1.1113939,0.9574801,0.81455463,0.9163067,1.0652025,1.1457406,0.9231497,0.9796031,0.9406342,1.008364,0.96892035,0.94294804,0.90820247,0.94967836,0.9106175,1.0068424,1.147436,1.147436,0.92640096,1.0321268,1.0303622,1.0133934,1.0913179,1.1213412,1.0205027,1.0878834,0.99361706,1.2475368,0.9462869,0.9378459,1.0015789,0.8908618,0.9901872,0.90758795,0.92026013,0.91307664,1.0565752,0.9502703,1.168921,1.1129333,1.1453065,0.92826974,0.9832397,0.95906526,0.9430061,1.0384167,1.0163958,1.0525422,1.044832,1.1239201,0.93218863,1.1153818,0.9763464,1.1457406,0.944841,1.0311455,0.9265672,0.9962744,0.9462869,1.1587834,1.008364,1.0307176,1.0496793,1.0022224,0.8700029,0.9632719
1.0550114,1.0794123,0.0,1.0534583,1.0570831,1.0516388,0.9831642,1.0825727,1.0868413,1.0830437,1.2579465,1.1614532,1.2954297,1.0497845,1.2954297,1.0341821,1.1717843,1.1236376,1.0431015,1.0901327,1.0235753,1.0330902,1.0416063,1.0418386,1.0665786,1.1069068,1.1958244,1.18921,1.0647691,1.0725762,1.2660416,1.145205,1.0641183,1.1022981,1.0626357,1.0354369,1.0944308,1.2660416,1.0939447,1.1935155,1.2660416,1.2871469,1.1156743,1.0405346,0.9938579,1.1255665,1.0640571,1.0805378,1.0508379,1.0416063,1.0134337,1.007738,1.0520549,0.99805695,1.0349069,1.1054183,1.1032985,1.1431754,1.1022981,1.0301342,1.0539935,1.0312238,1.0605391,1.0367427,1.0378263,1.0218682,1.0242385,1.0231481,1.0840471,1.133695,1.133695,1.0297948,1.008529,1.0468707,0.9979843,1.1531332,1.0939447,0.99604946,1.0372801,1.0143789,1.2954297,1.0418386,1.0235753,1.0529444,1.0132877,1.0762239,1.0462254,1.1087283,1.0439205,0.8816155,1.0177141,1.2262079,1.1102761,1.1236376,1.0169964,1.0365977,1.0293705,1.0335821,1.0615624,0.9923215,0.9474034,1.0723119,0.9577719,1.0699899,1.068137,1.0266495,1.1022981,1.0681535,1.0546151,1.0330902,1.0431015,1.0418386,1.1093383,1.0605391,1.074222,1.096739,1.0772638,1.0407634,1.0565804
1.0024539,1.027767,1.0534583,0.0,0.7427721,0.77527034,0.9629693,1.156533,1.1436336,1.1350182,1.1282411,1.0001011,1.2107406,1.103516,1.2107406,0.996429,1.2125599,1.1623856,1.0455828,1.1364201,0.7603215,0.76144826,1.0413693,0.82705,0.8649326,0.72349083,1.0935519,1.1511497,1.1223248,1.0618654,1.1413594,0.76665336,1.0604217,1.1103982,0.9217739,0.48300523,0.7301989,1.1413594,1.0944341,1.1277815,1.1413594,1.2012391,0.7570753,0.7802267,1.0378556,0.7563224,1.0149509,1.1472999,1.0596755,1.0413693,0.9638888,0.818763,0.71755576,0.8357105,0.94195604,1.105535,0.8711618,0.8299792,1.1103982,0.89006704,0.92113996,0.739371,1.0549083,0.6936881,0.7963085,0.67954284,0.81188303,0.787196,1.0854778,1.1863947,1.1863947,0.92974174,0.88881683,0.5621894,0.84347725,1.1939144,1.0944341,0.82087725,1.1007811,0.8261009,1.2107406,0.82705,0.7603215,1.0603037,0.7795173,1.0741476,0.80083585,0.73814636,0.6744386,0.9504567,0.90031576,1.0891787,0.8528863,1.1623856,0.87669593,0.7440405,0.8970604,0.80383146,0.46487555,0.92542243,0.9125459,0.44496894,1.0556633,0.7895628,0.91259784,0.7146737,1.1103982,0.7729939,0.45802277,0.76144826,1.0455828,0.82705,1.0537901,1.0549083,1.0283235,1.0471873,0.9148421,0.83281237,0.70263094
0.7480013,1.0017507,1.0570831,0.7427721,0.0,0.2231364,0.73976815,0.8244951,0.7742907,0.77119213,1.1957545,1.169737,1.2751272,0.77152896,1.2751272,0.7112617,0.862287,0.84973323,0.7294243,0.7803292,0.45620462,0.47834027,0.68022215,0.62608373,0.46288845,0.6736499,1.1423194,1.084223,0.91199934,0.76465595,1.2602546,0.93252635,0.6990931,0.719164,0.5917505,0.7022577,0.9199592,1.2602546,0.7624658,1.0715482,1.2602546,1.183505,0.95063347,0.61018044,0.82736456,0.85641474,0.65220284,0.7979153,0.81471795,0.68022215,0.9264524,0.36409438,0.8486128,0.8006276,0.59626245,1.0801466,0.89180744,0.92673576,0.719164,0.58998585,0.69126076,0.5346156,0.741943,0.41950402,0.5214349,0.5151546,0.5024922,0.58986557,0.76756537,0.84643245,0.84643245,0.5938319,0.6626905,0.6049504,0.54256076,0.9750103,0.7624658,0.5092311,0.75954515,0.65156364,1.2751272,0.62608373,0.45620462,0.68685377,0.74333113,0.76593554,0.6296313,0.8469536,0.68947995,0.66003007,0.5937473,1.053986,0.8337264,0.84973323,0.55195224,0.441711,0.55594474,0.4691954,0.53773403,0.49987373,0.6112091,0.4961803,0.92409426,0.9493687,0.9118164,0.38202342,0.719164,0.7211929,0.48014864,0.47834027,0.7294243,0.62608373,0.64176524,0.741943,0.7817299,0.7392806,0.5516986,0.73909056,0.81680936
0.75055027,0.9779189,1.0516388,0.77527034,0.2231364,0.0,0.72751117,0.84798896,0.78770524,0.7804293,1.1862713,1.1815838,1.2791203,0.82148516,1.2791203,0.81413966,0.9573728,0.7984526,0.7339581,0.78830206,0.5305045,0.55103236,0.6701941,0.5767564,0.4175557,0.61257637,1.1442071,1.10364,0.91549593,0.7405094,1.2541773,0.9036631,0.6994709,0.8295167,0.5666001,0.74086887,0.8906183,1.2541773,0.8113746,1.086193,1.2541773,1.192971,0.92056173,0.5866569,0.74463165,0.80909723,0.6531593,0.8249275,0.8175424,0.6701941,0.89560485,0.34315714,0.81551653,0.8233107,0.59401184,1.0493001,0.8745884,0.8843294,0.8295167,0.5668881,0.64723706,0.6011116,0.75278425,0.5293384,0.58421934,0.46220642,0.45336202,0.4716941,0.77363163,0.88082886,0.88082886,0.5774001,0.61025226,0.693065,0.5140067,1.0281627,0.8113746,0.43757638,0.738804,0.60308546,1.2791203,0.5767564,0.5305045,0.6999938,0.68865937,0.77014923,0.5259492,0.82550365,0.65974146,0.6452984,0.5540966,1.0605074,0.862479,0.7984526,0.531056,0.5621093,0.54846376,0.53569376,0.65996933,0.5160241,0.6009876,0.6428709,0.92964303,0.9131148,0.92279714,0.5121315,0.8295167,0.752688,0.5830736,0.55103236,0.7339581,0.5767564,0.81254214,0.75278425,0.7883542,0.74566364,0.44627857,0.7255365,0.8001392
0.886719,1.1401575,0.9831642,0.9629693,0.73976815,0.72751117,0.0,0.9889546,0.93739086,0.9247649,1.2225922,1.1771717,1.3005471,0.8583405,1.3005471,0.87224585,1.043433,1.0186864,0.92647064,0.9344039,0.8111516,0.8670979,0.84340924,0.85285205,0.7875072,0.85985446,1.1607265,1.1738677,0.75259435,0.91202545,1.2750252,1.0888016,0.9020382,0.9754961,0.7988246,0.9406318,1.0244145,1.2750252,0.97228175,1.1617209,1.2750252,1.2194957,1.0974838,0.88691217,0.8358546,1.0405726,0.88717574,0.9894688,0.91547894,0.84340924,1.0274334,0.7091346,0.96411145,0.86864835,0.89407635,1.1558385,0.97519696,1.0529495,0.9754961,0.8721391,0.77220553,0.9246106,0.94046247,0.87477005,0.9148817,0.7954612,0.76062244,0.7949576,0.90679795,0.99080116,0.99080116,0.88052845,0.7065095,0.8744515,0.78493106,1.1138837,0.97228175,0.7041936,0.7727327,0.8744523,1.3005471,0.85285205,0.8111516,0.88763636,0.88501066,0.9165599,0.83342576,1.0074563,0.8575177,0.6294974,0.79729915,1.1396224,0.9288562,1.0186864,0.84063363,0.8961601,0.85933703,0.8648939,0.9146864,0.66468954,0.66238374,0.910787,0.89378816,1.0568757,1.0052077,0.80260515,0.9754961,1.024842,0.8148684,0.8670979,0.92647064,0.85285205,0.96951175,0.94046247,0.95922536,0.9187522,0.8397906,0.92842484,0.9949376
0.7927633,1.1460735,1.0825727,1.156533,0.8244951,0.84798896,0.9889546,0.0,0.4863664,0.45264468,1.2183539,1.145947,1.073634,0.60090715,1.073634,0.6468355,0.75882626,0.71188426,0.6007476,0.52012074,0.84184855,0.831726,0.75995606,0.8651461,0.80879384,0.8848847,1.1645329,0.9650672,0.86530226,0.7407114,1.0454333,1.1155533,0.7859988,0.56325424,0.83518505,1.0379487,1.0498012,1.0454333,0.41333666,0.985949,1.0454333,1.1725417,1.0617292,0.87393874,0.7947579,1.1599573,0.7252667,0.29619724,0.72389364,0.75995606,1.0847452,0.7547745,1.0208826,1.0135738,0.77554595,1.162926,1.1584483,1.18093,0.56325424,0.8247189,0.98941463,0.8692284,0.71385986,0.7948521,0.86289954,0.9109678,0.8576051,0.8829214,0.82623595,0.61950386,0.61950386,0.72905827,1.0024288,0.8476991,0.75348383,0.9372325,0.41333666,0.8399737,0.79285413,0.9064739,1.073634,0.8651461,0.84184855,0.784241,1.0861219,0.8594337,0.9828591,1.0566368,1.0100942,0.787599,0.7613698,1.0269033,1.0394169,0.71188426,0.6353653,0.8131471,0.76462644,0.8491002,0.9719241,0.8438294,0.7879961,0.92096204,1.0016596,1.0389469,1.1187919,0.79942065,0.56325424,0.9634221,0.95319736,0.831726,0.6007476,0.8651461,0.5071649,0.71385986,0.65722716,0.73148024,0.7769115,0.98794866,0.98228455
0.7776174,1.1359999,1.0868413,1.1436336,0.7742907,0.78770524,0.93739086,0.4863664,0.0,0.17981662,1.1364312,1.1648101,1.2550378,0.7453395,1.2550378,0.69856364,0.67946696,0.6140501,0.78042954,0.30666962,0.7546959,0.73958516,0.62122107,0.7116932,0.68776435,0.9161211,1.0677297,1.0308274,0.90554494,0.78339016,1.2481444,1.1967663,0.74174535,0.46002218,0.7966444,1.0100862,1.145472,1.2481444,0.37551138,1.0317298,1.2481444,1.0553328,1.1695776,0.77437913,0.8126831,1.0994945,0.67582655,0.44468722,0.7386797,0.62122107,1.0702245,0.6000247,1.0929636,0.9972515,0.71073043,1.1395725,1.0448325,1.1052969,0.46002218,0.76011103,0.93287843,0.8411551,0.8138843,0.7215618,0.7765226,0.8059232,0.714768,0.7863723,0.77477014,0.5294946,0.5294946,0.7384133,0.9401986,0.895322,0.8260955,0.92449754,0.37551138,0.701725,0.76297307,0.96377474,1.2550378,0.7116932,0.7546959,0.73303217,0.9924259,0.8118663,0.8768692,1.146127,0.9190032,0.689496,0.5962091,1.1742282,0.98959434,0.6140501,0.6505359,0.7421793,0.7093509,0.77761734,0.9190022,0.7472764,0.67908734,0.8620622,0.98740375,1.129195,1.077478,0.7317986,0.46002218,0.96241206,0.85930604,0.73958516,0.78042954,0.7116932,0.35471252,0.8138843,0.73756635,0.66372365,0.8419244,0.89694077,1.0464599
0.78961647,1.1262141,1.0830437,1.1350182,0.77119213,0.7804293,0.9247649,0.45264468,0.17981662,0.0,1.1314152,1.1661173,1.2500217,0.7303632,1.2500217,0.6686688,0.6761429,0.45263618,0.7693926,0.16015066,0.74891603,0.7291611,0.61018413,0.6236337,0.6152019,0.913075,1.0657141,1.0237008,0.8870977,0.77325684,1.2431283,1.1858729,0.7307084,0.45822382,0.78480583,0.99651587,1.1421707,1.2431283,0.35114044,1.008909,1.2431283,1.0472966,1.1656659,0.75985116,0.78893423,1.0881472,0.67626506,0.41655412,0.73021656,0.61018413,1.053661,0.57887524,1.0895594,0.9943872,0.6881908,1.1120955,1.0358306,1.0941365,0.45822382,0.73830867,0.9177286,0.83079964,0.8028474,0.71131027,0.7671749,0.7974667,0.7045937,0.7795786,0.7633861,0.4990407,0.4990407,0.71610516,0.8568276,0.86769116,0.82472485,0.9181221,0.35114044,0.6988453,0.74463797,0.95307285,1.2500217,0.6236337,0.74891603,0.72199523,0.9836545,0.8014852,0.8706257,1.1379642,0.9180507,0.5982153,0.57504904,1.1692121,1.0035607,0.45263618,0.6276631,0.7348904,0.6868112,0.7744568,0.90994555,0.6829892,0.5868119,0.8524606,0.9841741,1.1257508,1.0866417,0.7245098,0.45822382,0.950837,0.8512868,0.7291611,0.7693926,0.6236337,0.35362935,0.8028474,0.7409504,0.6660379,0.8418461,0.8942501,1.0425484
1.2055874,1.235871,1.2579465,1.1282411,1.1957545,1.1862713,1.2225922,1.2183539,1.1364312,1.1314152,0.0,0.891552,0.64088386,1.2682829,0.64088386,1.2781764,1.0316148,1.057949,1.2058942,1.1381034,1.1458912,1.1375577,1.1463349,1.171469,1.1829493,1.2816973,0.67476845,1.0307698,1.2591597,1.1441071,0.35240188,0.9650506,1.1533037,1.0736383,1.1745435,1.2719998,0.7650508,0.35240188,1.1058488,1.310033,0.35240188,1.0400087,0.7116987,1.1443206,1.2370054,0.9259469,1.1695392,1.2334062,1.2091745,1.1463349,1.255228,1.1362387,0.8796693,1.2717465,1.1992567,1.1906722,1.1809673,0.916848,1.0736383,1.1686596,1.1773674,1.2334487,1.2253021,1.1673898,1.1448963,1.1429299,1.1785719,1.1502987,1.1566861,1.1178268,1.1178268,1.1716363,1.173741,1.2780992,1.227864,1.2642561,1.1058488,1.1727325,1.1517608,1.206456,0.64088386,1.171469,1.1458912,1.1550275,1.1368169,1.1433747,1.1378887,0.91568214,1.0554006,1.2083362,1.1297605,0.65210116,1.2735332,1.057949,1.1734425,1.1763573,1.1992105,1.16291,1.201397,1.1972936,1.2014501,1.2002878,1.2509091,0.8123366,1.2564039,1.1767372,1.0736383,1.2397048,1.148138,1.1375577,1.2058942,1.171469,1.1261933,1.2253021,1.2382582,1.185336,1.2640351,1.0241809,0.90560937
1.1338534,1.1805234,1.1614532,1.0001011,1.169737,1.1815838,1.1771717,1.145947,1.1648101,1.1661173,0.891552,0.0,0.9701121,1.1779425,0.9701121,1.1782398,1.1804465,1.2148433,1.1420683,1.1733079,1.1651804,1.1743114,1.1490142,1.2058876,1.1818672,1.2055447,0.80356526,1.1527748,1.197801,1.1718931,0.7903272,1.1268877,1.1628461,1.1283739,1.1759757,1.2056109,0.9709595,0.7903272,1.1381769,1.1623236,0.7903272,1.2486691,0.97737765,1.2031733,1.1726342,1.1245297,1.1528738,1.1871753,1.160477,1.1490142,1.1876731,1.1616096,1.0099707,1.2117953,1.196916,1.2398522,1.2216676,1.1144205,1.1283739,1.1831077,1.1587195,1.1974365,1.1546065,1.1939859,1.1796366,1.1873828,1.1761053,1.1859494,1.1700097,1.1531025,1.1531025,1.1886407,1.2135009,1.1972463,1.1876913,1.2082924,1.1381769,1.209873,1.158643,1.2001666,0.9701121,1.2058876,1.1651804,1.1624501,1.1988457,1.172327,1.1846846,1.061766,1.0443746,1.1923921,1.1744951,0.94096327,1.2000308,1.2148433,1.1830446,1.1887766,1.2000554,1.1903665,1.2139775,1.1944731,1.1901408,1.2056994,1.2148265,1.0076052,1.2155435,1.1797715,1.1283739,1.219824,1.1833915,1.1743114,1.1420683,1.2058876,1.1597357,1.1546065,1.1517202,1.1591196,1.1962836,1.1929431,1.0344123
1.1700485,1.2475368,1.2954297,1.2107406,1.2751272,1.2791203,1.3005471,1.073634,1.2550378,1.2500217,0.64088386,0.9701121,0.0,1.2139946,0.0,1.3118398,1.1438457,1.2003552,1.1766176,1.237885,1.2447041,1.2346971,1.2563192,1.256819,1.2658321,1.3333039,0.5098767,1.1875162,1.3076818,1.2481501,0.34635422,0.7783044,1.266222,1.2068278,1.2804312,1.3151603,0.8805633,0.34635422,1.2288616,1.3408191,0.34635422,1.1616172,0.83231753,1.2520481,1.2710183,0.86349773,1.2730116,1.2965229,1.1780984,1.2563192,1.2909783,1.2554656,0.980705,1.3293842,1.29258,1.2325667,1.2886019,0.9027278,1.2068278,1.2564875,1.2733493,1.2779212,1.1940831,1.2540361,1.2463055,1.2499732,1.2642566,1.2575125,1.2662343,1.2334266,1.2334266,1.2757895,1.277408,1.3222196,1.207714,1.2530488,1.2288616,1.2765977,1.2666522,1.1408037,0.0,1.256819,1.2447041,1.2638401,1.2471765,1.2603604,1.2414751,0.71391714,1.2342234,1.2969568,1.2578048,0.22760822,1.2758459,1.2003552,1.2726475,1.2613256,1.2889684,1.2493378,1.2803918,1.2768682,1.2780899,1.2821628,1.3026562,0.9228137,1.284263,1.2609702,1.2068278,1.2884203,1.2559412,1.2346971,1.1766176,1.256819,1.2429386,1.1940831,1.298339,1.2812736,1.2421421,1.2090601,0.98546255
0.76850367,1.1168749,1.0497845,1.103516,0.77152896,0.82148516,0.8583405,0.60090715,0.7453395,0.7303632,1.2682829,1.1779425,1.2139946,0.0,1.2139946,0.3568819,0.9533167,0.7939559,0.6615247,0.7612864,0.7920707,0.78440905,0.7377605,0.84866506,0.79542285,0.893679,1.2059764,0.9919386,0.7098788,0.8268514,1.2006657,1.1146411,0.7242775,0.72867507,0.78183323,0.98019946,1.0588156,1.2006657,0.6880508,0.96960366,1.2006657,1.2391188,1.0910609,0.88809544,0.66411024,1.1586888,0.72837645,0.7087997,0.69343865,0.7377605,0.99391776,0.75181997,0.97056705,0.9351414,0.76614475,1.1697356,1.1174258,1.1845512,0.72867507,0.8120632,0.91651666,0.83248633,0.65213853,0.798305,0.8355365,0.8710793,0.83739275,0.8458709,0.816638,0.8968008,0.8968008,0.78650165,0.9471993,0.851584,0.74428165,0.9746884,0.6880508,0.8235224,0.7141368,0.82237023,1.2139946,0.84866506,0.7920707,0.71815944,1.0235995,0.82769173,0.96054626,1.0574273,0.95573276,0.7315006,0.7867626,1.1215878,0.9613218,0.7939559,0.7614964,0.8016605,0.75753903,0.7936594,0.8660264,0.8194531,0.7351957,0.87908983,0.93583584,0.9957206,1.0596379,0.76785785,0.72867507,0.92697495,0.9121691,0.78440905,0.6615247,0.84866506,0.7228826,0.65213853,0.8012943,0.7592945,0.7251341,0.89329123,0.93024874
1.1700485,1.2475368,1.2954297,1.2107406,1.2751272,1.2791203,1.3005471,1.073634,1.2550378,1.2500217,0.64088386,0.9701121,0.0,1.2139946,0.0,1.3118398,1.1438457,1.2003552,1.1766176,1.237885,1.2447041,1.2346971,1.2563192,1.256819,1.2658321,1.3333039,0.5098767,1.1875162,1.3076818,1.2481501,0.34635422,0.7783044,1.266222,1.2068278,1.2804312,1.3151603,0.8805633,0.34635422,1.2288616,1.3408191,0.34635422,1.1616172,0.83231753,1.2520481,1.2710183,0.86349773,1.2730116,1.2965229,1.1780984,1.2563192,1.2909783,1.2554656,0.980705,1.3293842,1.29258,1.2325667,1.2886019,0.9027278,1.2068278,1.2564875,1.2733493,1.2779212,1.1940831,1.2540361,1.2463055,1.2499732,1.2642566,1.2575125,1.2662343,1.2334266,1.2334266,1.2757895,1.277408,1.3222196,1.207714,1.2530488,1.2288616,1.2765977,1.2666522,1.1408037,0.0,1.256819,1.2447041,1.2638401,1.2471765,1.2603604,1.2414751,0.71391714,1.2342234,1.2969568,1.2578048,0.22760822,1.2758459,1.2003552,1.2726475,1.2613256,1.2889684,1.2493378,1.2803918,1.2768682,1.2780899,1.2821628,1.3026562,0.9228137,1.284263,1.2609702,1.2068278,1.2884203,1.2559412,1.2346971,1.1766176,1.256819,1.2429386,1.1940831,1.298339,1.2812736,1.2421421,1.2090601,0.98546255
0.83487785,1.0991317,1.0341821,0.996429,0.7112617,0.81413966,0.87224585,0.6468355,0.69856364,0.6686688,1.2781764,1.1782398,1.3118398,0.3568819,1.3118398,0.0,0.93126005,0.8072555,0.74070066,0.70674324,0.7651898,0.76663125,0.7233172,0.83034533,0.7826344,0.8694334,1.2231501,0.97597617,0.7415911,0.84728223,1.2983787,1.1800462,0.7362982,0.66551214,0.77639574,0.8575088,1.1376095,1.2983787,0.61473525,0.93400294,1.2983787,1.2125642,1.1680144,0.8446307,0.5733816,1.1538489,0.6706383,0.6358281,0.7873891,0.7233172,0.9651116,0.73627937,1.0314181,0.8918309,0.7148982,1.14944,1.0774759,1.1725934,0.66551214,0.7954898,0.9051434,0.77454305,0.7466665,0.6700173,0.8039575,0.82511693,0.81738216,0.8337076,0.8202511,0.84458894,0.84458894,0.76569754,0.955116,0.7455504,0.8107651,0.8041042,0.61473525,0.82047385,0.7149405,0.762438,1.3118398,0.83034533,0.7651898,0.73765856,1.0085305,0.820757,0.9507935,1.1355017,0.9438574,0.7132235,0.7591426,1.2172614,0.92683464,0.8072555,0.68049824,0.690735,0.71120334,0.7913311,0.8491007,0.8113054,0.71774477,0.77217776,0.90010756,1.062864,1.0264666,0.6577434,0.66551214,0.79477614,0.8473612,0.76663125,0.74070066,0.83034533,0.5944541,0.7466665,0.7044924,0.7385948,0.82522243,0.85751045,0.9681356
0.9406579,1.1627678,1.1717843,1.2125599,0.862287,0.9573728,1.043433,0.75882626,0.67946696,0.6761429,1.0316148,1.1804465,1.1438457,0.9533167,1.1438457,0.93126005,0.0,0.7804337,0.93980604,0.67507255,0.8027925,0.76941156,0.8753895,0.91899914,0.9002987,1.079616,0.9481028,1.1855232,1.1110843,0.8237738,1.1484294,1.1777372,0.88239837,0.43643966,0.9315929,1.1673778,1.1404756,1.1484294,0.6222358,1.2518679,1.1484294,0.8639688,1.1489803,0.8087338,1.0454671,1.0707465,0.8321936,0.76207054,0.94828403,0.8753895,1.1179472,0.8384,1.1259389,1.1440647,0.87869143,1.1315066,1.1220157,1.0601175,0.43643966,0.89150304,1.0286826,0.8723733,0.95453733,0.74821484,0.80795026,0.9668777,0.9364479,0.9856969,0.8163735,0.46408936,0.46408936,0.917493,1.004208,1.042071,0.9758514,0.91940624,0.6222358,0.92849314,0.92113364,1.0741253,1.1438457,0.91899914,0.8027925,0.8760469,1.057374,0.8524365,0.97101265,1.1258913,0.99130934,0.92915237,0.82737225,1.0773277,1.2111558,0.7804337,0.8252192,0.7958592,0.87032115,0.80936897,0.97319037,0.9370232,0.91274863,0.91384363,1.112463,1.140337,1.2236371,0.7947739,0.43643966,1.0869435,0.91877437,0.76941156,0.93980604,0.91899914,0.4884713,0.95453733,0.9224621,0.82031125,0.99139255,1.053611,1.1507821
0.88916093,1.1453065,1.1236376,1.1623856,0.84973323,0.7984526,1.0186864,0.71188426,0.6140501,0.45263618,1.057949,1.2148433,1.2003552,0.7939559,1.2003552,0.8072555,0.7804337,0.0,0.8179979,0.35343185,0.77751046,0.77028424,0.7299845,0.6063145,0.65449876,0.9588592,1.003759,0.9835552,0.9597582,0.8154291,1.1832191,1.1783522,0.7709293,0.5920371,0.82255423,1.0317048,1.1201215,1.1832191,0.6120724,0.9951737,1.1832191,1.0366849,1.1391947,0.8571204,0.79098094,1.0749991,0.7845584,0.71746457,0.81070864,0.7299845,1.1031946,0.735333,1.104522,1.033503,0.80723727,1.1150079,1.0569243,1.0746629,0.5920371,0.6574091,0.97475135,0.873246,0.8430682,0.8041246,0.78878,0.8311036,0.7147505,0.7390587,0.8268851,0.8138093,0.8138093,0.7735063,0.89499193,0.9198404,0.8486243,1.0150192,0.6120724,0.79382366,0.7900802,0.9718952,1.2003552,0.6063145,0.77751046,0.7813234,0.9995585,0.8393443,0.712471,1.1253358,0.95201087,0.7295858,0.7121268,1.1177723,1.0608579,0.0,0.755747,0.8175936,0.8025123,0.8078311,0.93201673,0.71803457,0.6424517,0.8856112,1.0274756,1.1131164,1.1346909,0.8126674,0.5920371,0.9639335,0.8765794,0.77028424,0.8179979,0.6063145,0.6619705,0.8430682,0.86466074,0.7839003,0.8895727,0.898143,1.0456427
0.24998307,0.9962744,1.0431015,1.0455828,0.7294243,0.7339581,0.92647064,0.6007476,0.78042954,0.7693926,1.2058942,1.1420683,1.1766176,0.6615247,1.1766176,0.74070066,0.93980604,0.8179979,0.0,0.76909435,0.7202947,0.7162266,0.15920848,0.7736207,0.68460363,0.79949266,1.1430812,1.0853173,0.8628337,0.3002612,1.1540936,1.0111583,0.18525124,0.80705833,0.3336121,0.9384504,0.9362989,1.1540936,0.8017198,1.0909722,1.1540936,1.2331951,0.9742247,0.800894,0.78908724,1.0563635,0.30487162,0.6748396,0.22429657,0.15920848,0.94552326,0.6376567,0.9561441,0.95262253,0.6412038,1.0239948,1.0289012,1.0957392,0.80705833,0.6083584,0.7958084,0.75306034,0.11311229,0.7424376,0.752992,0.78841174,0.7676948,0.7335226,0.3999754,0.8845132,0.8845132,0.53179234,0.89105064,0.70799613,0.6321545,0.97860336,0.8017198,0.73214716,0.60461205,0.79893637,1.1766176,0.7736207,0.7202947,0.18349347,0.94327164,0.29133043,0.84662926,0.95376754,0.86698765,0.7629866,0.62564087,1.0898762,0.9525231,0.8179979,0.4948674,0.74584675,0.629227,0.73739594,0.90651494,0.73608834,0.7630908,0.86001223,0.9397899,0.98086584,0.9968472,0.723601,0.80705833,0.8551681,0.896782,0.7162266,0.0,0.7736207,0.7982336,0.11311229,0.27188087,0.45077908,0.66449714,0.9164172,0.93228656
0.7893638,1.1318548,1.0901327,1.1364201,0.7803292,0.78830206,0.9344039,0.52012074,0.30666962,0.16015066,1.1381034,1.1733079,1.237885,0.7612864,1.237885,0.70674324,0.67507255,0.35343185,0.76909435,0.0,0.7404683,0.7182947,0.6098859,0.53038806,0.54013187,0.9161132,1.0628978,1.0395179,0.9142645,0.766587,1.2366906,1.1709592,0.73041016,0.478023,0.785561,1.0035572,1.1359853,1.2366906,0.4263593,1.0339929,1.2366906,1.070038,1.1561654,0.7592853,0.8234624,1.074834,0.67658013,0.52221787,0.72454286,0.6098859,1.064073,0.5960643,1.0901824,1.0012459,0.69610286,1.1168414,1.0291433,1.0764138,0.478023,0.6372277,0.9209194,0.82043916,0.8025491,0.6996777,0.7530101,0.79810756,0.618514,0.77930325,0.7600011,0.59659934,0.59659934,0.71655977,0.860074,0.8816503,0.8294957,0.91065526,0.4263593,0.7033553,0.7524823,0.94924,1.237885,0.53038806,0.7404683,0.721697,0.9829249,0.800227,0.7633962,1.1248598,0.9171564,0.6089347,0.5879292,1.1585093,1.0148988,0.35343185,0.6290189,0.72713315,0.69523,0.766968,0.90481144,0.62778014,0.517404,0.85135317,0.9850004,1.1211222,1.0910902,0.71822125,0.478023,0.9513591,0.84675163,0.7182947,0.76909435,0.53038806,0.4406052,0.8025491,0.7412516,0.6666295,0.85352707,0.8958253,1.0420651
0.7333324,0.9378459,1.0235753,0.7603215,0.45620462,0.5305045,0.8111516,0.84184855,0.7546959,0.74891603,1.1458912,1.1651804,1.2447041,0.7920707,1.2447041,0.7651898,0.8027925,0.77751046,0.7202947,0.7404683,0.0,0.09707914,0.6360198,0.42675817,0.46760827,0.6497167,1.1008012,0.9948051,0.95311916,0.75868046,1.2334032,0.6993269,0.6712502,0.565114,0.54132634,0.5955208,0.64915687,1.2334032,0.6692059,0.9995831,1.2334032,1.0566587,0.74755126,0.40110344,0.8075082,0.6234113,0.6076098,0.82600284,0.7284521,0.6360198,0.87868094,0.5001928,0.7917777,0.90820354,0.5261195,1.0265168,0.5587898,0.7203202,0.565114,0.40076312,0.67872375,0.19150098,0.73711926,0.23343962,0.1686476,0.26949376,0.4881854,0.2942968,0.7735207,0.8809106,0.8809106,0.47856405,0.5940563,0.6102913,0.36032736,0.9747009,0.6692059,0.34902132,0.7871947,0.5780745,1.2447041,0.42675817,0.0,0.66600716,0.54562587,0.7542767,0.49016893,0.720724,0.42799586,0.56012297,0.46944162,1.1648993,0.8717018,0.77751046,0.41028175,0.32372087,0.47171596,0.19256862,0.5236051,0.5416023,0.50556374,0.48049057,0.9370546,0.79407793,0.85756576,0.20359285,0.565114,0.5634908,0.48020664,0.09707914,0.7202947,0.42675817,0.64047384,0.73711926,0.7194984,0.6553306,0.52328664,0.44836938,0.65970266
0.71255153,0.9265672,1.0330902,0.76144826,0.47834027,0.55103236,0.8670979,0.831726,0.73958516,0.7291611,1.1375577,1.1743114,1.2346971,0.78440905,1.2346971,0.76663125,0.76941156,0.77028424,0.7162266,0.7182947,0.09707914,0.0,0.62338483,0.421913,0.52177346,0.70386684,1.0973903,0.9885561,0.97178715,0.74597955,1.2293415,0.7006161,0.66106814,0.5327662,0.5654792,0.65567225,0.6840845,1.2293415,0.6442245,1.0017172,1.2293415,1.0280443,0.71057975,0.34167117,0.8154777,0.57161826,0.6247332,0.81698567,0.70567,0.62338483,0.8664821,0.5014477,0.80074686,0.918536,0.5362561,1.0154731,0.58547777,0.6758384,0.5327662,0.42623547,0.75165087,0.10296174,0.7332071,0.22028258,0.16523783,0.20746824,0.50743496,0.33053443,0.76443064,0.8679298,0.8679298,0.5039453,0.66550267,0.6654732,0.4573091,0.96106607,0.6442245,0.42429066,0.7911173,0.63886243,1.2346971,0.421913,0.09707914,0.655518,0.51429033,0.741721,0.45013094,0.679023,0.46050158,0.6147112,0.52372473,1.1626658,0.87994087,0.77028424,0.42281744,0.32252598,0.4818526,0.2184235,0.5266198,0.5946733,0.560152,0.47015306,0.94215155,0.7983471,0.87219167,0.26907176,0.5327662,0.5243483,0.47237983,0.0,0.7162266,0.421913,0.6105668,0.7332071,0.7079171,0.63947654,0.6092557,0.39887637,0.66411597
0.2350525,0.992358,1.0416063,1.0413693,0.68022215,0.6701941,0.84340924,0.75995606,0.62122107,0.61018413,1.1463349,1.1490142,1.2563192,0.7377605,1.2563192,0.7233172,0.8753895,0.7299845,0.15920848,0.6098859,0.6360198,0.62338483,0.0,0.6370832,0.56985044,0.8300767,1.0798897,1.0693324,0.85773987,0.31519178,1.2402364,1.0855621,0.12052431,0.7142166,0.2768884,0.92178065,1.0203619,1.2402364,0.708878,1.0714973,1.2402364,1.1403533,1.0581385,0.72591853,0.7716559,0.9884583,0.24446557,0.7368742,0.20936598,0.0,0.9433536,0.5026438,1.019777,0.94474536,0.5745805,0.997054,0.9360595,1.0211457,0.7142166,0.54889387,0.73305523,0.72634655,0.19266325,0.6723791,0.6680964,0.69557,0.63796175,0.6455092,0.33524844,0.81563264,0.81563264,0.54377604,0.8308297,0.7531458,0.7055014,0.9742051,0.708878,0.59484124,0.53823113,0.8501238,1.2563192,0.6370832,0.6360198,0.11181111,0.8682962,0.22772612,0.75861585,1.0348539,0.7834596,0.64804083,0.4868712,1.170238,0.93094724,0.7299845,0.5059721,0.67972594,0.5690075,0.668932,0.8559826,0.63665426,0.64817846,0.8074161,0.9321281,1.0577614,0.97341317,0.6600076,0.7142166,0.85402316,0.8111691,0.62338483,0.15920848,0.6370832,0.71529365,0.19266325,0.3539985,0.38605216,0.73015267,0.8255372,0.9749026
0.7198544,0.9462869,1.0418386,0.82705,0.62608373,0.5767564,0.85285205,0.8651461,0.7116932,0.6236337,1.171469,1.2058876,1.256819,0.84866506,1.256819,0.83034533,0.91899914,0.6063145,0.7736207,0.53038806,0.42675817,0.421913,0.6370832,0.0,0.33311468,0.6989091,1.1273977,1.1121645,0.9764351,0.7106075,1.2498842,0.8158074,0.7419749,0.7956067,0.5883361,0.7650779,0.83025825,1.2498842,0.79747915,1.1065577,1.2498842,1.1380852,0.8538837,0.4218062,0.81119084,0.6425082,0.68962103,0.8478225,0.7268092,0.6370832,0.80598104,0.44064617,0.73805034,0.9196419,0.5020245,0.98736864,0.6908987,0.73097295,0.7956067,0.32578215,0.6746722,0.41812912,0.8044018,0.3351894,0.38507888,0.3915521,0.22180764,0.47106227,0.8336083,0.90885895,0.90885895,0.4698878,0.56217283,0.6529664,0.57663107,1.0024959,0.79747915,0.33440256,0.8230211,0.6431308,1.256819,0.0,0.42675817,0.7334697,0.55331814,0.8128185,0.49833164,0.8204536,0.6119297,0.5217038,0.36957166,1.1845195,0.91335934,0.6063145,0.41177973,0.4372675,0.44762102,0.44017598,0.59836733,0.49640438,0.3913198,0.5510979,0.9515913,0.7437385,0.95088744,0.47299102,0.7956067,0.693043,0.5927187,0.421913,0.7736207,0.0,0.8041166,0.8044018,0.76887995,0.728567,0.5815214,0.59969,0.6685912
0.65532476,0.9758696,1.0665786,0.8649326,0.46288845,0.4175557,0.7875072,0.80879384,0.68776435,0.6152019,1.1829493,1.1818672,1.2658321,0.79542285,1.2658321,0.7826344,0.9002987,0.65449876,0.68460363,0.54013187,0.46760827,0.52177346,0.56985044,0.33311468,0.0,0.6429251,1.1360852,1.1129959,0.9220635,0.63670105,1.2559572,0.9260535,0.6585103,0.76307195,0.58952194,0.6493033,0.79198194,1.2559572,0.7592831,1.1006824,1.2559572,1.171208,0.870131,0.5104012,0.8197732,0.7875431,0.6073886,0.78922075,0.72097063,0.56985044,0.8376738,0.47836408,0.77838826,0.91191983,0.51836693,1.0379329,0.7709107,0.8622416,0.76307195,0.48968586,0.50056696,0.52286386,0.7108708,0.44527662,0.42511955,0.52507913,0.32957426,0.52099377,0.7270427,0.8437136,0.8437136,0.50806046,0.39120865,0.6615344,0.48226508,0.95341533,0.7592831,0.3053381,0.755675,0.5506188,1.2658321,0.33311468,0.46760827,0.64840394,0.6750478,0.7213827,0.5219393,0.8357817,0.5627916,0.38981482,0.29855487,1.1840806,0.86714303,0.65449876,0.5313145,0.38935634,0.56239676,0.53037655,0.63129765,0.24814337,0.34748107,0.5909587,0.9387514,0.8229134,0.8906518,0.44792604,0.76307195,0.7435829,0.6394094,0.52177346,0.68460363,0.33311468,0.76096076,0.7108708,0.72696096,0.6908112,0.552141,0.77080876,0.7856235
0.8698725,1.046746,1.1069068,0.72349083,0.6736499,0.61257637,0.85985446,0.8848847,0.9161211,0.913075,1.2816973,1.2055447,1.3333039,0.893679,1.3333039,0.8694334,1.079616,0.9588592,0.79949266,0.9161132,0.6497167,0.70386684,0.8300767,0.6989091,0.6429251,0.0,1.2481184,1.1089368,0.9702579,0.84127873,1.307294,0.98293185,0.86275244,0.92635304,0.71172196,0.61716825,0.92739415,1.307294,0.91562206,1.0740672,1.307294,1.2304189,0.9933252,0.73665583,0.87701374,0.950245,0.8233535,0.8573883,0.9164089,0.8300767,0.9749489,0.7001544,0.9194519,0.8356552,0.736192,1.1158183,0.85720277,1.0090606,0.92635304,0.6997898,0.75070155,0.6803597,0.87117445,0.69182426,0.7298515,0.68930334,0.7225945,0.6590516,0.9237471,1.0250373,1.0250373,0.66241986,0.7830679,0.42627499,0.66166395,1.0746958,0.91562206,0.64177614,0.9218935,0.7145295,1.3333039,0.6989091,0.6497167,0.860942,0.8420208,0.92518437,0.810276,0.98728806,0.7541121,0.74932384,0.6657768,1.2514122,0.7212786,0.9588592,0.6335279,0.7238593,0.704748,0.72250855,0.57512003,0.680948,0.7191322,0.5706626,0.97057277,0.9523921,0.79764855,0.64997894,0.92635304,0.7745974,0.60225785,0.70386684,0.79949266,0.6989091,0.9085476,0.87117445,0.8246633,0.89037997,0.4931493,0.7971622,0.85913944
1.1591897,1.1906999,1.1958244,1.0935519,1.1423194,1.1442071,1.1607265,1.1645329,1.0677297,1.0657141,0.67476845,0.80356526,0.5098767,1.2059764,0.5098767,1.2231501,0.9481028,1.003759,1.1430812,1.0628978,1.1008012,1.0973903,1.0798897,1.1273977,1.1360852,1.2481184,0.0,1.1190139,1.2218219,1.058454,0.794905,0.88536495,1.09077,1.0004365,1.1173202,1.246725,0.9705713,0.794905,1.0354261,1.2655443,0.794905,1.0276588,0.96240187,1.1047114,1.186093,0.6738352,1.1107482,1.1762223,1.1466646,1.0798897,1.2004502,1.074733,1.0269358,1.2316991,1.147679,1.1527225,1.1527272,0.7017977,1.0004365,1.1061451,1.1221634,1.2003521,1.1629089,1.1147892,1.1094104,1.1141706,1.1300728,1.1086885,1.0696638,1.0222782,1.0222782,1.1258931,1.1489851,1.229191,1.20233,1.1749249,1.0354261,1.1429749,1.0739563,1.1170563,0.5098767,1.1273977,1.1008012,1.0860257,1.0920078,1.0789526,1.1043558,0.8132815,1.0698853,1.1636862,1.0743852,0.43150488,1.1950972,1.003759,1.1207551,1.1265749,1.1418544,1.1134701,1.1718527,1.1583625,1.1409973,1.169715,1.2084131,0.9991297,1.2173594,1.1209763,1.0004365,1.2255462,1.111262,1.0973903,1.1430812,1.1273977,1.0508299,1.1629089,1.187667,1.1115891,1.2226573,1.0766027,1.0355496
1.1637614,1.1569562,1.18921,1.1511497,1.084223,1.10364,1.1738677,0.9650672,1.0308274,1.0237008,1.0307698,1.1527748,1.1875162,0.9919386,1.1875162,0.97597617,1.1855232,0.9835552,1.0853173,1.0395179,0.9948051,0.9885561,1.0693324,1.1121645,1.1129959,1.1089368,1.1190139,0.0,1.0358446,1.1839218,1.000617,1.1922312,1.1048961,0.77897716,1.122134,1.0222676,1.0497048,1.000617,0.73194605,0.4711137,1.000617,0.82576185,1.0624807,1.2148443,1.003643,1.1758018,1.1095684,1.0255882,1.0838139,1.0693324,1.1454142,1.0846454,1.0428497,1.0982757,1.1312989,1.189512,1.1060947,1.1983553,0.77897716,1.1098511,1.1719081,1.0052717,1.1040167,1.0936697,1.004638,0.98295474,1.0941273,1.0934782,1.2023443,1.1819396,1.1819396,1.1020603,1.191853,1.0900155,1.1220118,1.227595,0.73194605,1.112922,1.0552105,1.0653659,1.1875162,1.1121645,0.9948051,1.1069385,1.1844805,1.1975553,1.1747429,1.1305753,1.1743594,1.1108558,1.0995449,1.1072203,1.0464977,0.9835552,1.1092429,1.1000135,1.1317596,1.1183577,1.0878855,1.1308792,1.1040614,1.0770617,1.1581519,1.0400718,1.098953,1.0915854,0.77897716,1.0654743,1.0143789,0.9885561,1.0853173,1.1121645,0.9757034,1.1040167,1.1220044,1.1281407,1.1253948,0.8137196,0.9102373
0.9615676,1.0791484,1.0647691,1.1223248,0.91199934,0.91549593,0.75259435,0.86530226,0.90554494,0.8870977,1.2591597,1.197801,1.3076818,0.7098788,1.3076818,0.7415911,1.1110843,0.9597582,0.8628337,0.9142645,0.95311916,0.97178715,0.85773987,0.9764351,0.9220635,0.9702579,1.2218219,1.0358446,0.0,0.96355957,1.2780339,1.1844807,0.8529263,0.9004359,0.8828997,1.0398482,1.1464287,1.2780339,0.8889309,1.0052491,1.2780339,1.2558295,1.1806384,1.0728014,0.5766324,1.1783694,0.85141313,0.83587635,0.9539336,0.85773987,0.9917945,0.8923704,1.0831578,0.92816544,0.88836604,1.1145922,1.1252967,1.1868578,0.9004359,0.92025566,0.8646896,1.0029409,0.8588967,0.99584055,0.9990047,0.9599589,0.9604694,0.94793123,0.942688,1.0527055,1.0527055,0.88687915,1.0100693,0.96557826,0.96669996,1.1447909,0.8889309,0.96953225,0.78519803,0.99208665,1.3076818,0.9764351,0.95311916,0.83575827,0.9863422,0.95229894,1.066049,1.1593132,1.0341558,0.929177,0.9138728,1.2178338,0.9417887,0.9597582,0.8869292,0.9906765,0.8895355,0.9687374,1.0496688,0.9057515,0.929266,1.0506992,0.9111603,1.1206378,1.0594233,0.9609859,0.9004359,1.0517703,1.0246899,0.97178715,0.8628337,0.9764351,0.92039466,0.8588967,0.95316863,0.9252948,0.88671076,0.96761864,1.0328072
0.44602215,1.0037395,1.0725762,1.0618654,0.76465595,0.7405094,0.91202545,0.7407114,0.78339016,0.77325684,1.1441071,1.1718931,1.2481501,0.8268514,1.2481501,0.84728223,0.8237738,0.8154291,0.3002612,0.766587,0.75868046,0.74597955,0.31519178,0.7106075,0.63670105,0.84127873,1.058454,1.1839218,0.96355957,0.0,1.2269853,1.0964044,0.34102005,0.8042453,0.4538137,1.0009533,1.0321512,1.2269853,0.7956721,1.1939621,1.2269853,1.1472865,1.0518018,0.5928578,0.8921392,0.8928755,0.4226083,0.72984076,0.47880012,0.31519178,0.84819263,0.65027845,0.96379685,1.005928,0.6634183,1.0019228,0.9609969,0.91184735,0.8042453,0.6401548,0.7129515,0.74522984,0.41315898,0.6565257,0.6845188,0.717235,0.7200389,0.79094446,0.24966018,0.7972143,0.7972143,0.5720962,0.7851591,0.7808525,0.7956199,0.9938268,0.7956721,0.6633981,0.6147662,0.8634327,1.2481501,0.7106075,0.75868046,0.33686855,0.77719116,0.26018587,0.8148154,1.0496618,0.8138509,0.793182,0.5401675,1.1657933,1.0649796,0.8154291,0.52205044,0.6824605,0.6514459,0.7634472,0.857611,0.7644623,0.79043055,0.8107398,0.9997313,0.9719111,1.09897,0.7474987,0.8042453,0.9419871,0.8178602,0.74597955,0.3002612,0.7106075,0.7968764,0.41315898,0.45255488,0.45384726,0.7701995,0.9324389,0.99099785
1.1543694,1.2469357,1.2660416,1.1413594,1.2602546,1.2541773,1.2750252,1.0454333,1.2481444,1.2431283,0.35240188,0.7903272,0.34635422,1.2006657,0.34635422,1.2983787,1.1484294,1.1832191,1.1540936,1.2366906,1.2334032,1.2293415,1.2402364,1.2498842,1.2559572,1.307294,0.794905,1.000617,1.2780339,1.2269853,0.0,0.9167095,1.2456404,1.2001508,1.2588848,1.3020976,0.71237075,0.0,1.2214824,1.3199897,0.0,1.1354189,0.64465374,1.2472634,1.2478968,1.013669,1.2560122,1.2735615,1.1556159,1.2402364,1.272574,1.2423893,0.84666824,1.2992088,1.2787794,1.219273,1.2685218,1.0095896,1.2001508,1.2503814,1.2474096,1.2670717,1.1735015,1.2488611,1.229241,1.2337921,1.2539274,1.2411792,1.2478578,1.2366614,1.2366614,1.2572575,1.2539985,1.3066628,1.1815155,1.2832625,1.2214824,1.2542973,1.2485094,1.1803173,0.34635422,1.2498842,1.2334032,1.2473643,1.2267641,1.2413677,1.2292207,0.8625946,1.14897,1.2809124,1.2434295,0.5140886,1.2919549,1.1832191,1.2538588,1.2526617,1.2756646,1.2500094,1.2653416,1.2641139,1.2736045,1.2650105,1.2831475,0.7662106,1.2857711,1.2570925,1.2001508,1.2586521,1.2385756,1.2293415,1.1540936,1.2498842,1.2379063,1.1735015,1.2727576,1.2630785,1.2195523,1.11111,0.8647249
0.9507336,0.9889808,1.145205,0.76665336,0.93252635,0.9036631,1.0888016,1.1155533,1.1967663,1.1858729,0.9650506,1.1268877,0.7783044,1.1146411,0.7783044,1.1800462,1.1777372,1.1783522,1.0111583,1.1709592,0.6993269,0.7006161,1.0855621,0.8158074,0.9260535,0.98293185,0.88536495,1.1922312,1.1844807,1.0964044,0.9167095,0.0,1.0929539,1.1664507,0.9509259,0.9280414,0.40994647,0.9167095,1.191222,1.2835947,0.9167095,1.2368853,0.42240283,0.70667833,1.0872972,0.36965525,1.0426767,1.2148767,1.0294917,1.0855621,1.001885,0.92821324,0.6039633,1.1521255,0.9475514,1.0541865,0.63774204,0.5280083,1.1664507,0.83475125,0.97363997,0.7409965,1.0264387,0.7573264,0.7651983,0.7176416,0.8990042,0.7099406,1.112529,1.1852639,1.1852639,0.90878123,0.90168905,0.992706,0.7390939,1.191597,1.191222,0.8366157,1.1547246,0.7465755,0.7783044,0.8158074,0.6993269,1.0868769,0.7109731,1.0899403,0.76538366,0.2794685,0.7360031,1.0319475,0.9492366,0.73399985,1.0142835,1.1783522,0.853146,0.8424406,0.89314795,0.7186498,0.89000124,0.972871,0.9677931,0.89151347,1.1512831,0.5212228,0.9810463,0.7860162,1.1664507,0.8425951,0.89508945,0.7006161,1.0111583,0.8158074,1.1737995,1.0264387,1.0819359,1.080069,0.8723307,0.75299174,0.6173311
