0,1,2,3,4,5,6,7,8,9,10,11,12,13,14,15,16,17,18,19,20,21,22,23,24,25,26,27,28,29,30,31,32,33,34,35,36,37,38,39,40,41,42,43,44,45,46,47,48,49,50,51,52,53,54,55,56,57,58,59,60,61,62,63,64,65,66,67,68,69,70,71,72,73,74,75,76,77,78,79,80,81,82,83,84,85,86,87,88,89,90,91,92,93,94,95,96,97,98,99,100,101,102,103,104,105,106,107,108,109,110,111,112,113,114,115,116,117,118
1.0000002,0.8584113,0.91626596,0.72750974,0.75413215,0.7577828,0.5196003,0.7330629,0.7537055,0.7597873,0.7409406,0.44354236,0.7611166,0.9513979,0.78201246,0.94889677,0.4201948,0.4044472,0.91362303,0.76948756,0.7558657,0.80575806,0.977478,0.76880765,0.7431023,0.6970843,0.7755486,0.42915726,0.7196028,0.9225953,0.74872637,0.7610806,0.9942843,0.8409771,0.92349887,0.6986585,0.72749877,0.73785806,0.41456932,0.46950895,0.73785806,0.5242071,0.74004173,0.78891474,0.9116216,0.753023,0.9597044,0.7415318,0.9645887,0.9667807,0.8889277,0.7389014,0.66759324,0.8404944,0.7422038,0.7248142,0.3652838,0.7411133,0.82458997,0.77167904,0.8339661,0.7979156,0.9788877,0.77123266,0.76747584,0.74533397,0.7380846,0.70844585,0.9749193,0.4449605,0.35958928,0.75290537,0.81986094,0.70911646,0.8164923,0.7628759,0.41456932,0.81427145,0.9716133,0.71686363,0.7611166,0.79849243,0.745993,0.9769208,0.7037869,0.9756913,0.74336344,0.75162995,0.85873735,0.79627216,0.72560954,0.7632909,0.8887578,0.42795455,0.7603719,0.75973856,0.7645134,0.79548836,0.7584008,0.78802204,0.7493066,0.75489044,0.8257828,0.7212231,0.8379582,0.7416357,0.8409771,0.76403177,0.7100575,0.78746253,0.96181524,0.76880765,0.8497131,0.96999145,0.954207,0.9482419,0.7381649,0.83596224,0.73090243
0.8584113,1.0000001,0.79895306,0.87305164,0.8552921,0.8820232,0.48660517,0.8472355,0.8802056,0.8777672,0.88280374,0.50906914,0.8781011,0.827366,0.88804024,0.8551139,0.50413036,0.51351523,0.866268,0.88738745,0.8478144,0.902162,0.8727331,0.88210344,0.82960975,0.83651406,0.897069,0.49126065,0.8791287,0.8626082,0.911831,0.85828507,0.84325457,0.8412728,0.8496224,0.8490202,0.87704444,0.8570319,0.44933227,0.47899967,0.8570319,0.537996,0.898949,0.8828002,0.82325333,0.903579,0.82381946,0.84979135,0.8797381,0.8531703,0.8528383,0.8462721,0.841615,0.80532515,0.8629334,0.90585566,0.44600546,0.89985,0.91230166,0.85237944,0.86767775,0.8911859,0.8478348,0.84120834,0.8503864,0.8462132,0.8379233,0.863281,0.8621309,0.49651048,0.39205867,0.84844476,0.87607706,0.8413997,0.8575907,0.9140235,0.44933227,0.86290973,0.85691756,0.84563184,0.8781011,0.915861,0.84999895,0.8529952,0.8795148,0.86169934,0.8494761,0.8702202,0.8376128,0.88683563,0.817253,0.8784652,0.8725896,0.5241741,0.846732,0.8638309,0.8556521,0.87097967,0.86787885,0.87197083,0.847312,0.85270214,0.7854186,0.8824919,0.85422945,0.8375374,0.8412728,0.87617105,0.83440316,0.86342007,0.85956836,0.88210344,0.9150545,0.85047376,0.83560884,0.82863116,0.8605778,0.93082035,0.89395773
0.91626596,0.79895306,1.0000002,0.7559892,0.8032024,0.7733404,0.48812047,0.68768203,0.73152864,0.72076976,0.6762657,0.40791106,0.67996883,0.9085797,0.6936165,0.9179262,0.40052834,0.39211354,0.93104756,0.77361053,0.799127,0.81248116,0.9346564,0.7937758,0.80005276,0.7480009,0.695002,0.40325275,0.7410854,0.94921255,0.70361423,0.8173411,0.92349386,0.7817571,0.949488,0.73114735,0.7521208,0.66769373,0.38472036,0.4578895,0.66769373,0.51112545,0.7410715,0.8195474,0.8799453,0.76833314,0.945376,0.70473653,0.91963434,0.9473923,0.91846824,0.78602993,0.6684139,0.92212075,0.7918047,0.6984631,0.3333671,0.7572917,0.78652,0.82432044,0.88344455,0.8172426,0.9388354,0.829754,0.82067466,0.8031758,0.7991291,0.7192999,0.9380733,0.42431694,0.33330947,0.8082669,0.84946454,0.763816,0.8622366,0.73876595,0.38472036,0.8611919,0.9087231,0.7750828,0.67996883,0.7820382,0.7977395,0.94382274,0.72476965,0.93685997,0.7959188,0.7895851,0.90952283,0.7998353,0.80234826,0.6985296,0.92099696,0.40967992,0.8215549,0.8089211,0.8163731,0.8262303,0.80789095,0.8293446,0.7891862,0.8158237,0.9050092,0.7364619,0.8356293,0.79248965,0.7817571,0.8032657,0.77641654,0.82774484,0.9472776,0.7937758,0.8217026,0.94151115,0.9459934,0.94443744,0.7742338,0.8096649,0.7021846
0.72750974,0.87305164,0.7559892,0.9999999,0.91023177,0.92101717,0.4218436,0.7894942,0.83489746,0.8214021,0.8127146,0.47613972,0.787379,0.7244755,0.7873198,0.76108205,0.47658056,0.471312,0.83050394,0.8696863,0.897451,0.92081124,0.772141,0.91672873,0.87325275,0.9044148,0.8074184,0.4357661,0.8957345,0.8277453,0.85327023,0.90822005,0.7235118,0.73168397,0.816561,0.90394163,0.9226903,0.77939725,0.39459527,0.42852396,0.77939725,0.48511046,0.9189651,0.91910046,0.73221743,0.9464425,0.73575884,0.8059067,0.77920806,0.76057523,0.79010975,0.91213965,0.88809186,0.82032764,0.90328485,0.8634577,0.41745555,0.9404268,0.83459926,0.89707804,0.87669706,0.91465455,0.7432378,0.88889194,0.89208233,0.9178678,0.9126235,0.8999746,0.76639074,0.4376004,0.34201646,0.8971764,0.8923398,0.9190133,0.8803585,0.86352783,0.39459527,0.89076877,0.74953234,0.9221544,0.787379,0.9026205,0.9005729,0.75136906,0.903174,0.75961345,0.9164296,0.9365846,0.86009586,0.87253875,0.8827839,0.8080015,0.8668128,0.47966897,0.89965665,0.90682185,0.90378594,0.88976294,0.9401555,0.90074193,0.8859263,0.9327378,0.8029474,0.9243734,0.82112366,0.8951546,0.73168397,0.88415855,0.9507415,0.89283454,0.772582,0.91672873,0.84421897,0.7517939,0.756809,0.75534165,0.9013252,0.8953053,0.8977067
0.75413215,0.8552921,0.8032024,0.91023177,1.0,0.9761337,0.41588226,0.80296135,0.8522346,0.8543873,0.80934376,0.470815,0.7882693,0.73998654,0.79073936,0.77979004,0.49216387,0.48496646,0.8567548,0.9119456,0.92654765,0.9484662,0.80736643,0.9449968,0.9287381,0.8724778,0.812705,0.4294913,0.8586123,0.85470855,0.8331953,0.9291042,0.75122327,0.7836913,0.8549553,0.86937714,0.89669883,0.7821748,0.3910011,0.41877052,0.7821748,0.48420024,0.89237416,0.956505,0.73105145,0.91463065,0.7888428,0.8212703,0.8103541,0.81648135,0.78935325,0.96838224,0.84848356,0.8577376,0.9304813,0.8402881,0.4010704,0.9011968,0.88643694,0.95781183,0.9196978,0.9534308,0.7858658,0.9605797,0.9553367,0.95098734,0.96408474,0.8642045,0.8002259,0.44472378,0.3335492,0.9521607,0.8942709,0.8966606,0.90356076,0.8841806,0.3910011,0.91619456,0.7605987,0.9173038,0.7882693,0.9192275,0.92005646,0.7986222,0.88158154,0.8011779,0.9516524,0.9476975,0.87828594,0.9082441,0.9366466,0.8160235,0.9061126,0.49749428,0.9620234,0.9463989,0.9541852,0.95712227,0.9395633,0.9153639,0.9238567,0.9331404,0.8427748,0.90328085,0.8024787,0.9291314,0.7836913,0.9283917,0.93515545,0.95822394,0.82750833,0.9449968,0.8987161,0.8046588,0.8053186,0.8027593,0.91964924,0.9083711,0.856201
0.7577828,0.8820232,0.7733404,0.92101717,0.9761337,0.99999994,0.44768316,0.8418878,0.8840689,0.88477665,0.8434387,0.48933056,0.81266177,0.74790716,0.814358,0.7859062,0.5108364,0.515422,0.84928185,0.9270316,0.9173283,0.9411849,0.8041953,0.9479664,0.9186238,0.8875158,0.8400483,0.45540744,0.88327825,0.84076595,0.8661106,0.9164556,0.75370145,0.7780514,0.84284353,0.8943743,0.91521937,0.81010425,0.41691,0.43947124,0.81010425,0.49381465,0.92374533,0.94108135,0.7528031,0.93228316,0.7841605,0.8568133,0.81609595,0.80583894,0.7906315,0.9679904,0.88904804,0.83218384,0.9440437,0.87623024,0.44850302,0.9214611,0.8950627,0.94384646,0.906715,0.9427866,0.78408945,0.92677236,0.93019956,0.9386379,0.9427005,0.8951056,0.79495263,0.45371392,0.35663006,0.9412735,0.9072181,0.90859807,0.8965775,0.90722346,0.41691,0.90821916,0.77795076,0.91608614,0.81266177,0.93213105,0.9061042,0.79232574,0.90529805,0.79400134,0.94416815,0.9464498,0.8594469,0.91818994,0.9167876,0.8375672,0.8882699,0.5283519,0.943068,0.93029416,0.94902885,0.93687356,0.9358834,0.9233222,0.9241001,0.91956794,0.8171434,0.9288326,0.8128221,0.92022926,0.7780514,0.9244151,0.9289136,0.9349037,0.8195888,0.9479664,0.9019969,0.7993144,0.80475193,0.801008,0.9311626,0.9232739,0.9030955
0.5196003,0.48660517,0.48812047,0.4218436,0.41588226,0.44768316,0.9999999,0.4413693,0.47110522,0.46387362,0.4240897,0.50577635,0.39861315,0.5439513,0.4136186,0.55619895,0.66332215,0.69762444,0.48395026,0.42726982,0.3996271,0.4081972,0.51603997,0.40214598,0.39363524,0.4588864,0.40866292,0.68614835,0.47845453,0.49149168,0.4338443,0.41530666,0.5161496,0.42963699,0.48656687,0.4666159,0.43265,0.39829123,0.7093493,0.6292386,0.39829123,0.70720327,0.44330496,0.4090772,0.6031173,0.42149594,0.5388201,0.46468383,0.54241085,0.50952935,0.5166767,0.443958,0.46377152,0.45701396,0.4295655,0.47015533,0.7179591,0.43784404,0.44923618,0.3915059,0.47967255,0.40678725,0.5202315,0.3742094,0.37771866,0.41000366,0.38180494,0.42819923,0.5209484,0.67976093,0.6939484,0.40023285,0.50293064,0.45798525,0.45850492,0.465568,0.7093493,0.46178126,0.54910785,0.41824904,0.39861315,0.41959494,0.39312887,0.51273966,0.4252691,0.51682764,0.38107622,0.39112377,0.49199182,0.46719196,0.40695086,0.41640872,0.4705282,0.7194147,0.39379004,0.38927808,0.4240358,0.3820458,0.4282073,0.48965633,0.40369174,0.4265513,0.46022156,0.41394436,0.49545494,0.3930679,0.42963699,0.42589647,0.42903286,0.38154608,0.5201472,0.40214598,0.46211496,0.5173904,0.5517942,0.5442312,0.44242296,0.4424302,0.43267843
0.7330629,0.8472355,0.68768203,0.7894942,0.80296135,0.8418878,0.4413693,1.0000001,0.9369682,0.9445199,0.89807403,0.54225904,0.87798744,0.745512,0.8744021,0.7665969,0.5281217,0.53163946,0.7398493,0.8849454,0.78644884,0.82403326,0.760493,0.8219234,0.7782551,0.81647134,0.89297837,0.483787,0.81883335,0.74085003,0.8734799,0.7461375,0.7223599,0.8279307,0.7166951,0.803352,0.7846592,0.8710452,0.44739977,0.46573225,0.8710452,0.51395476,0.81279385,0.81138694,0.75515336,0.8170346,0.74085784,0.9756124,0.78672624,0.75412023,0.7221594,0.8305726,0.78363466,0.69481766,0.8133906,0.837655,0.43435732,0.8232803,0.91636944,0.79709595,0.78675413,0.8190893,0.74509007,0.7687177,0.78528583,0.7657689,0.7750126,0.8092698,0.7492273,0.47315612,0.38649285,0.80230886,0.8020542,0.814516,0.783269,0.912065,0.44739977,0.77677584,0.73896515,0.7679386,0.87798744,0.8557052,0.78268224,0.7505026,0.8191959,0.7606323,0.7851692,0.7839188,0.71332264,0.86632586,0.77873254,0.87013394,0.77182704,0.54795337,0.80101913,0.80262655,0.8176477,0.804749,0.80213845,0.81804496,0.8132012,0.7852502,0.68363786,0.7985357,0.7487451,0.7753724,0.8279307,0.82416415,0.77662355,0.79578245,0.7608278,0.8219234,0.90725034,0.75508463,0.7514138,0.74959534,0.8264242,0.84361947,0.8150451
0.7537055,0.8802056,0.73152864,0.83489746,0.8522346,0.8840689,0.47110522,0.9369682,1.0,0.970407,0.9019501,0.5486173,0.858803,0.76347184,0.85536176,0.802603,0.56924045,0.58382154,0.7885907,0.9271692,0.8302922,0.87184405,0.7945528,0.86860096,0.8164488,0.86269045,0.89284986,0.53007567,0.88884753,0.7901832,0.89941615,0.80960274,0.75002295,0.8014046,0.76642853,0.846938,0.8376402,0.8543014,0.4988196,0.50165987,0.8543014,0.56314015,0.8651449,0.861537,0.79329765,0.8693945,0.77594346,0.95602363,0.81600404,0.7846348,0.7616545,0.8753929,0.83296824,0.7552259,0.8778366,0.88468,0.4682153,0.8754351,0.9408154,0.8451163,0.82685506,0.8703938,0.7723633,0.81498706,0.83080554,0.8225068,0.8231191,0.8700981,0.78393245,0.5314597,0.43985647,0.84581566,0.8439228,0.8636433,0.8347998,0.94596577,0.4988196,0.829649,0.77280533,0.82349145,0.858803,0.9034979,0.8369974,0.77964675,0.8866581,0.78872514,0.83915496,0.8279229,0.76235664,0.90166855,0.82437634,0.8555129,0.81703144,0.5934288,0.8491185,0.85981643,0.86936617,0.8528579,0.8547468,0.86499304,0.85120416,0.8348142,0.7516092,0.85229325,0.8102561,0.82375044,0.8014046,0.8814473,0.8282557,0.8393205,0.7941378,0.86860096,0.9368405,0.7838701,0.7872243,0.78478074,0.8689699,0.8808676,0.87263775
0.7597873,0.8777672,0.72076976,0.8214021,0.8543873,0.88477665,0.46387362,0.9445199,0.970407,0.99999976,0.9043722,0.54737973,0.87288195,0.7613971,0.86986285,0.79539347,0.54023796,0.5694033,0.784139,0.9395874,0.82711166,0.87481016,0.7942421,0.8768735,0.82215214,0.8358173,0.903121,0.5016061,0.86201036,0.7827191,0.8898824,0.8014548,0.75328773,0.8221179,0.7577317,0.83104837,0.82506394,0.8659756,0.46581793,0.46627516,0.8659756,0.52806187,0.86106205,0.86718994,0.7747617,0.86597216,0.77437484,0.9549323,0.8171294,0.7878792,0.7416892,0.8683183,0.82176644,0.7384833,0.8610075,0.8837795,0.43694142,0.86660826,0.94905555,0.8482276,0.82254535,0.8752059,0.77425224,0.8248725,0.83943325,0.82205486,0.8298668,0.8523067,0.78391933,0.5103148,0.40966612,0.8500237,0.83102417,0.84368074,0.8155509,0.94958925,0.46581793,0.8137973,0.76726484,0.8123742,0.87288195,0.9113246,0.8260918,0.7820382,0.86978614,0.79014546,0.8385879,0.8330898,0.75298065,0.8948801,0.8184481,0.8701921,0.8149189,0.5756419,0.8516956,0.8578403,0.8663507,0.86317337,0.84927714,0.85388935,0.8510417,0.83118737,0.7263138,0.85133696,0.7912608,0.82223237,0.8221179,0.8795979,0.81823385,0.84965503,0.7960282,0.8768735,0.9420513,0.7871798,0.7835876,0.7798859,0.8534448,0.8871845,0.8620107
0.7409406,0.88280374,0.6762657,0.8127146,0.80934376,0.8434387,0.4240897,0.89807403,0.9019501,0.9043722,1.0000001,0.59445524,0.9633137,0.74121165,0.95410454,0.7635242,0.52277106,0.5286422,0.7419621,0.8673349,0.78858614,0.8340564,0.756507,0.82355386,0.77646023,0.79540044,0.9597417,0.47921115,0.82458043,0.7453985,0.9552366,0.76943433,0.7220803,0.84380835,0.7193055,0.79111654,0.8234772,0.97255975,0.43478692,0.45864418,0.97255975,0.5272862,0.85010684,0.81792784,0.7545489,0.8437573,0.7256203,0.89279914,0.7782471,0.7431754,0.7121159,0.8192669,0.8320852,0.68712354,0.81613123,0.8593565,0.43173328,0.8541212,0.9091983,0.8022169,0.7802318,0.82519054,0.73769593,0.77576375,0.7904867,0.77497745,0.7836766,0.8091953,0.7527063,0.47984704,0.3804461,0.7978506,0.79360956,0.7893598,0.7809846,0.91607004,0.43478692,0.7747334,0.7370105,0.77589965,0.9633137,0.86556053,0.789091,0.7404449,0.82437,0.7567555,0.791193,0.8065144,0.72692907,0.8524208,0.7700162,0.951235,0.78409445,0.538945,0.7993918,0.8036118,0.8111932,0.8100227,0.7955144,0.80249107,0.80651474,0.78167397,0.68683314,0.83639073,0.7794342,0.7724016,0.84380835,0.8161347,0.7747726,0.8035664,0.7526852,0.82355386,0.8964393,0.74394846,0.73703784,0.7339554,0.8205775,0.85854334,0.8657125
0.44354236,0.50906914,0.40791106,0.47613972,0.470815,0.48933056,0.50577635,0.54225904,0.5486173,0.54737973,0.59445524,1.0000002,0.56599855,0.44138694,0.57182205,0.45992061,0.67956114,0.60608315,0.4495103,0.52078,0.4641629,0.4795825,0.44744104,0.47441137,0.4591443,0.4853631,0.5572683,0.6338005,0.51033103,0.4569068,0.5787027,0.453215,0.43642414,0.5286269,0.4288016,0.4956146,0.4762933,0.5854504,0.5472889,0.49803936,0.5854504,0.6565865,0.49158487,0.47647077,0.46745616,0.48961446,0.42195198,0.54651415,0.46480343,0.42952794,0.44663876,0.47651017,0.49068773,0.40990192,0.4785884,0.5042745,0.479563,0.4915291,0.5287521,0.44242102,0.4633498,0.4731147,0.42832744,0.44103855,0.45396817,0.446403,0.46151596,0.48655853,0.44600517,0.6623269,0.51374006,0.4596162,0.4794526,0.474596,0.47071478,0.5564058,0.5472889,0.46100095,0.45617503,0.44688052,0.56599855,0.478021,0.46612525,0.4309164,0.5023846,0.44786277,0.46629858,0.46578282,0.4296455,0.50069875,0.4537902,0.5583699,0.4563953,0.61190414,0.45521358,0.48295528,0.46884656,0.45315936,0.46476474,0.47950107,0.46941516,0.45870662,0.4099269,0.47316796,0.44055033,0.45104182,0.5286269,0.48236197,0.4694199,0.45327783,0.43800598,0.47441137,0.5223002,0.4280691,0.43418258,0.42413867,0.48440486,0.4954515,0.50146085
0.7611166,0.8781011,0.67996883,0.787379,0.7882693,0.81266177,0.39861315,0.87798744,0.858803,0.87288195,0.9633137,0.56599855,1.0000002,0.75234973,0.985243,0.76317203,0.4925804,0.47340408,0.74004054,0.834195,0.77692246,0.8201088,0.77033687,0.7987371,0.7613846,0.7637368,0.9702869,0.44916084,0.7805518,0.7423867,0.91236794,0.75430346,0.74009883,0.87404764,0.71982515,0.7686084,0.79504967,0.96209407,0.3980778,0.42639077,0.96209407,0.49893525,0.8088159,0.8014666,0.74393594,0.82324386,0.73010325,0.86324966,0.7870373,0.75597274,0.71031094,0.7855195,0.7932656,0.6858126,0.77604145,0.81281865,0.39200035,0.8271502,0.89873517,0.7789632,0.7702371,0.81031847,0.7508671,0.7631148,0.77331364,0.7520823,0.7622493,0.77464175,0.7646826,0.45501065,0.34453517,0.7686739,0.7769337,0.7563001,0.7697376,0.8899518,0.3980778,0.7620381,0.74450636,0.75305086,1.0000002,0.8436494,0.77423507,0.7544358,0.7833241,0.7729321,0.76843965,0.7944901,0.7237419,0.8414989,0.7477065,0.97851264,0.7835107,0.48730266,0.77377814,0.77649796,0.7790688,0.79931766,0.77347946,0.782191,0.7894882,0.76335335,0.68212867,0.8012596,0.76628363,0.75757134,0.87404764,0.79046494,0.7523825,0.7907461,0.7603468,0.7987371,0.88649064,0.7547763,0.73754394,0.73311466,0.79657215,0.8453992,0.8217187
0.9513979,0.827366,0.9085797,0.7244755,0.73998654,0.74790716,0.5439513,0.745512,0.76347184,0.7613971,0.74121165,0.44138694,0.75234973,1.0,0.75583076,0.9880316,0.43154174,0.41605937,0.89337695,0.748014,0.7348605,0.7719641,0.9507652,0.74354696,0.71984947,0.70823467,0.7595793,0.4393192,0.7415968,0.8959127,0.7455417,0.7441811,0.9500693,0.8015812,0.90433526,0.7002878,0.71197593,0.72680056,0.43803656,0.48979318,0.72680056,0.53594494,0.7246233,0.76193076,0.9586897,0.7392124,0.9533501,0.7612626,0.95747524,0.9469271,0.8779023,0.7372307,0.6810949,0.8369601,0.73276687,0.70899963,0.376044,0.7323851,0.8113102,0.750325,0.82689726,0.77144486,0.9629321,0.7392946,0.73813343,0.7247796,0.7104329,0.69930315,0.9504093,0.46235186,0.38825947,0.73347133,0.8265388,0.7185021,0.8144464,0.76706874,0.43803656,0.8116258,0.94699156,0.7092353,0.75234973,0.77332306,0.72608936,0.95549726,0.6962993,0.9518554,0.71284753,0.72537935,0.84431124,0.7971512,0.71100175,0.75551057,0.8860941,0.43599594,0.7439889,0.7296982,0.7498788,0.7592766,0.75269425,0.7924913,0.73688334,0.7486079,0.83368975,0.7154895,0.87045264,0.72155416,0.8015812,0.73438454,0.71497047,0.7555454,0.9490342,0.74354696,0.8350124,0.95601845,0.9550009,0.94809115,0.7410364,0.79355055,0.72292733
0.78201246,0.88804024,0.6936165,0.7873198,0.79073936,0.814358,0.4136186,0.8744021,0.85536176,0.86986285,0.95410454,0.57182205,0.985243,0.75583076,0.99999976,0.7676482,0.49079254,0.4738695,0.7521769,0.8392503,0.78039974,0.8218769,0.7824651,0.7991595,0.7665875,0.7614902,0.96005553,0.44802758,0.77847767,0.7570593,0.9206591,0.75571996,0.7604605,0.89793646,0.73262084,0.76602924,0.79659426,0.9710902,0.3984776,0.43025032,0.9710902,0.5004562,0.81080115,0.80407923,0.74899375,0.81837475,0.74175084,0.8555224,0.7937794,0.7684443,0.72825384,0.78278124,0.7788745,0.69764006,0.77803004,0.814528,0.39093274,0.8216151,0.8972117,0.7829921,0.7773758,0.811576,0.7632681,0.76901424,0.7766795,0.7550411,0.7652325,0.77354187,0.77805257,0.45110798,0.3404419,0.77221054,0.7794555,0.757784,0.7743765,0.88674384,0.3984776,0.76632273,0.76080114,0.7526841,0.985243,0.84339565,0.7757716,0.7683294,0.7792596,0.7853875,0.77101934,0.79318684,0.73506296,0.84304357,0.7522951,0.97162884,0.7943499,0.4935832,0.7770153,0.78300345,0.78219473,0.8039458,0.7772231,0.78462625,0.7946713,0.7667314,0.69067174,0.7953445,0.7672783,0.76172197,0.89793646,0.8005675,0.7517947,0.7940453,0.77126926,0.7991595,0.8886545,0.7659723,0.74793214,0.7434366,0.79714066,0.85501283,0.81841207
0.94889677,0.8551139,0.9179262,0.76108205,0.77979004,0.7859062,0.55619895,0.7665969,0.802603,0.79539347,0.7635242,0.45992061,0.76317203,0.9880316,0.7676482,1.0,0.4631799,0.45360553,0.9182792,0.785182,0.7696435,0.8088677,0.9595459,0.7803421,0.7534062,0.7497699,0.77974916,0.46970126,0.7907593,0.92046523,0.7770915,0.78383195,0.9483198,0.8070949,0.9248247,0.7389779,0.74911743,0.74204147,0.46319184,0.5049616,0.74204147,0.5582216,0.76346064,0.80190897,0.9647641,0.77546084,0.96138024,0.7865363,0.96648276,0.9552512,0.8898397,0.77895343,0.71590656,0.8587415,0.7814506,0.7548108,0.40513408,0.7684283,0.8398933,0.787309,0.8561634,0.81025326,0.9668805,0.7771122,0.77630544,0.76536167,0.75052345,0.7426952,0.9589914,0.49130934,0.41279548,0.7741336,0.85272,0.7620334,0.84537446,0.80597943,0.46319184,0.8420116,0.95208967,0.7517978,0.76317203,0.8092779,0.76343393,0.9620997,0.74543524,0.95889026,0.75101876,0.7577083,0.867931,0.82758534,0.7508658,0.76614815,0.9058818,0.4726582,0.78396416,0.77526796,0.7928312,0.7951453,0.7961272,0.82648826,0.7690926,0.79097366,0.85701334,0.7542399,0.8932406,0.7602205,0.8070949,0.7765798,0.75802606,0.7906888,0.96013486,0.7803421,0.8657,0.9634462,0.9658332,0.9586668,0.77811563,0.82372177,0.7631166
0.4201948,0.50413036,0.40052834,0.47658056,0.49216387,0.5108364,0.66332215,0.5281217,0.56924045,0.54023796,0.52277106,0.67956114,0.4925804,0.43154174,0.49079254,0.4631799,0.9999998,0.81367576,0.43663874,0.4954051,0.45433834,0.47556275,0.42447975,0.46231765,0.4448547,0.5279723,0.49653333,0.8146256,0.5329517,0.44619238,0.53294253,0.45891923,0.41516468,0.442056,0.43091223,0.52657056,0.47622645,0.4924867,0.8109449,0.66076434,0.4924867,0.8418826,0.49798346,0.47015664,0.48982245,0.4766579,0.43170863,0.5528933,0.4551341,0.41430986,0.4408406,0.5173334,0.50249547,0.43324476,0.5097705,0.5108361,0.6788761,0.5016439,0.5191817,0.4546921,0.46575135,0.4686083,0.41756997,0.4369647,0.44139826,0.46221286,0.44628134,0.49625674,0.42371318,0.8590436,0.7953439,0.46860516,0.48906252,0.51644194,0.48054615,0.5496464,0.8109449,0.46927193,0.45433515,0.47738627,0.4925804,0.4820192,0.45938963,0.4114385,0.50870293,0.4250942,0.44481722,0.44814095,0.43334252,0.507046,0.46821538,0.48208857,0.44174168,0.8406758,0.4657638,0.47018224,0.49356538,0.45246884,0.48058283,0.50235575,0.46385086,0.47005382,0.44517508,0.4713422,0.45764434,0.45740688,0.442056,0.48708823,0.49052006,0.4436157,0.43120134,0.46231765,0.5210079,0.42042553,0.4445975,0.44110498,0.5109007,0.48275542,0.50486594
0.4044472,0.51351523,0.39211354,0.471312,0.48496646,0.515422,0.69762444,0.53163946,0.58382154,0.5694033,0.5286422,0.60608315,0.47340408,0.41605937,0.4738695,0.45360553,0.81367576,1.0,0.43280005,0.52696335,0.46874458,0.48190123,0.4215466,0.48943716,0.47355625,0.551111,0.5013652,0.81015915,0.5419078,0.4360016,0.54152244,0.4866319,0.3971418,0.42800108,0.42896688,0.5200647,0.49690655,0.47970316,0.8130369,0.65971017,0.47970316,0.7981667,0.5171202,0.48039132,0.4701309,0.49767914,0.4228432,0.54910284,0.4488796,0.41468528,0.43046883,0.52210134,0.5129136,0.40212435,0.5309058,0.55543876,0.72130656,0.5247998,0.51519585,0.4854642,0.4799825,0.48031121,0.4116295,0.4530028,0.45371577,0.46968755,0.4527458,0.50425625,0.41268498,0.81801504,0.7718545,0.4985888,0.4981203,0.53007185,0.48367375,0.5594811,0.8130369,0.4815988,0.43356046,0.48849803,0.47340408,0.5164863,0.47066855,0.4066859,0.52669096,0.41802895,0.45106348,0.45448923,0.442491,0.51760185,0.4957371,0.46530235,0.44319358,0.97558653,0.48873672,0.47975242,0.5172922,0.47027117,0.48416138,0.51703894,0.48122594,0.46645212,0.42205173,0.4950599,0.4657808,0.47183532,0.42800108,0.50879526,0.47197166,0.46225902,0.43205088,0.48943716,0.5097748,0.4189107,0.44017664,0.43607706,0.52361697,0.49574974,0.52664256
0.91362303,0.866268,0.93104756,0.83050394,0.8567548,0.84928185,0.48395026,0.7398493,0.7885907,0.784139,0.7419621,0.4495103,0.74004054,0.89337695,0.7521769,0.9182792,0.43663874,0.43280005,1.0000001,0.8535569,0.86829054,0.8931128,0.94799197,0.8706548,0.8511988,0.7916298,0.76045215,0.43879747,0.8431046,0.9880128,0.78341913,0.87167645,0.922521,0.7967411,0.9833787,0.8154255,0.8340732,0.72543323,0.40944082,0.45381364,0.72543323,0.5155865,0.8324225,0.8943863,0.86883605,0.8574121,0.9261402,0.7607678,0.934252,0.9405382,0.904211,0.841161,0.7575299,0.91816837,0.8677149,0.79198295,0.3842586,0.82818973,0.84122837,0.8680502,0.92129135,0.89743626,0.93734014,0.8840858,0.8813193,0.8735863,0.8553431,0.82077754,0.94477284,0.44845724,0.35231492,0.8615082,0.90152496,0.82850087,0.9013656,0.8081854,0.40944082,0.9035867,0.92554426,0.84153664,0.74004054,0.8543231,0.87055546,0.9419707,0.82627255,0.9367126,0.85489833,0.86296433,0.92785716,0.84791803,0.8407984,0.75224113,0.92417955,0.44868946,0.87115216,0.89063174,0.8678343,0.88317835,0.88120395,0.8858275,0.8452896,0.88674533,0.8988786,0.8319213,0.85267925,0.8660835,0.7967411,0.8560213,0.84988767,0.8885937,0.94815373,0.8706548,0.873644,0.9394965,0.9350214,0.92981386,0.8386502,0.8780902,0.80758667
0.76948756,0.88738745,0.77361053,0.8696863,0.9119456,0.9270316,0.42726982,0.8849454,0.9271692,0.9395874,0.8673349,0.52078,0.834195,0.748014,0.8392503,0.785182,0.4954051,0.52696335,0.8535569,0.99999994,0.9073335,0.9359717,0.8133109,0.948007,0.9063025,0.86284405,0.8678715,0.4498221,0.887752,0.84574884,0.887479,0.87626815,0.7667605,0.8183843,0.8280623,0.8698557,0.8846472,0.83817077,0.41470146,0.43727913,0.83817077,0.4861937,0.9009938,0.9407811,0.7465061,0.91609216,0.7844149,0.8940149,0.8181966,0.8103305,0.80138004,0.9063455,0.84184146,0.80148053,0.9169834,0.9017906,0.40493783,0.8985051,0.9329711,0.91209257,0.88715154,0.9422424,0.7882004,0.91062087,0.92386276,0.9053684,0.9129415,0.89306265,0.8028933,0.4577639,0.34946132,0.9104236,0.87858677,0.8843449,0.8680108,0.9309844,0.41470146,0.87074745,0.77534616,0.8721734,0.834195,0.93119025,0.9051102,0.80156815,0.9193676,0.80345297,0.9162947,0.9115948,0.8283674,0.89999104,0.8866776,0.8477812,0.8530494,0.5321953,0.91696537,0.93565595,0.91570276,0.92989266,0.90625554,0.9014992,0.91633844,0.89640313,0.7750841,0.90107095,0.78663707,0.9001622,0.8183843,0.9399993,0.8807471,0.9304545,0.817659,0.948007,0.935379,0.802791,0.79603976,0.7936199,0.8926509,0.92353046,0.8742734
0.7558657,0.8478144,0.799127,0.897451,0.92654765,0.9173283,0.3996271,0.78644884,0.8302922,0.82711166,0.78858614,0.4641629,0.77692246,0.7348605,0.78039974,0.7696435,0.45433834,0.46874458,0.86829054,0.9073335,1.0000001,0.9462152,0.8080036,0.941591,0.9730083,0.88557625,0.8049903,0.42894906,0.85318094,0.8592056,0.81590855,0.9242581,0.7571678,0.7747242,0.86077946,0.89536023,0.9440137,0.76194847,0.38512728,0.40731394,0.76194847,0.46940318,0.88756156,0.9508964,0.7177335,0.9257922,0.77568656,0.79694396,0.8075541,0.8089341,0.79259765,0.91228026,0.8484451,0.850662,0.91418165,0.8276432,0.39595369,0.89531416,0.8694538,0.93817043,0.95492893,0.95340043,0.78338933,0.94451004,0.9499519,0.94172883,0.9397233,0.9205862,0.7964183,0.4229717,0.31384248,0.9236201,0.9356518,0.91995865,0.9445107,0.8597039,0.38512728,0.95214623,0.7698983,0.9521916,0.77692246,0.90484035,0.9789636,0.79564095,0.8884252,0.79688096,0.9310001,0.9358424,0.9212375,0.9204113,0.9507812,0.7985846,0.87858915,0.47882608,0.93317187,0.93791616,0.925898,0.94450057,0.93549776,0.9459295,0.9684426,0.9309403,0.8215113,0.90015584,0.78749746,0.9857011,0.7747242,0.91283345,0.919121,0.9547687,0.81599283,0.941591,0.8781004,0.79756033,0.79419005,0.7914125,0.94032097,0.91797125,0.8476531
0.80575806,0.902162,0.81248116,0.92081124,0.9484662,0.9411849,0.4081972,0.82403326,0.87184405,0.87481016,0.8340564,0.4795825,0.8201088,0.7719641,0.8218769,0.8088677,0.47556275,0.48190123,0.8931128,0.9359717,0.9462152,1.0,0.84937024,0.97360885,0.92286634,0.8746785,0.8497134,0.4426846,0.8895142,0.8874792,0.86239034,0.9316083,0.8031198,0.8072958,0.8824893,0.8794673,0.9197891,0.8044941,0.4030136,0.43207616,0.8044941,0.48941734,0.92985535,0.9874139,0.7571406,0.9563361,0.80690753,0.84245646,0.84646916,0.8409807,0.81356186,0.9266437,0.8568135,0.83236283,0.93195504,0.8707468,0.40909827,0.92930335,0.91439325,0.9522016,0.92342675,0.99287397,0.82198006,0.9619544,0.9615426,0.94628906,0.94626963,0.9051582,0.8375673,0.44788364,0.33774382,0.9411482,0.91280454,0.89269674,0.91281176,0.905826,0.4030136,0.92032254,0.80645686,0.917677,0.8201088,0.96390355,0.9410882,0.8308982,0.9154241,0.83656704,0.93865263,0.9505618,0.88943434,0.9134961,0.9151518,0.8284365,0.90027726,0.4873418,0.9527111,0.96297735,0.9424157,0.9737285,0.94334537,0.9225366,0.9280893,0.93524414,0.82569766,0.93465316,0.8282231,0.9341346,0.8072958,0.9441762,0.91517127,0.9748965,0.8488145,0.97360885,0.9223647,0.8325307,0.82020265,0.8167983,0.9150945,0.96628654,0.89555335
0.977478,0.8727331,0.9346564,0.772141,0.80736643,0.8041953,0.51603997,0.760493,0.7945528,0.7942421,0.756507,0.44744104,0.77033687,0.9507652,0.7824651,0.9595459,0.42447975,0.4215466,0.94799197,0.8133109,0.8080036,0.84937024,1.0,0.8191062,0.79269195,0.7496102,0.7905079,0.44574556,0.77409136,0.9528549,0.76651067,0.8142625,0.98254526,0.8413111,0.9532373,0.74862015,0.7731177,0.7408042,0.41410097,0.46635476,0.7408042,0.522869,0.7793376,0.83867174,0.9170089,0.80173254,0.9734551,0.773646,0.9855977,0.99061656,0.9013494,0.792678,0.712893,0.8792686,0.80044246,0.76002014,0.37842286,0.78884465,0.8606014,0.821339,0.87906706,0.8467561,0.9917151,0.82060134,0.81775004,0.79702866,0.79278207,0.7643647,0.99271774,0.45763206,0.35550857,0.80617714,0.8695172,0.7632638,0.8641604,0.79787934,0.41410097,0.8672955,0.96960115,0.77114064,0.77033687,0.8379669,0.8031597,0.99516886,0.7637332,0.99295723,0.7983099,0.79925346,0.8930335,0.84530103,0.78164136,0.77275217,0.9184101,0.4390108,0.81142163,0.815567,0.81847584,0.8434694,0.81262064,0.84079295,0.8008667,0.8074564,0.8619908,0.7694465,0.86480033,0.7968762,0.8413111,0.8153436,0.7656082,0.835636,0.9871341,0.8191062,0.8866816,0.9901213,0.9711697,0.96696365,0.7915513,0.86762226,0.76888
0.76880765,0.88210344,0.7937758,0.91672873,0.9449968,0.9479664,0.40214598,0.8219234,0.86860096,0.8768735,0.82355386,0.47441137,0.7987371,0.74354696,0.7991595,0.7803421,0.46231765,0.48943716,0.8706548,0.948007,0.941591,0.97360885,0.8191062,0.99999994,0.9472637,0.88427943,0.83373916,0.42519033,0.8752882,0.86152726,0.84636056,0.93489337,0.7669022,0.7772192,0.86408305,0.8876814,0.9201751,0.78607863,0.38672286,0.41816285,0.78607863,0.46227103,0.9279374,0.9814093,0.7342843,0.96323067,0.7880312,0.83298373,0.81771976,0.8183429,0.8148665,0.93920195,0.85888815,0.82391447,0.9477315,0.8834784,0.40425405,0.93716,0.89260864,0.9645585,0.9173707,0.9785346,0.79301614,0.9599315,0.9635218,0.951681,0.9621563,0.9120283,0.8084134,0.4268266,0.32051307,0.9634939,0.9160166,0.9114828,0.90248775,0.8909017,0.38672286,0.9180825,0.7753699,0.9231297,0.7987371,0.96401054,0.93525076,0.8040347,0.9243958,0.80742943,0.9556932,0.95868546,0.8787879,0.90254086,0.9319586,0.8099489,0.8837726,0.49156225,0.9648926,0.96258605,0.9615372,0.9695635,0.950413,0.93249905,0.937054,0.9415977,0.8046749,0.94854444,0.809312,0.9431824,0.7772192,0.9508703,0.9191284,0.96983457,0.82647353,0.99999994,0.8985555,0.8080821,0.8012024,0.80156386,0.9199376,0.94229144,0.8927946
0.7431023,0.82960975,0.80005276,0.87325275,0.9287381,0.9186238,0.39363524,0.7782551,0.8164488,0.82215214,0.77646023,0.4591443,0.7613846,0.71984947,0.7665875,0.7534062,0.4448547,0.47355625,0.8511988,0.9063025,0.9730083,0.92286634,0.79269195,0.9472637,0.99999994,0.87879425,0.7897216,0.40660655,0.8248,0.84479934,0.79882205,0.9195195,0.7424357,0.76132596,0.8519883,0.882994,0.92241627,0.74950165,0.36942393,0.39914337,0.74950165,0.44976658,0.8764249,0.9356928,0.7022649,0.9066963,0.77609855,0.78468,0.7890972,0.803439,0.7972385,0.92376447,0.82901096,0.8396827,0.9234656,0.8262825,0.3764617,0.88446915,0.8541571,0.95919204,0.9489343,0.93168414,0.77013683,0.9492204,0.9522985,0.9351038,0.94756204,0.88705,0.7843356,0.4085611,0.30119407,0.9526383,0.9171162,0.91575277,0.92538553,0.8432408,0.36942393,0.93764967,0.75016475,0.94147867,0.7613846,0.90324414,0.9485575,0.7848425,0.8648182,0.78475314,0.9376254,0.9324467,0.9102384,0.91258126,0.9735045,0.7836095,0.8817599,0.48067304,0.95243526,0.93373406,0.9468076,0.9456722,0.92944366,0.9380218,0.96539384,0.9244599,0.8139734,0.8897804,0.7639394,0.97575176,0.76132596,0.91379124,0.9006471,0.95108,0.81030035,0.9472637,0.86384225,0.7881416,0.79094315,0.79009867,0.92710674,0.89502084,0.8333052
0.6970843,0.83651406,0.7480009,0.9044148,0.8724778,0.8875158,0.4588864,0.81647134,0.86269045,0.8358173,0.79540044,0.4853631,0.7637368,0.70823467,0.7614902,0.7497699,0.5279723,0.551111,0.7916298,0.86284405,0.88557625,0.8746785,0.7496102,0.88427943,0.87879425,0.9999998,0.78737503,0.5073821,0.88152003,0.7940761,0.82801384,0.883748,0.6972514,0.71302694,0.7888539,0.90690213,0.9066234,0.7470292,0.46947592,0.5002741,0.7470292,0.52791065,0.86884654,0.8757032,0.72384,0.89736813,0.72772956,0.83171535,0.7604222,0.7450832,0.77305305,0.8973867,0.86694986,0.7905011,0.9062656,0.8422952,0.46521667,0.9085015,0.83600074,0.8895632,0.8806051,0.8732402,0.7230979,0.84891117,0.84930015,0.86082923,0.8564558,0.90574646,0.74407923,0.48656493,0.40606618,0.8880172,0.90075517,0.9593484,0.9115039,0.8623487,0.46947592,0.9084568,0.72866523,0.91911465,0.7637368,0.87779903,0.891266,0.73161966,0.8827578,0.74391055,0.85786873,0.85946983,0.831807,0.90707546,0.90726894,0.77002597,0.8284606,0.5660602,0.891041,0.8664229,0.90387857,0.85387295,0.8975042,0.92454755,0.9076119,0.88166165,0.8008478,0.87195367,0.80895054,0.8841729,0.71302694,0.88123,0.8900202,0.8532388,0.7594741,0.88427943,0.8405533,0.73521936,0.74861467,0.7474425,0.9502995,0.85903394,0.85351676
0.7755486,0.897069,0.695002,0.8074184,0.812705,0.8400483,0.40866292,0.89297837,0.89284986,0.903121,0.9597417,0.5572683,0.9702869,0.7595793,0.96005553,0.77974916,0.49653333,0.5013652,0.76045215,0.8678715,0.8049903,0.8497134,0.7905079,0.83373916,0.7897216,0.78737503,0.9999999,0.4759124,0.806071,0.761733,0.9159339,0.7804387,0.7565025,0.8649602,0.7405799,0.7905005,0.82126164,0.93429977,0.4180484,0.4355346,0.93429977,0.5078702,0.838366,0.83268476,0.7552681,0.84992206,0.75027,0.8845736,0.80897933,0.7780024,0.7305357,0.814023,0.8131552,0.71188664,0.81045556,0.84910834,0.41554856,0.85216975,0.92141247,0.81299984,0.7927562,0.84155774,0.7705255,0.79254615,0.8058287,0.78581,0.79340994,0.80361474,0.78219473,0.47297537,0.36050394,0.80336744,0.79983294,0.7844286,0.78747964,0.9175962,0.4180484,0.7841431,0.7629168,0.7792672,0.9702869,0.8772076,0.7979034,0.775993,0.81415087,0.79123765,0.7964654,0.8166971,0.7438768,0.8647918,0.77413905,0.96013933,0.8061111,0.5089935,0.8060881,0.8036672,0.81364816,0.83309805,0.8040691,0.8064723,0.8155339,0.79036856,0.70153034,0.8296715,0.78563833,0.78605413,0.8649602,0.8209987,0.77524745,0.82312536,0.7821374,0.83373916,0.9072851,0.77736056,0.7567802,0.75571907,0.8194735,0.87986135,0.8467011
0.42915726,0.49126065,0.40325275,0.4357661,0.4294913,0.45540744,0.68614835,0.483787,0.53007567,0.5016061,0.47921115,0.6338005,0.44916084,0.4393192,0.44802758,0.46970126,0.8146256,0.81015915,0.43879747,0.4498221,0.42894906,0.4426846,0.44574556,0.42519033,0.40660655,0.5073821,0.4759124,1.0,0.5101708,0.44445673,0.4879193,0.43316582,0.430402,0.41486195,0.43492848,0.49327406,0.45411307,0.43406647,0.86501145,0.761114,0.43406647,0.8629186,0.45913726,0.4303011,0.49671283,0.4483163,0.43969157,0.50159794,0.47385287,0.43172807,0.43780914,0.45647416,0.47157058,0.4286588,0.4662585,0.4780207,0.7488493,0.46836007,0.49219465,0.41471136,0.45174778,0.43615335,0.43740156,0.39219683,0.3973803,0.42858228,0.39826944,0.4685362,0.44039828,0.82382834,0.7830918,0.4203074,0.48474944,0.48493737,0.46740395,0.51331806,0.86501145,0.4630212,0.47473103,0.45528752,0.44916084,0.4480832,0.43546766,0.43051976,0.4723269,0.44512874,0.3982308,0.40756786,0.440273,0.4855017,0.4282608,0.43732792,0.43467638,0.8277428,0.4197229,0.42154193,0.45025653,0.41571853,0.4429363,0.48408413,0.4240356,0.43008465,0.4345501,0.43992,0.46751523,0.42256296,0.41486195,0.44369587,0.4451283,0.40624824,0.44604164,0.42519033,0.48899665,0.43786335,0.45230213,0.4505123,0.47606856,0.46803382,0.47234488
0.7196028,0.8791287,0.7410854,0.8957345,0.8586123,0.88327825,0.47845453,0.81883335,0.88884753,0.86201036,0.82458043,0.51033103,0.7805518,0.7415968,0.77847767,0.7907593,0.5329517,0.5419078,0.8431046,0.887752,0.85318094,0.8895142,0.77409136,0.8752882,0.8248,0.88152003,0.806071,0.5101708,0.9999999,0.8301785,0.8758127,0.8614228,0.7199068,0.72483647,0.8016021,0.896012,0.8870082,0.77778697,0.47255564,0.4730955,0.77778697,0.53571296,0.898276,0.8776736,0.7697324,0.90868294,0.73631036,0.8482327,0.7905865,0.7533814,0.7719716,0.8708793,0.87422174,0.7921838,0.9048152,0.8848428,0.4716248,0.90059227,0.85489655,0.8482938,0.8493618,0.88454485,0.74572754,0.8276861,0.83990514,0.8556787,0.8378991,0.90176195,0.7643355,0.50348425,0.41938156,0.8506117,0.8826339,0.8919253,0.8697976,0.90207016,0.47255564,0.86636955,0.7618749,0.87618923,0.7805518,0.87866545,0.880726,0.75025856,0.9287815,0.7574331,0.8482369,0.8625858,0.8094474,0.87899524,0.84314144,0.789585,0.8163433,0.548168,0.8593271,0.88511276,0.86843187,0.8453432,0.8861181,0.89556265,0.85507655,0.8755932,0.8101957,0.8939979,0.8174721,0.8481382,0.72483647,0.8600806,0.87907726,0.84264016,0.77254033,0.8752882,0.86371386,0.75356257,0.75927305,0.7524376,0.8933377,0.8705927,0.90104663
0.9225953,0.8626082,0.94921255,0.8277453,0.85470855,0.84076595,0.49149168,0.74085003,0.7901832,0.7827191,0.7453985,0.4569068,0.7423867,0.8959127,0.7570593,0.92046523,0.44619238,0.4360016,0.9880128,0.84574884,0.8592056,0.8874792,0.9528549,0.86152726,0.84479934,0.7940761,0.761733,0.44445673,0.8301785,1.0000001,0.78314143,0.8677596,0.9320435,0.8047489,0.98190355,0.80332696,0.82836294,0.7312588,0.41426128,0.4648122,0.7312588,0.52954924,0.8279421,0.88808995,0.8767464,0.8479206,0.9368921,0.7610148,0.9370904,0.9479913,0.9178798,0.83699775,0.74716353,0.9193418,0.86064637,0.7834971,0.38322312,0.8257879,0.8422057,0.86582685,0.9169363,0.8872508,0.94264835,0.8819308,0.8759073,0.8657217,0.85077167,0.8079462,0.9539858,0.45619047,0.3605606,0.8606647,0.89347947,0.8219,0.89799404,0.8059156,0.41426128,0.90067697,0.9295423,0.83740616,0.7423867,0.8521861,0.8623445,0.947977,0.81867427,0.9448042,0.856623,0.8570205,0.93288934,0.8430864,0.8395665,0.7529409,0.9312955,0.4540557,0.86827374,0.8854207,0.8675521,0.8816601,0.87438285,0.8756985,0.8366604,0.8786336,0.9014913,0.81738895,0.8518194,0.8565556,0.8047489,0.8591494,0.8406991,0.88345176,0.95465696,0.86152726,0.8761833,0.9442608,0.94297874,0.94047934,0.8333057,0.8771441,0.7956665
0.74872637,0.911831,0.70361423,0.85327023,0.8331953,0.8661106,0.4338443,0.8734799,0.89941615,0.8898824,0.9552366,0.5787027,0.91236794,0.7455417,0.9206591,0.7770915,0.53294253,0.54152244,0.78341913,0.887479,0.81590855,0.86239034,0.76651067,0.84636056,0.79882205,0.82801384,0.9159339,0.4879193,0.8758127,0.78314143,1.0000001,0.8053288,0.7313255,0.820596,0.75443316,0.83017075,0.86389583,0.94058675,0.4451231,0.46307325,0.94058675,0.53042686,0.89108086,0.8463931,0.7596164,0.87194693,0.72934806,0.8730567,0.7803339,0.7507018,0.75720036,0.83939695,0.85548365,0.72303677,0.8473252,0.88870806,0.44763333,0.8787546,0.8915961,0.82485735,0.80857724,0.8516884,0.74481076,0.8050223,0.81640565,0.8118685,0.80923826,0.84333485,0.76143813,0.48365578,0.38725278,0.824472,0.82108307,0.8289338,0.8137569,0.91756314,0.4451231,0.80661774,0.7543169,0.81656194,0.91236794,0.8826461,0.8207515,0.7488416,0.8605109,0.76006234,0.81630296,0.8339051,0.763777,0.85674644,0.7993066,0.9130851,0.8031305,0.5551513,0.82566416,0.83598197,0.8335486,0.8300392,0.83212936,0.8306098,0.82666147,0.8193549,0.7260527,0.86804545,0.8010776,0.8043031,0.820596,0.83602977,0.8163309,0.8258452,0.7626426,0.84636056,0.88707876,0.750391,0.74478984,0.7409029,0.8498944,0.8794031,0.9046634
0.7610806,0.85828507,0.8173411,0.90822005,0.9291042,0.9164556,0.41530666,0.7461375,0.80960274,0.8014548,0.76943433,0.453215,0.75430346,0.7441811,0.75571996,0.78383195,0.45891923,0.4866319,0.87167645,0.87626815,0.9242581,0.9316083,0.8142625,0.93489337,0.9195195,0.883748,0.7804387,0.43316582,0.8614228,0.8677596,0.8053288,1.0,0.7616515,0.7398771,0.87460566,0.8663875,0.9088145,0.7322579,0.39225966,0.4283632,0.7322579,0.49284944,0.8891558,0.9430224,0.7368797,0.9327663,0.78521574,0.766009,0.8109181,0.8173679,0.82913536,0.9112889,0.8197434,0.8492255,0.92523366,0.81950605,0.41045198,0.9158951,0.84251666,0.95164835,0.9216006,0.9375452,0.7917478,0.9421252,0.93462205,0.93581796,0.9296217,0.8666351,0.8109844,0.44180068,0.3323781,0.9404542,0.90148604,0.9017511,0.9176228,0.84995663,0.39225966,0.9269123,0.7750107,0.9177262,0.75430346,0.9023465,0.91600204,0.8016689,0.88261056,0.8085576,0.9242735,0.93832886,0.89931893,0.8825036,0.92403024,0.7646289,0.90148354,0.4915884,0.94809175,0.92470527,0.94881666,0.9389657,0.9295009,0.9094198,0.92122996,0.92335784,0.83731276,0.90462446,0.8271207,0.9267808,0.7398771,0.9222604,0.9056565,0.9421569,0.8288574,0.93489337,0.85554576,0.8072073,0.80053616,0.8009849,0.9115111,0.90893304,0.8496981
