0,1,2,3,4,5,6,7,8,9,10,11,12,13,14,15,16,17,18,19,20,21,22,23,24,25,26,27,28,29,30,31,32,33,34,35,36,37,38,39,40,41,42,43,44,45,46,47,48,49,50,51,52,53,54,55,56,57,58,59,60,61,62,63,64,65,66,67,68,69,70,71,72,73,74,75,76,77,78,79,80,81,82,83,84,85,86,87,88,89,90,91,92,93,94,95,96,97,98,99,100,101,102,103,104,105,106
0.0,0.33516085,0.76963955,0.80923796,0.841011,0.8293085,0.8458379,0.88638175,0.85001194,0.8149998,0.9557585,0.77105165,0.86089885,0.8280899,0.824765,0.83057165,0.8027211,0.7044527,0.8321208,0.80290467,0.75568956,0.8812878,0.89185554,0.8447203,0.8376986,0.7100125,0.83290845,0.94255155,0.87212527,0.8045995,0.815312,0.69685036,0.65746254,0.8447203,0.8484768,0.8293085,0.84275216,0.80641764,1.2385236,0.9991984,0.86379087,0.81482357,0.81263644,0.88341135,0.86944926,0.7267769,0.9433139,0.8737978,0.8270222,0.85131526,0.74064505,0.8624141,0.7385956,0.7132245,0.73217255,0.75568956,1.0604079,0.76664984,0.8206069,0.88863736,0.7654748,0.9100119,0.68168616,0.80166644,0.76799774,0.8332354,0.79352355,0.7093152,0.8076452,0.7805486,0.81860834,0.8283079,0.778286,0.8014713,0.22683479,0.8631629,0.8447203,0.8447203,0.9185838,0.8861894,1.005344,0.75676394,0.8850584,0.9017962,0.8747876,0.7989141,0.7970305,0.952589,0.88224816,0.8712764,0.7616546,0.8095248,0.8597371,0.80266154,0.79183596,1.0365638,0.84808934,0.87393767,0.70602614,0.8411415,0.71404254,1.0184402,0.73910433,0.74402,0.9978512,0.86066854,0.9626042
0.33516085,0.0,0.68528146,0.8501216,0.8292396,0.7393147,0.82340145,0.8634036,0.75995463,0.77414197,0.9563745,0.8719979,0.8434067,0.8120071,0.7775388,0.7972464,0.7950128,0.64937276,0.727276,0.8473968,0.7064442,0.79659396,0.78727645,0.7491038,0.8923143,0.6943638,0.88521993,0.90760154,0.86522716,0.7655083,0.78564495,0.7034063,0.67426693,0.7491038,0.9182529,0.7393147,0.9024357,0.7564718,1.240582,0.9757568,0.84669167,0.7911096,0.8054258,0.90124315,0.78569716,0.80768836,0.9589348,0.7745341,0.730364,0.8561753,0.7922376,0.8501585,0.74616265,0.72569436,0.79242796,0.7064442,1.0378137,0.66938543,0.83045626,0.8772147,0.79245067,0.86488885,0.65748554,0.788576,0.66062796,0.80855626,0.78135574,0.77000505,0.7108002,0.74821115,0.7459705,0.69360113,0.77847946,0.80178577,0.22709154,0.8495061,0.7491038,0.7491038,0.9020417,0.8758717,1.0032061,0.6795579,0.96199995,0.8702762,0.86011034,0.864297,0.74536,0.9289508,0.77035797,0.8748967,0.77299696,0.875496,0.86600536,0.7664194,0.73512304,1.0719056,0.83824366,0.8412018,0.66170883,0.7812878,0.7884684,1.0498649,0.7447237,0.79501915,0.9729198,0.8459312,0.954884
0.76963955,0.68528146,0.0,0.8246245,0.6726293,0.804197,0.6845367,0.7524492,0.8202181,0.90132374,1.0211314,0.9618336,0.620042,0.63128597,0.7591481,0.7415826,0.7037262,0.75926465,0.47860587,0.8404333,0.82598895,0.66205525,0.8604447,0.8069627,0.9913809,0.7279124,0.96772647,0.79251057,0.59650195,0.89707977,0.42355394,0.6486695,0.88858086,0.8069627,0.977762,0.804197,0.91447955,0.81940526,1.2744033,0.97612363,0.9588646,0.821012,0.90151376,0.94723594,0.65815866,0.96101236,0.99712443,0.85167956,0.42804918,0.7282055,0.92341036,0.57944745,0.8643029,0.656734,0.7775812,0.82598895,0.97912616,0.22379026,0.8582308,0.7730015,0.94232273,0.9751709,0.80478084,0.6699336,0.2743281,0.84755224,0.86678267,0.9116481,0.44439,0.8854599,0.8470091,0.793403,0.8740211,0.9390684,0.7214231,0.6402984,0.8069627,0.8069627,0.92993814,0.9405371,1.0413696,0.81579936,1.002316,0.9393665,0.60470575,0.8937621,0.85891974,0.9404662,0.84122336,0.9304097,0.89424604,0.87883735,0.86367416,0.88968956,0.8459671,1.113312,0.6174778,0.65099967,0.7892128,0.89573807,0.92689586,1.0658367,0.7296654,0.92517793,1.0304463,0.9552716,0.8257216
0.80923796,0.8501216,0.8246245,0.0,0.8805362,0.86323696,0.88310385,0.80623925,0.8852632,1.0423362,0.95364237,0.7364528,0.80927855,0.84971845,0.7793489,0.83319265,0.72744155,0.85050136,0.66615427,0.18927254,0.7475538,0.5748996,0.8421567,0.87954795,0.61077094,0.8590004,0.7172795,0.88359886,0.8472497,1.0352972,0.7052068,0.88011116,0.75831467,0.87954795,0.7938495,0.86323696,0.7772368,1.014878,1.2642009,0.9650285,0.9392884,1.0253217,1.0792028,0.8538248,0.560784,0.65866154,0.86403024,0.8247479,0.669442,0.6470813,0.7980464,0.83146244,0.74366075,0.78638077,0.3134727,0.7475538,0.973614,0.804902,0.41681984,0.65269977,0.7346476,1.101676,0.98556197,0.90103495,0.78267485,0.7929043,1.0773269,0.73767304,0.67581725,0.789027,0.7506886,0.84740514,1.0343752,0.8086473,0.82075804,0.8277211,0.87954795,0.87954795,0.9740322,0.79076153,0.95018625,0.75486094,0.7847905,1.1312226,0.83587414,0.38218766,0.747929,1.0260136,0.88580084,0.84190154,1.0644377,0.6734232,0.49598473,1.0344551,0.7405538,1.0510885,0.8064751,0.91531676,0.9921104,1.0322677,0.72605896,1.0494432,0.6295857,0.72917455,0.9642559,0.95018697,0.8224289
0.841011,0.8292396,0.6726293,0.8805362,0.0,0.88981676,0.044142496,0.44962007,0.9063248,0.97526884,0.96965814,0.963211,0.29886064,0.30127466,0.5279192,0.46940055,0.61187935,0.8448181,0.6695983,0.9019052,0.8740416,0.86277324,0.9026205,0.8967285,0.9459084,0.78882545,0.93059194,0.5366011,0.3490552,0.97587496,0.6640447,0.45115817,0.8773993,0.8967285,0.90964466,0.88981676,0.89277554,0.9462754,1.2773124,0.99767673,0.99177223,0.9316425,1.0251795,0.9036411,0.8567667,0.94665635,0.95858365,0.87945485,0.6454085,0.548493,0.9454409,0.32809496,0.90415794,0.7754525,0.860858,0.8740416,0.9569869,0.69036967,0.8826229,0.6291115,0.9067199,1.0525877,0.8989235,0.44178167,0.71082634,0.91118634,0.9819878,0.92968774,0.6536638,0.9138851,0.8734344,0.91059893,0.99677414,0.9130951,0.8273023,0.32132557,0.8967285,0.8967285,0.9300044,0.9292738,0.96694416,0.903596,0.946278,1.045072,0.36307636,0.8984219,0.8796498,0.9661792,0.9181946,0.93594086,0.98660225,0.8869345,0.8142396,0.9698876,0.8695727,1.0975312,0.27900735,0.3121706,0.87871826,0.96740633,0.9365427,0.9818968,0.80835253,0.9318987,1.0040694,0.9955738,0.54618555
0.8293085,0.7393147,0.804197,0.86323696,0.88981676,0.0,0.88656497,0.9612857,0.098003015,0.9751129,0.9420005,0.6407286,0.8733867,0.90618306,0.98494244,0.9801506,0.97871697,0.40770224,0.70281285,0.83129466,0.2227801,0.5378124,0.32012916,0.07984629,0.6826599,0.9006351,0.595277,1.0066987,0.9092113,0.9823616,0.76529676,0.92542905,0.75731784,0.07984629,0.60605407,0.0,0.54465026,0.9506927,1.1775613,0.9454527,0.8485376,1.0412956,0.9586632,0.5371694,0.5139664,0.60443324,1.0386533,0.28942347,0.7068636,0.86733794,0.5429944,0.8911926,0.72953665,0.8673227,0.8817889,0.2227801,0.9916575,0.80215836,0.73152477,1.0012392,0.6435709,0.97266334,0.9827742,0.92736006,0.81851196,0.42365882,1.0207347,0.4783838,0.6451859,0.48550096,0.33114514,0.330734,0.9153357,0.54725987,0.7778679,0.89328194,0.07984629,0.07984629,1.0287789,0.55882025,0.9983807,0.3084474,0.69595695,1.0938611,0.8934563,0.7795451,0.31810686,1.091892,0.2303531,0.45672825,0.9544015,0.7718271,0.73755944,0.9719823,0.30282798,1.0997889,0.87201643,0.8891947,0.9845024,0.9716448,0.52208936,1.1119242,0.8228366,0.49615526,0.93356043,0.84783655,1.0439847
0.8458379,0.82340145,0.6845367,0.88310385,0.044142496,0.88656497,0.0,0.43015355,0.90091187,0.97687846,0.97402745,0.9607705,0.32703775,0.3276503,0.50734854,0.44795647,0.59436667,0.84077704,0.6378882,0.90608776,0.8836467,0.85488725,0.9061595,0.890827,0.9492656,0.7916066,0.9393784,0.51818883,0.332644,0.97738296,0.63307357,0.44059542,0.88692975,0.890827,0.9177955,0.88656497,0.9039437,0.947982,1.2790077,1.0021148,0.99544966,0.94259745,1.0249851,0.9033122,0.85108685,0.94938827,0.9691525,0.8897808,0.6564842,0.5538551,0.9407279,0.3476009,0.9120084,0.7786695,0.8653465,0.8836467,0.96824914,0.6586505,0.88686377,0.61026007,0.90907127,1.0504992,0.90161693,0.44427833,0.6790583,0.9064927,0.9886823,0.92497814,0.62594587,0.91009974,0.882785,0.9071527,1.0007426,0.90995944,0.8293041,0.29753542,0.890827,0.890827,0.93193376,0.9395381,0.9776603,0.90568876,0.9448637,1.0429807,0.34986466,0.9028512,0.8896799,0.9618105,0.9125986,0.93159604,0.98696005,0.9013288,0.82367265,0.97119725,0.8786138,1.0998627,0.30650043,0.33405504,0.8855658,0.97774506,0.9399799,0.9919026,0.8087764,0.9347326,1.0082786,0.999241,0.5264252
0.88638175,0.8634036,0.7524492,0.80623925,0.44962007,0.9612857,0.43015355,0.0,0.9931238,0.94482946,0.9925267,0.9668999,0.49082875,0.5168979,0.2683137,0.15386666,0.3637093,0.9355086,0.67667824,0.8176955,0.9143746,0.9136256,0.9771815,0.9845075,0.9382974,0.8606206,0.9790043,0.22026303,0.52388424,0.9386197,0.6681637,0.63624173,0.9380487,0.9845075,1.009728,0.9612857,0.97997284,0.91442126,1.299148,0.9981733,0.95689553,0.9548538,1.0480138,1.0157839,0.8926099,0.965731,0.88767755,0.9502038,0.6990285,0.49022195,0.98369133,0.48517686,0.9562973,0.8595309,0.7993615,0.9143746,0.9804215,0.7049771,0.9071934,0.39350295,0.9575735,1.0687897,0.90605676,0.5933591,0.7127499,0.98384047,0.9842466,0.9787788,0.6581646,0.9831759,0.91025054,0.9627516,1.0093428,0.96532893,0.8824424,0.44117022,0.9845075,0.9845075,0.9471032,0.9904189,1.0037282,0.93657124,1.0338697,1.037787,0.53063816,0.90940034,0.9220323,0.9769395,0.99158126,1.0184408,1.0231075,0.887457,0.85287315,0.9416483,0.91176546,1.0420613,0.47579238,0.5220386,0.88741994,0.9980259,0.98336077,0.9788066,0.8362903,0.98250157,1.0106376,0.9620774,0.32840124
0.85001194,0.75995463,0.8202181,0.8852632,0.9063248,0.098003015,0.90091187,0.9931238,0.0,0.9916958,0.9688132,0.7318112,0.8884061,0.9161648,0.99188685,0.98614925,0.96775275,0.46294248,0.7120851,0.8518377,0.26056045,0.54389685,0.34570605,0.09737822,0.7065911,0.9218851,0.6266343,1.0396879,0.92446065,1.0010755,0.77041173,0.9392996,0.77111965,0.09737822,0.63458484,0.098003015,0.6394669,0.97712624,1.184868,0.97436184,0.87219673,1.0447142,0.97512877,0.5632619,0.5606343,0.65199745,1.0628017,0.32572925,0.71649075,0.8812058,0.58994085,0.9040674,0.74741435,0.87806433,0.8626549,0.26056045,1.0323672,0.81119794,0.75401175,1.0213401,0.57763433,0.9691391,0.99365956,0.94848186,0.8283992,0.4542699,1.0223882,0.52374864,0.6791378,0.55752337,0.36837977,0.36034298,0.9359763,0.61954415,0.7981458,0.9053792,0.09737822,0.09737822,1.0500226,0.5891538,1.0307829,0.3544827,0.71877605,1.0908048,0.91526324,0.8020321,0.24887288,1.1000109,0.24137071,0.48261625,0.9649063,0.72524524,0.75713885,0.9924743,0.3390608,1.1106997,0.88682157,0.8999009,1.0041922,0.9811988,0.56745416,1.1442977,0.8344961,0.5438941,0.96153075,0.8712009,1.0653836
0.8149998,0.77414197,0.90132374,1.0423362,0.97526884,0.9751129,0.97687846,0.94482946,0.9916958,0.0,1.1148814,1.044919,0.96484685,0.98589325,1.0023222,0.96244365,0.9893895,0.99787176,0.94268215,1.0206223,0.96595335,1.0077915,1.0001357,0.9802856,1.0621673,0.89952105,1.0926834,0.9649235,0.9891215,0.092107944,0.9644754,0.92469275,1.0463896,0.9802856,1.0837883,0.9751129,1.074596,0.21492623,1.2173271,1.1161507,1.0362982,0.90921855,0.79194266,1.0665715,1.0031592,1.0420904,1.0132928,0.9917662,0.94399077,1.0077746,1.0231633,0.9707822,1.0653031,0.9120159,1.0241365,0.96595335,1.1306847,0.8895475,1.046624,1.0133724,1.0489544,0.75785077,0.76735,0.9774914,0.88526326,1.0673803,0.80833346,1.0166771,0.9430879,1.0735812,0.97131526,0.98792,0.76272786,1.0754232,0.80456287,0.9674321,0.9802856,0.9802856,1.0140862,1.0686971,1.1237457,0.9603143,1.1024584,0.7575078,0.9777748,1.0621991,0.9788228,1.017096,0.9788882,1.0725168,0.80601597,1.0129212,1.0498487,0.08201785,0.96950316,0.6427356,0.9693523,0.9652383,0.7845754,0.7909976,1.0221208,1.1031902,1.0319176,1.0185158,1.1201023,1.0358768,1.0250878
0.9557585,0.9563745,1.0211314,0.95364237,0.96965814,0.9420005,0.97402745,0.9925267,0.9688132,1.1148814,0.0,0.841647,0.9839617,0.9640477,0.9563664,0.97170407,0.94281423,0.88964754,1.002098,0.9890492,0.9176878,0.9881564,1.0457245,0.9576471,0.9141994,0.96759146,0.81563306,1.02606,0.9815453,1.1042703,1.0205969,0.9942549,0.7768035,0.9576471,0.9000889,0.9420005,0.8888938,1.049046,1.2634374,0.23527856,0.58600324,1.0741975,1.1533818,0.9639932,0.97964567,0.85738033,0.8766872,0.9776008,0.9955593,0.97368896,0.84353405,0.97807825,0.77429014,0.9688143,0.96351457,0.9176878,0.91737837,1.0426844,0.9605418,0.97147715,0.9377539,1.188451,1.0519933,0.9538397,1.0453124,0.8152361,1.1435391,0.7905914,0.99753624,0.8737883,0.9443538,0.9200475,1.0793384,0.8203379,0.93737346,0.973818,0.9576471,0.9576471,0.89236885,0.8123851,0.8818144,0.9825761,0.9740371,1.1974986,0.93073213,0.95875263,0.9817573,1.0163466,0.95659655,0.8119641,1.0946822,0.9850681,0.94937044,1.1017008,0.9698031,1.0843769,0.9544682,0.9743247,1.0578474,1.1010938,0.84376943,0.99514824,0.9511735,0.85533375,0.24746354,0.5986164,1.0241958
0.77105165,0.8719979,0.9618336,0.7364528,0.963211,0.6407286,0.9607705,0.9668999,0.7318112,1.044919,0.841647,0.0,0.93108374,0.93967676,0.9335522,0.95652413,0.9262468,0.72785,0.89017177,0.80783385,0.61057127,0.82772803,0.8036521,0.6909811,0.4888589,0.8666462,0.4547745,1.013432,0.9506394,1.0452193,0.90786994,0.9582727,0.6866537,0.6909811,0.6183235,0.6407286,0.56211466,0.99677944,1.1851221,0.87370706,0.72933394,1.060891,1.0456158,0.70828754,0.78750545,0.43714112,0.9410687,0.78554124,0.8907277,0.90790474,0.28571945,0.9182413,0.6265093,0.84438455,0.83638674,0.61057127,0.98703593,0.9702472,0.78212136,0.9267386,0.6911956,1.0783885,1.0188876,0.94916576,0.9681707,0.550597,1.1054593,0.3658456,0.8697216,0.5745647,0.6975753,0.75040656,0.98987705,0.6272936,0.78480446,0.9193288,0.6909811,0.6909811,0.92664385,0.61105585,0.9496119,0.7166993,0.5911883,1.1810691,0.91813755,0.734101,0.70042366,1.0149703,0.6832768,0.576285,1.001055,0.83115685,0.818304,1.0317651,0.66280496,1.0210553,0.91642815,0.9781383,1.0295459,1.0183816,0.415563,0.9744214,0.80567193,0.51908004,0.8718733,0.7413249,1.0204573
0.86089885,0.8434067,0.620042,0.80927855,0.29886064,0.8733867,0.32703775,0.49082875,0.8884061,0.96484685,0.9839617,0.93108374,0.0,0.20117922,0.5418102,0.54136413,0.56343967,0.84577376,0.56212497,0.84927213,0.8603534,0.7817514,0.87045324,0.87759095,0.9048233,0.7997281,0.8969654,0.524164,0.2027689,0.96300435,0.5791323,0.5385888,0.8934779,0.87759095,0.9104715,0.8733867,0.89762807,0.924917,1.2711968,0.9972166,0.9913156,0.94288945,1.0172503,0.8805369,0.77588433,0.9425779,0.9232043,0.8556235,0.5334458,0.52005804,0.9440048,0.13939174,0.87733567,0.75106984,0.81180835,0.8603534,0.94580644,0.6075563,0.84135807,0.6236277,0.87462145,1.0436367,0.9247486,0.5200469,0.60584915,0.892514,0.9767509,0.92483497,0.5595612,0.89556473,0.84699696,0.89975536,0.9929092,0.90566266,0.8348368,0.10667476,0.87759095,0.87759095,0.9362583,0.889436,0.9500172,0.895264,0.9078665,1.0423815,0.20216534,0.8647815,0.86645645,0.96370375,0.8891982,0.9057701,0.9789937,0.87266296,0.7949994,0.9511763,0.856771,1.0749645,0.07500053,0.29328585,0.8940585,0.9591666,0.9303444,0.9682606,0.77206326,0.9254868,1.0056697,0.99329364,0.5462048
0.8280899,0.8120071,0.63128597,0.84971845,0.30127466,0.90618306,0.3276503,0.5168979,0.9161648,0.98589325,0.9640477,0.93967676,0.20117922,0.0,0.48549736,0.4976654,0.5581582,0.8134034,0.6365197,0.90101725,0.8855943,0.8359362,0.8976238,0.91251963,0.91776323,0.74025357,0.9053063,0.5538809,0.26865357,0.98505294,0.6463768,0.5058911,0.84308934,0.91251963,0.92537534,0.90618306,0.91143745,0.9539254,1.2669938,0.99595165,0.98339015,0.91572064,0.9997335,0.8976282,0.8308771,0.9466371,0.94530475,0.878835,0.6093824,0.56763697,0.9502904,0.22145136,0.8260966,0.71502894,0.8297505,0.8855943,0.95825696,0.6478234,0.8814242,0.62184566,0.8774048,1.0595663,0.8790759,0.4835857,0.65862066,0.9046047,0.96939224,0.93622047,0.63346595,0.88893485,0.8665514,0.9088389,0.9679704,0.8857667,0.7949954,0.23713301,0.91251963,0.91251963,0.90891826,0.89823073,0.96000916,0.91324097,0.9234735,1.0547022,0.2627381,0.90186894,0.8900876,0.92370087,0.92259455,0.92229235,0.9553553,0.9015603,0.8305214,0.97959757,0.8850572,1.0979657,0.18133883,0.33546606,0.8523527,0.97144747,0.9428003,0.96897554,0.7640922,0.9369047,1.0034078,0.9859129,0.57150733
0.824765,0.7775388,0.7591481,0.7793489,0.5279192,0.98494244,0.50734854,0.2683137,0.99188685,1.0023222,0.9563664,0.9335522,0.5418102,0.48549736,0.0,0.16143698,0.24679779,0.87874997,0.7538658,0.82303673,0.93921643,0.90200573,0.99996793,1.0096141,0.9222912,0.7842812,0.95034504,0.35896352,0.5322752,0.99736756,0.7644309,0.62133014,0.78712934,1.0096141,0.99488354,0.98494244,0.96292233,0.9641433,1.2911549,0.97928977,0.90267277,0.90855294,1.0365133,0.9987821,0.88308936,0.93250513,0.8736494,0.97422945,0.7722605,0.49599296,0.9530167,0.52553374,0.81994694,0.8055697,0.7141199,0.93921643,0.97497874,0.7327885,0.9008409,0.3869766,0.89983696,1.0973305,0.888745,0.58533657,0.73461807,0.96115845,0.99723,0.9525964,0.7360707,0.9129386,0.9298933,0.9464476,0.99346817,0.9028152,0.7715417,0.49290493,1.0096141,1.0096141,0.88584435,0.9628509,0.9798845,0.9515886,1.0146121,1.0831007,0.5350543,0.90406555,0.9279563,0.9210784,1.0168802,0.9964584,0.9941779,0.8703966,0.8247645,0.99500084,0.9434797,1.0693195,0.52111816,0.5569597,0.86306906,0.98898387,0.95644623,0.96896833,0.7717691,0.95487905,0.98909396,0.9053673,0.34706655
0.83057165,0.7972464,0.7415826,0.83319265,0.46940055,0.9801506,0.44795647,0.15386666,0.98614925,0.96244365,0.97170407,0.95652413,0.54136413,0.4976654,0.16143698,0.0,0.3116721,0.9013982,0.72468007,0.84912133,0.9363156,0.93022174,0.99402964,1.0014688,0.939356,0.8103932,0.9700969,0.32205588,0.51648265,0.9571637,0.71680725,0.5962457,0.84194326,1.0014688,1.006942,0.9801506,0.9779148,0.9247791,1.2931496,0.9893979,0.92652214,0.9188262,1.0425732,1.0067585,0.91170484,0.9560395,0.878541,0.9692258,0.74243414,0.5382974,0.9697539,0.5267292,0.8728027,0.84495723,0.77438956,0.9363156,0.9911929,0.72080696,0.9164395,0.44814125,0.91078305,1.0814749,0.87786365,0.5646571,0.7321831,0.97386205,0.9824311,0.9693679,0.7076937,0.94011873,0.92750543,0.9562791,1.0030847,0.91963416,0.8059647,0.49579108,1.0014688,1.0014688,0.9084906,0.97896564,0.9937096,0.9518186,1.0256436,1.047929,0.5293323,0.9192341,0.92551017,0.93690836,1.0092105,1.0075208,1.0019848,0.8788176,0.8783922,0.95191413,0.9389585,1.0448605,0.52390647,0.55047315,0.85521895,0.9866124,0.97426164,0.9656411,0.8042741,0.9728029,0.9980286,0.9292989,0.41058585
0.8027211,0.7950128,0.7037262,0.72744155,0.61187935,0.97871697,0.59436667,0.3637093,0.96775275,0.9893895,0.94281423,0.9262468,0.56343967,0.5581582,0.24679779,0.3116721,0.0,0.89048606,0.6774173,0.77530247,0.91045356,0.8356898,0.9835646,0.9895117,0.8953629,0.8220334,0.928427,0.42276907,0.57576656,0.9830077,0.68725824,0.6810072,0.80330396,0.9895117,0.9770782,0.97871697,0.96259916,0.95280427,1.2962252,0.9766373,0.9137355,0.93253326,1.0436549,0.98868716,0.8305609,0.9051832,0.86865014,0.9547398,0.70121396,0.5682027,0.93296444,0.5765701,0.8456249,0.82021666,0.67592746,0.91045356,0.9956918,0.6969242,0.8715951,0.33598736,0.8633615,1.0874832,0.8840585,0.65684044,0.69306535,0.941457,0.997715,0.92822963,0.67325056,0.92349654,0.8997458,0.95765996,0.99888587,0.88740724,0.793044,0.5327372,0.9895117,0.9895117,0.90791565,0.9449931,0.9771737,0.92601395,1.0039257,1.0647035,0.58426917,0.8743102,0.89284366,0.9572353,0.9976855,0.9822011,0.9912228,0.86129165,0.8456672,0.9778483,0.9137405,1.0606022,0.55125237,0.62446725,0.88825786,1.0058131,0.9318864,0.97973865,0.8089226,0.9314544,0.98408157,0.9161044,0.39529985
0.7044527,0.64937276,0.75926465,0.85050136,0.8448181,0.40770224,0.84077704,0.9355086,0.46294248,0.99787176,0.88964754,0.72785,0.84577376,0.8134034,0.87874997,0.9013982,0.89048606,0.0,0.6942123,0.83479035,0.51618826,0.54983,0.6015555,0.4562231,0.7698747,0.7324372,0.72406965,0.9724156,0.85730374,1.0063251,0.74825525,0.80873805,0.44350937,0.4562231,0.7321172,0.40770224,0.68822956,0.97552437,1.2063745,0.92850566,0.8081284,0.9478098,0.90682185,0.6726408,0.5002709,0.7022358,0.9869845,0.57721823,0.69823676,0.82439435,0.6331415,0.8680781,0.5513436,0.7368015,0.8124046,0.51618826,1.0071189,0.7446372,0.7345453,0.94744354,0.67130536,1.0300597,0.8933973,0.8339277,0.7649962,0.57926047,0.98016673,0.5910779,0.6357736,0.5436614,0.53086287,0.5557776,0.8733385,0.527303,0.63537014,0.8487069,0.4562231,0.4562231,0.9263812,0.681492,0.9805126,0.534647,0.7993026,1.0894064,0.84771276,0.78256565,0.5783903,0.9623906,0.55110776,0.6366759,0.87955993,0.7439526,0.7582904,0.9903272,0.562896,1.1023805,0.8286455,0.848919,0.9004961,0.95939887,0.619759,1.0469587,0.70557356,0.62163323,0.9285186,0.8060726,0.9933511
0.8321208,0.727276,0.47860587,0.66615427,0.6695983,0.70281285,0.6378882,0.67667824,0.7120851,0.94268215,1.002098,0.89017177,0.56212497,0.6365197,0.7538658,0.72468007,0.6774173,0.6942123,0.0,0.7143475,0.714048,0.4316564,0.7790574,0.6996546,0.92341954,0.8502031,0.89014024,0.6732281,0.6048509,0.94000196,0.23539245,0.674532,0.87525034,0.6996546,0.91286933,0.70281285,0.9142171,0.92846984,1.2619834,1.0087368,0.9933926,0.9778979,0.9848069,0.8673128,0.43374214,0.90742636,0.9790779,0.7738549,0.07150901,0.708064,0.8514742,0.604907,0.87799,0.78826374,0.6790732,0.714048,1.0277418,0.38377497,0.71462816,0.6215588,0.8709874,0.9950842,0.92618126,0.77417666,0.33778635,0.8114799,0.94363195,0.8275135,0.088201694,0.83632094,0.75269634,0.7497908,0.97544104,0.87134963,0.8022091,0.5461291,0.6996546,0.6996546,0.9796045,0.8584854,1.0290177,0.7395676,0.9220896,0.9939105,0.6139515,0.7626485,0.76158047,0.99877757,0.69245285,0.81446284,0.9668182,0.81017697,0.74227166,0.94243497,0.7464811,1.0969397,0.56936425,0.6348764,0.9110127,0.93340707,0.8485647,1.0548681,0.7269286,0.84515816,1.0066264,0.9930266,0.6895246
0.80290467,0.8473968,0.8404333,0.18927254,0.9019052,0.83129466,0.90608776,0.8176955,0.8518377,1.0206223,0.9890492,0.80783385,0.84927213,0.90101725,0.82303673,0.84912133,0.77530247,0.83479035,0.7143475,0.0,0.7207573,0.63707703,0.84277683,0.84638757,0.68300205,0.90682787,0.786603,0.90756387,0.88952595,1.0127767,0.72399557,0.88012743,0.74425215,0.84638757,0.79014635,0.83129466,0.7725144,0.99239725,1.2529154,0.9987026,0.9075904,1.0308454,1.0854167,0.8445648,0.6245641,0.66209275,0.8711024,0.825007,0.71350235,0.6141588,0.79803413,0.8763603,0.80299467,0.8418045,0.25255823,0.7207573,0.9916457,0.8209119,0.34286457,0.7036436,0.75961274,1.1022359,0.9884471,0.9155215,0.8153557,0.79075736,1.0735611,0.7395851,0.69783515,0.818914,0.75443625,0.8230723,1.0428112,0.7915281,0.80649245,0.87124497,0.84638757,0.84638757,1.0005385,0.8589511,0.9822952,0.7283938,0.84806156,1.1299437,0.8779999,0.30952895,0.72153753,1.0571545,0.8898378,0.8754914,1.085569,0.63787234,0.47339872,1.0131655,0.71404785,1.0284969,0.85375124,0.94195235,0.9992311,1.0562258,0.72873867,1.0747534,0.6634454,0.7279688,0.99516726,0.91707444,0.8714823
0.75568956,0.7064442,0.82598895,0.7475538,0.8740416,0.2227801,0.8836467,0.9143746,0.26056045,0.96595335,0.9176878,0.61057127,0.8603534,0.8855943,0.93921643,0.9363156,0.91045356,0.51618826,0.714048,0.7207573,0.0,0.5689314,0.305844,0.2427432,0.49171776,0.88167596,0.42003584,0.9974026,0.90253776,0.9732419,0.7723806,0.90269244,0.6112148,0.2427432,0.49543503,0.2227801,0.4962021,0.932368,1.1794084,0.9127096,0.7799337,1.0336088,0.98292714,0.54993534,0.57801306,0.43927246,0.9951262,0.24893664,0.7151238,0.78386647,0.5427743,0.87143224,0.59556854,0.83794445,0.7606156,0.0,0.98430914,0.8256919,0.6947566,0.9262051,0.54166853,0.9806635,0.929301,0.9059427,0.8264396,0.39706072,1.035212,0.48188373,0.69778746,0.50655985,0.24445146,0.3602603,0.9176647,0.56123686,0.7359584,0.873931,0.2427432,0.2427432,1.0111983,0.48512152,0.99207014,0.27772218,0.63647515,1.110619,0.87227434,0.6915192,0.095326774,1.0819017,0.32570595,0.51987934,0.96457636,0.74286306,0.680932,0.96368563,0.08494046,1.0517198,0.8556298,0.8567037,0.95712465,0.97719437,0.48577073,1.1092675,0.7870415,0.4867617,0.90243363,0.7870802,1.0181572
0.8812878,0.79659396,0.66205525,0.5748996,0.86277324,0.5378124,0.85488725,0.9136256,0.54389685,1.0077915,0.9881564,0.82772803,0.7817514,0.8359362,0.90200573,0.93022174,0.8356898,0.54983,0.4316564,0.63707703,0.5689314,0.0,0.64975625,0.53772557,0.83973414,0.8848524,0.7874153,0.93583703,0.8234728,1.0171183,0.56887865,0.87311494,0.81297094,0.53772557,0.8410201,0.5378124,0.8497605,1.001629,1.2352896,0.9968174,0.9846935,1.0152687,0.9953196,0.7743181,0.053869624,0.82576966,0.9748233,0.6392942,0.44439793,0.7596119,0.7661598,0.8059902,0.78648037,0.8453687,0.6831709,0.5689314,1.0489312,0.6489797,0.6380503,0.79787743,0.79413635,1.0125458,0.99839336,0.92666197,0.61559474,0.69539887,1.0098994,0.7270954,0.47035775,0.73147124,0.59950554,0.6235786,0.9750676,0.7805689,0.8327209,0.79959625,0.53772557,0.53772557,1.0512599,0.7445435,1.048598,0.5999229,0.8483605,1.0509622,0.82532114,0.6860707,0.6290413,1.0615765,0.5274531,0.68334377,1.0022292,0.7281513,0.631079,1.0113951,0.6176568,1.134218,0.78333604,0.86038053,0.987153,0.98253036,0.7556793,1.1319369,0.6551454,0.7430076,0.9943019,0.9833264,0.90289843
0.89185554,0.78727645,0.8604447,0.8421567,0.9026205,0.32012916,0.9061595,0.9771815,0.34570605,1.0001357,1.0457245,0.8036521,0.87045324,0.8976238,0.99996793,0.99402964,0.9835646,0.6015555,0.7790574,0.84277683,0.305844,0.64975625,0.0,0.26782095,0.59581625,0.9148519,0.5818706,1.0171245,0.91421884,1.0093229,0.8542733,0.9347916,0.79998046,0.26782095,0.6451795,0.32012916,0.6443629,0.96848184,1.1647452,1.0390495,0.9966591,1.0421666,0.9427914,0.55622816,0.6606096,0.66486025,1.0436532,0.07686878,0.7775533,0.8662883,0.7122662,0.88425267,0.7390008,0.86987257,0.8720673,0.305844,1.0188035,0.8610082,0.7908581,1.001756,0.57649887,0.965241,0.93938756,0.944076,0.8660247,0.50491107,1.0454154,0.64902234,0.7609309,0.58814484,0.25121117,0.38962284,0.9029101,0.6985536,0.84426665,0.88618296,0.26782095,0.26782095,1.0461185,0.49508888,1.0247093,0.39761692,0.6725181,1.0972196,0.8857485,0.83887845,0.32332453,1.0897679,0.3646258,0.6223617,0.9313525,0.8869541,0.79549813,0.9978557,0.24311931,1.134601,0.8693535,0.8950061,0.96143544,0.9808597,0.65418977,1.127725,0.81641525,0.6246413,1.036442,1.0057701,1.0430131
0.8447203,0.7491038,0.8069627,0.87954795,0.8967285,0.07984629,0.890827,0.9845075,0.09737822,0.9802856,0.9576471,0.6909811,0.87759095,0.91251963,1.0096141,1.0014688,0.9895117,0.4562231,0.6996546,0.84638757,0.2427432,0.53772557,0.26782095,0.0,0.6682044,0.91732734,0.57656527,1.0291231,0.9148169,0.9875707,0.7642098,0.9333933,0.7653344,0.0,0.58311844,0.07984629,0.5845365,0.96168745,1.1707069,0.9639698,0.85662955,1.0492254,0.95619285,0.51646173,0.55447,0.60686964,1.0575285,0.31215873,0.7039683,0.87620103,0.54558057,0.895919,0.7367521,0.8766202,0.9008927,0.2427432,1.0123105,0.8012457,0.750571,1.0138212,0.65034044,0.95776063,0.9845886,0.940727,0.81626475,0.39766404,1.0219607,0.47638765,0.6661344,0.5488135,0.35030982,0.34602556,0.91352195,0.6114142,0.794139,0.8955134,0.0,0.0,1.0382626,0.542706,1.0111116,0.33699065,0.6778892,1.0949738,0.9031615,0.7985914,0.33574656,1.098984,0.16639481,0.4304111,0.9437551,0.7741079,0.75938964,0.9800009,0.2666495,1.1065791,0.87791884,0.8879642,0.9935239,0.9729109,0.52311015,1.1322474,0.8321565,0.49984136,0.9523346,0.856145,1.0597664
0.8376986,0.8923143,0.9913809,0.61077094,0.9459084,0.6826599,0.9492656,0.9382974,0.7065911,1.0621673,0.9141994,0.4888589,0.9048233,0.91776323,0.9222912,0.939356,0.8953629,0.7698747,0.92341954,0.68300205,0.49171776,0.83973414,0.59581625,0.6682044,0.0,0.8947933,0.2936178,1.040915,0.93131006,1.0700386,0.93567234,0.9481251,0.6398678,0.6682044,0.46774682,0.6826599,0.49114063,1.0217385,1.1576868,0.9294048,0.88064694,1.0892372,1.0382375,0.55122167,0.8396248,0.39666018,0.92232996,0.5960704,0.92162466,0.8531618,0.6309533,0.9072537,0.55983186,0.8582502,0.719684,0.49171776,0.9244666,1.0039233,0.6322767,0.87005,0.52906346,1.0654833,1.0123817,0.95837444,0.99604774,0.43849748,1.1306654,0.55517155,0.9236958,0.5756232,0.53607965,0.7696867,0.99219567,0.6155292,0.85003865,0.9086381,0.6682044,0.6682044,0.96694905,0.44750765,0.87675774,0.6938492,0.43369436,1.2048677,0.90028054,0.58425635,0.5000798,1.0591643,0.6493879,0.5099672,0.9744639,0.823075,0.7983807,1.0519003,0.44843513,1.0322696,0.88960844,0.9535097,1.0368521,1.0539025,0.51107967,1.024556,0.73622847,0.5291012,0.93067217,0.8946905,1.0401708
0.7100125,0.6943638,0.7279124,0.8590004,0.78882545,0.9006351,0.7916066,0.8606206,0.9218851,0.89952105,0.96759146,0.8666462,0.7997281,0.74025357,0.7842812,0.8103932,0.8220334,0.7324372,0.8502031,0.90682787,0.88167596,0.8848524,0.9148519,0.91732734,0.8947933,0.0,0.8990615,0.89986366,0.80501014,0.89366114,0.85527045,0.6558717,0.7617104,0.91732734,0.8605468,0.9006351,0.8423434,0.8610387,1.257488,0.9671347,0.8590103,0.77012414,0.8943359,0.8926759,0.8699562,0.9068441,0.9532318,0.8939141,0.84413755,0.8326785,0.8751769,0.793002,0.78223056,0.3986702,0.8190076,0.88167596,0.956983,0.74407876,0.87271535,0.85491985,0.82320094,1.000993,0.762332,0.7213102,0.7565654,0.88593805,0.87977016,0.8724507,0.82775563,0.82451534,0.8177879,0.916371,0.84299374,0.8850686,0.67472756,0.79304504,0.91732734,0.91732734,0.85738605,0.9179028,0.9336668,0.89318496,0.8873366,0.98161936,0.79501754,0.8965469,0.8861004,0.8562946,0.9400103,0.9144843,0.86126626,0.88658255,0.86876035,0.900375,0.88185453,1.0673399,0.7854792,0.8216937,0.724284,0.86450773,0.8799182,0.9998069,0.732191,0.88372207,0.96931297,0.85989684,0.91240597
0.83290845,0.88521993,0.96772647,0.7172795,0.93059194,0.595277,0.9393784,0.9790043,0.6266343,1.0926834,0.81563306,0.4547745,0.8969654,0.9053063,0.95034504,0.9700969,0.928427,0.72406965,0.89014024,0.786603,0.42003584,0.7874153,0.5818706,0.57656527,0.2936178,0.8990615,0.0,1.037325,0.92141813,1.1025802,0.90843344,0.94532126,0.58372045,0.57656527,0.37036595,0.595277,0.44710934,1.0455967,1.1378899,0.8385598,0.7654153,1.0920193,1.020013,0.4550964,0.79220104,0.26020125,0.9489946,0.5511737,0.88796467,0.86289954,0.5625952,0.8932965,0.44291833,0.85317945,0.7960777,0.42003584,0.9305444,0.9823766,0.76873296,0.9370455,0.5494845,1.0650187,1.0383826,0.94439536,0.97376686,0.28911197,1.1374261,0.49256915,0.8936402,0.504074,0.5459625,0.6836229,0.98899984,0.52638423,0.8484495,0.8981388,0.57656527,0.57656527,0.9338968,0.19535977,0.8653908,0.6529192,0.32198378,1.2097492,0.8917783,0.7207126,0.51407546,1.0428377,0.5175027,0.33507878,0.95502573,0.82054746,0.80042464,1.0798718,0.4588469,1.0934479,0.8813889,0.92666996,1.0550166,1.0476805,0.5013434,1.0226108,0.7530964,0.43930683,0.8328566,0.77833617,1.0321095
0.94255155,0.90760154,0.79251057,0.88359886,0.5366011,1.0066987,0.51818883,0.22026303,1.0396879,0.9649235,1.02606,1.013432,0.524164,0.5538809,0.35896352,0.32205588,0.42276907,0.9724156,0.6732281,0.90756387,0.9974026,0.93583703,1.0171245,1.0291231,1.040915,0.89986366,1.037325,0.0,0.5695051,0.96017754,0.69847363,0.7003183,1.0082419,1.0291231,1.0530173,1.0066987,1.019921,0.9401911,1.2998834,1.0317044,1.018736,0.9615398,1.0306544,1.0584502,0.91354585,1.0444822,0.93246675,0.9975611,0.70261186,0.5015664,1.0342733,0.5304009,1.0074362,0.8987007,0.8860192,0.9974026,0.99655294,0.734061,0.9820264,0.4305822,1.0330036,1.0543734,0.9383196,0.6237199,0.72913885,1.0441356,0.9742568,1.0463426,0.65754193,1.0337129,0.99378693,1.0069393,1.0154448,1.0164601,0.9355082,0.4760752,1.0291231,1.0291231,0.9514582,1.0325172,1.0256659,1.0150667,1.0697819,1.0212911,0.5653665,0.9860714,1.0061603,0.97427905,1.0265849,1.0614499,1.001333,0.9267819,0.89881754,0.96394694,0.99329257,1.093316,0.5170492,0.5507963,0.9105146,0.9901714,1.0526947,0.9759497,0.855476,1.049187,1.0447955,1.0234457,0.17891459
0.87212527,0.86522716,0.59650195,0.8472497,0.3490552,0.9092113,0.332644,0.52388424,0.92446065,0.9891215,0.9815453,0.9506394,0.2027689,0.26865357,0.5322752,0.51648265,0.57576656,0.85730374,0.6048509,0.88952595,0.90253776,0.8234728,0.91421884,0.9148169,0.93131006,0.80501014,0.92141813,0.5695051,0.0,0.9861276,0.5128757,0.528808,0.898004,0.9148169,0.94039124,0.9092113,0.92838013,0.95317584,1.2855217,1.0099518,0.9989674,0.9501293,1.0365957,0.9135231,0.8173083,0.95997506,0.93387777,0.8974315,0.6224521,0.5793269,0.9634279,0.2865049,0.8985244,0.7858089,0.84856427,0.90253776,0.974849,0.63818836,0.8801525,0.65214187,0.906253,1.0597115,0.94053864,0.508086,0.64269567,0.9155298,0.9973324,0.9466783,0.6015459,0.92532426,0.883104,0.9325743,1.0152342,0.9231787,0.8463775,0.21170098,0.9148169,0.9148169,0.9446629,0.91475433,0.9740307,0.8819329,0.9382475,1.0530033,0.18173333,0.9002714,0.9101543,0.9678724,0.9319266,0.93229187,0.9946622,0.902223,0.8495495,0.97541493,0.9017181,1.0847256,0.23264165,0.3527514,0.91005677,0.97325855,0.9519736,0.9767786,0.8098428,0.9466934,1.0144787,1.0011547,0.58248484
0.8045995,0.7655083,0.89707977,1.0352972,0.97587496,0.9823616,0.97738296,0.9386197,1.0010755,0.092107944,1.1042703,1.0452193,0.96300435,0.98505294,0.99736756,0.9571637,0.9830077,1.0063251,0.94000196,1.0127767,0.9732419,1.0171183,1.0093229,0.9875707,1.0700386,0.89366114,1.1025802,0.96017754,0.9861276,0.0,0.96350026,0.92437565,1.0551852,0.9875707,1.093425,0.9823616,1.0833445,0.2740378,1.2351652,1.107672,1.0204512,0.90874416,0.80120844,1.0745835,1.0110769,1.0452403,1.0053309,1.0009161,0.94129,1.0092212,1.0234947,0.967903,1.0743817,0.9097157,1.0178467,0.9732419,1.1225488,0.8883439,1.0384525,1.0073825,1.0587156,0.7595702,0.7634855,0.97592366,0.8811036,1.074443,0.8028039,1.0169194,0.9389675,1.0833013,0.9786454,0.98403114,0.767776,1.0851218,0.7950747,0.9638884,0.9875707,0.9875707,1.0122929,1.0768242,1.1157123,0.95418686,1.1129916,0.74530035,0.9744277,1.0544405,0.9862552,1.0165325,0.98704356,1.0797569,0.8139146,1.0225015,1.0475546,0.15983906,0.9759242,0.61547524,0.9657203,0.96439266,0.77959514,0.7916872,1.0218685,1.0924063,1.0407223,1.0196047,1.1126808,1.0200267,1.022269
0.815312,0.78564495,0.42355394,0.7052068,0.6640447,0.76529676,0.63307357,0.6681637,0.77041173,0.9644754,1.0205969,0.90786994,0.5791323,0.6463768,0.7644309,0.71680725,0.68725824,0.74825525,0.23539245,0.72399557,0.7723806,0.56887865,0.8542733,0.7642098,0.93567234,0.85527045,0.90843344,0.69847363,0.5128757,0.96350026,0.0,0.6395089,0.85741836,0.7642098,0.9113303,0.76529676,0.90840167,0.95532894,1.2759231,1.0251687,0.9858191,0.971567,1.0162461,0.9161608,0.5747051,0.8982353,0.9946195,0.84696794,0.2690018,0.6761641,0.89988834,0.61785835,0.8883591,0.7793613,0.69216067,0.7723806,1.0465481,0.40729192,0.76989377,0.6722583,0.9070589,1.0241983,0.9317907,0.7540979,0.40065718,0.8636527,0.9687833,0.8808991,0.19160376,0.88038844,0.83178544,0.8262442,0.99707955,0.8872978,0.81423885,0.5591272,0.7642098,0.7642098,0.996289,0.9236065,1.0478368,0.7824016,0.94060284,1.0203575,0.6295599,0.7709535,0.81226355,1.0076154,0.8173089,0.8953062,1.0012009,0.7803457,0.7985229,0.96543586,0.80493855,1.1049808,0.58695644,0.64724785,0.915174,0.96496814,0.8987401,1.0645789,0.78361917,0.89566785,1.0243586,0.9859555,0.70635974
0.69685036,0.7034063,0.6486695,0.88011116,0.45115817,0.92542905,0.44059542,0.63624173,0.9392996,0.92469275,0.9942549,0.9582727,0.5385888,0.5058911,0.62133014,0.5962457,0.6810072,0.80873805,0.674532,0.88012743,0.90269244,0.87311494,0.9347916,0.9333933,0.9481251,0.6558717,0.94532126,0.7003183,0.528808,0.92437565,0.6395089,0.0,0.8317116,0.9333933,0.92173314,0.92542905,0.9068361,0.89969784,1.2623653,1.0134268,0.9547892,0.7938916,0.9262186,0.91468626,0.8675208,0.9335878,0.9607762,0.922537,0.68599164,0.6922565,0.9464427,0.5680539,0.8493789,0.7088592,0.80862105,0.90269244,0.9882073,0.5899115,0.8907926,0.703817,0.91903454,0.9897854,0.76247966,0.42695135,0.62959516,0.9266903,0.88996184,0.9324003,0.65102464,0.8754902,0.9077984,0.9232809,0.90163535,0.9072247,0.67340744,0.53380525,0.9333933,0.9333933,0.8987038,0.9616022,0.97275925,0.9249548,0.94677526,0.9894498,0.537688,0.88735443,0.9097478,0.9158229,0.9589258,0.95862865,0.8826344,0.87380654,0.84311867,0.91502637,0.9034216,1.0876412,0.55362535,0.54963803,0.75732845,0.9106606,0.9384451,0.98876697,0.77005476,0.9384914,1.0166285,0.9570012,0.6933474
0.65746254,0.67426693,0.88858086,0.75831467,0.8773993,0.75731784,0.88692975,0.9380487,0.77111965,1.0463896,0.7768035,0.6866537,0.8934779,0.84308934,0.78712934,0.84194326,0.80330396,0.44350937,0.87525034,0.74425215,0.6112148,0.81297094,0.79998046,0.7653344,0.6398678,0.7617104,0.58372045,1.0082419,0.898004,1.0551852,0.85741836,0.8317116,0.0,0.7653344,0.65246695,0.75731784,0.6516312,1.0068722,1.1980385,0.8861242,0.7040618,0.972322,1.0274508,0.73449296,0.80605954,0.57316476,0.901297,0.76064366,0.8742249,0.7959188,0.679308,0.8971101,0.26674184,0.7849323,0.7170036,0.6112148,1.0013825,0.8839709,0.7722082,0.90265876,0.5947533,1.111807,0.89112467,0.86611736,0.891144,0.60337985,1.0578274,0.6441702,0.8557656,0.54731673,0.6902569,0.740832,0.97429407,0.45494974,0.5805098,0.88444793,0.7653344,0.7653344,0.8487052,0.67194843,0.9606201,0.72381145,0.7459417,1.1672276,0.88098514,0.7325343,0.6656236,0.92533416,0.81588966,0.7062492,0.9591575,0.7710762,0.7581817,1.0333872,0.6610775,1.0578661,0.8676987,0.8821203,0.9197354,1.0034647,0.64972913,0.9901662,0.70826024,0.6602423,0.88909984,0.7097244,1.0098904
0.8447203,0.7491038,0.8069627,0.87954795,0.8967285,0.07984629,0.890827,0.9845075,0.09737822,0.9802856,0.9576471,0.6909811,0.87759095,0.91251963,1.0096141,1.0014688,0.9895117,0.4562231,0.6996546,0.84638757,0.2427432,0.53772557,0.26782095,0.0,0.6682044,0.91732734,0.57656527,1.0291231,0.9148169,0.9875707,0.7642098,0.9333933,0.7653344,0.0,0.58311844,0.07984629,0.5845365,0.96168745,1.1707069,0.9639698,0.85662955,1.0492254,0.95619285,0.51646173,0.55447,0.60686964,1.0575285,0.31215873,0.7039683,0.87620103,0.54558057,0.895919,0.7367521,0.8766202,0.9008927,0.2427432,1.0123105,0.8012457,0.750571,1.0138212,0.65034044,0.95776063,0.9845886,0.940727,0.81626475,0.39766404,1.0219607,0.47638765,0.6661344,0.5488135,0.35030982,0.34602556,0.91352195,0.6114142,0.794139,0.8955134,0.0,0.0,1.0382626,0.542706,1.0111116,0.33699065,0.6778892,1.0949738,0.9031615,0.7985914,0.33574656,1.098984,0.16639481,0.4304111,0.9437551,0.7741079,0.75938964,0.9800009,0.2666495,1.1065791,0.87791884,0.8879642,0.9935239,0.9729109,0.52311015,1.1322474,0.8321565,0.49984136,0.9523346,0.856145,1.0597664
0.8484768,0.9182529,0.977762,0.7938495,0.90964466,0.60605407,0.9177955,1.009728,0.63458484,1.0837883,0.9000889,0.6183235,0.9104715,0.92537534,0.99488354,1.006942,0.9770782,0.7321172,0.91286933,0.79014635,0.49543503,0.8410201,0.6451795,0.58311844,0.46774682,0.8605468,0.37036595,1.0530173,0.94039124,1.093425,0.9113303,0.92173314,0.65246695,0.58311844,0.0,0.60605407,0.15557481,1.043533,1.1454289,0.8660394,0.83638406,1.0810299,1.0387362,0.39268014,0.84162277,0.4441799,0.9588908,0.6168207,0.9102879,0.8721244,0.59646416,0.91236925,0.6399697,0.81270254,0.80595344,0.49543503,0.6911627,0.9862101,0.72967976,0.98699987,0.54729605,1.0668155,1.0541317,0.93983406,0.99279666,0.41177136,1.1198038,0.5162234,0.88948345,0.62738866,0.54675955,0.7607122,1.0023521,0.6154272,0.86639225,0.91395587,0.58311844,0.58311844,0.9184922,0.5288665,0.6480598,0.72421086,0.2675873,1.2100419,0.9084662,0.6816594,0.5202076,1.0488452,0.6010902,0.49878743,0.9710027,0.77417713,0.7529394,1.0737687,0.46742177,1.0814964,0.89785665,0.91961265,1.0630292,0.97354525,0.52468914,1.0340053,0.784399,0.51304096,0.85768217,0.84273666,1.0517495
0.8293085,0.7393147,0.804197,0.86323696,0.88981676,0.0,0.88656497,0.9612857,0.098003015,0.9751129,0.9420005,0.6407286,0.8733867,0.90618306,0.98494244,0.9801506,0.97871697,0.40770224,0.70281285,0.83129466,0.2227801,0.5378124,0.32012916,0.07984629,0.6826599,0.9006351,0.595277,1.0066987,0.9092113,0.9823616,0.76529676,0.92542905,0.75731784,0.07984629,0.60605407,0.0,0.54465026,0.9506927,1.1775613,0.9454527,0.8485376,1.0412956,0.9586632,0.5371694,0.5139664,0.60443324,1.0386533,0.28942347,0.7068636,0.86733794,0.5429944,0.8911926,0.72953665,0.8673227,0.8817889,0.2227801,0.9916575,0.80215836,0.73152477,1.0012392,0.6435709,0.97266334,0.9827742,0.92736006,0.81851196,0.42365882,1.0207347,0.4783838,0.6451859,0.48550096,0.33114514,0.330734,0.9153357,0.54725987,0.7778679,0.89328194,0.07984629,0.07984629,1.0287789,0.55882025,0.9983807,0.3084474,0.69595695,1.0938611,0.8934563,0.7795451,0.31810686,1.091892,0.2303531,0.45672825,0.9544015,0.7718271,0.73755944,0.9719823,0.30282798,1.0997889,0.87201643,0.8891947,0.9845024,0.9716448,0.52208936,1.1119242,0.8228366,0.49615526,0.93356043,0.84783655,1.0439847
