0,1,2,3,4,5,6,7,8,9,10,11,12,13,14,15,16,17,18,19,20,21,22,23,24,25,26,27,28,29,30,31,32,33,34,35,36,37,38,39,40,41,42,43,44,45,46,47,48,49,50,51,52,53,54,55,56,57,58,59,60,61,62,63,64,65,66,67,68,69,70,71,72,73,74,75,76,77,78,79,80,81,82,83,84,85,86,87,88,89,90,91,92,93,94,95,96,97,98,99,100,101,102,103,104,105,106
0.9999998,0.9727824,0.92810965,0.89794457,0.8904741,0.8927442,0.92035896,0.87992156,0.8966694,0.85390973,0.826971,0.8783795,0.875739,0.91155666,0.9239348,0.92894876,0.9139087,0.9300717,0.9317485,0.90893865,0.89168197,0.9164208,0.83804977,0.9067982,0.86247045,0.74127316,0.88712835,0.90413845,0.9033412,0.85415983,0.9282186,0.898449,0.9194113,0.90295625,0.8852103,0.8927442,0.83998394,0.8391517,0.40663236,0.8612871,0.8683032,0.5327989,0.86553264,0.90796894,0.92896533,0.9186844,0.89246213,0.8620001,0.9174015,0.8926263,0.877267,0.89131165,0.9355076,0.92659885,0.93569446,0.8688732,0.8229375,0.90686214,0.9053802,0.8958782,0.89199483,0.81636333,0.8943579,0.7069262,0.942346,0.91248924,0.8874781,0.92838246,0.9395355,0.84105074,0.86874634,0.9031888,0.840027,0.89012176,0.97926265,0.90842056,0.9067982,0.9067982,0.8575419,0.8728907,0.85778224,0.8695195,0.8841823,0.89353377,0.88444936,0.91059905,0.8819402,0.7557912,0.866532,0.8660676,0.8724529,0.9496036,0.9048885,0.86291873,0.8739442,0.783957,0.87183833,0.9068435,0.71066153,0.91204894,0.84618175,0.8314364,0.9295285,0.8316151,0.9095546,0.9176015,0.9032824
0.9727824,0.9999999,0.92432016,0.89729184,0.8936724,0.9184351,0.923339,0.8962735,0.9196801,0.80884516,0.8740748,0.86918044,0.8780415,0.91509205,0.92824244,0.93667614,0.93218136,0.958567,0.94525874,0.9125902,0.921888,0.9323782,0.8953487,0.9278098,0.8770658,0.7300248,0.89465404,0.9215394,0.9069816,0.8108939,0.94096047,0.911209,0.94402426,0.92982423,0.8922688,0.9184351,0.8588348,0.79780746,0.3714421,0.89284354,0.8196873,0.5902132,0.8175753,0.906659,0.94375217,0.91967344,0.91113484,0.9105185,0.9391758,0.9011015,0.83110476,0.9028331,0.9539561,0.9255861,0.9289987,0.89718187,0.8647033,0.9143549,0.9027484,0.91151154,0.9183108,0.84598553,0.912496,0.69355565,0.949421,0.9164633,0.92554545,0.9295349,0.95484436,0.8640213,0.9055606,0.9337883,0.7958067,0.9109005,0.9750914,0.912737,0.9278098,0.9278098,0.9141846,0.88251007,0.90289533,0.9000901,0.88642997,0.9135088,0.8940605,0.9062812,0.90215194,0.76361406,0.9046872,0.8807773,0.8260815,0.94703543,0.8988223,0.81654704,0.8948014,0.74288726,0.8803803,0.9025436,0.7129606,0.93177605,0.86691886,0.87149346,0.9304129,0.85502315,0.9305534,0.88611406,0.91079146
0.92810965,0.92432016,1.0,0.86201525,0.8862535,0.8652716,0.90601814,0.8698875,0.86345214,0.80776453,0.80510557,0.8266536,0.86084944,0.8993577,0.9150129,0.92161894,0.9016008,0.89358544,0.9208207,0.89299154,0.86179465,0.8945436,0.8144472,0.873746,0.81889606,0.7420075,0.8536262,0.898838,0.89217556,0.81018156,0.9273081,0.8778328,0.87631696,0.8680969,0.84242487,0.8652716,0.80377793,0.8236588,0.4248541,0.83804,0.849005,0.5286872,0.82231236,0.87035525,0.90364265,0.8747219,0.85753137,0.82978123,0.9216009,0.8975574,0.8293295,0.89980745,0.91161585,0.91841507,0.91437036,0.8244835,0.81329817,0.8997766,0.8628064,0.8755249,0.8450681,0.7862636,0.8775748,0.72016275,0.9359797,0.89103836,0.88190603,0.88480633,0.93006164,0.7905015,0.83214116,0.88690436,0.8239963,0.84847426,0.9210668,0.89135766,0.873746,0.873746,0.86029875,0.8370381,0.82784235,0.84188956,0.8458705,0.8675631,0.8941103,0.87041134,0.8407,0.770307,0.83888334,0.8259652,0.82268053,0.92184645,0.8565242,0.81809807,0.82646453,0.74660033,0.8552156,0.8903215,0.7115567,0.89282346,0.794429,0.805653,0.9076263,0.78268105,0.87437016,0.8826155,0.8905988
0.89794457,0.89729184,0.86201525,1.0,0.91762805,0.92056006,0.9145779,0.9401513,0.9358331,0.84032416,0.85467935,0.9232911,0.9310123,0.91888493,0.9084359,0.90834427,0.92883587,0.92981887,0.9367985,0.944855,0.90699255,0.95397496,0.8693655,0.92592734,0.9452572,0.791435,0.93548,0.91050875,0.88858163,0.84280324,0.9218973,0.8836971,0.9417684,0.92753303,0.9127836,0.92056006,0.90499973,0.81069565,0.4342214,0.8971256,0.8486352,0.5948221,0.8215114,0.9123447,0.9483176,0.9278346,0.9373378,0.89788246,0.90597,0.917784,0.8378544,0.8932377,0.9233519,0.9136323,0.9533379,0.9418574,0.8916827,0.8969528,0.97550523,0.96188027,0.94713944,0.8451781,0.83635056,0.7677587,0.8766484,0.91087776,0.87646496,0.9247319,0.92429286,0.88906443,0.910205,0.9136882,0.8133817,0.93540484,0.8940826,0.92603743,0.92592734,0.92592734,0.86729586,0.9289296,0.903123,0.90946347,0.91147864,0.88155276,0.9173999,0.9721717,0.9427771,0.80485237,0.90926504,0.9046673,0.8306673,0.9228406,0.9630462,0.83793473,0.9483411,0.7933103,0.93193823,0.91873336,0.7845943,0.84599775,0.9041052,0.8914573,0.940125,0.88651454,0.91844225,0.8937324,0.9316511
0.8904741,0.8936724,0.8862535,0.91762805,1.0000002,0.85911036,0.97494537,0.95775473,0.8822587,0.7779001,0.8067008,0.84905416,0.97547674,0.97161335,0.9645004,0.96205324,0.95756394,0.89802426,0.9335808,0.90202796,0.8454056,0.91282254,0.81345963,0.8657392,0.8493382,0.7671499,0.86885524,0.94425786,0.96667904,0.78106034,0.9304477,0.92553747,0.9050503,0.86788267,0.8541007,0.85911036,0.8494939,0.7642491,0.417321,0.8473437,0.80926836,0.55809605,0.765532,0.8467231,0.90931594,0.86309445,0.90263355,0.84042215,0.9144507,0.925084,0.7882288,0.94395685,0.9035665,0.919667,0.935561,0.86238134,0.8414719,0.93290645,0.898628,0.9446111,0.89245844,0.80267036,0.89028907,0.7713474,0.9138942,0.87329674,0.8514962,0.8707181,0.9253461,0.85768837,0.8599936,0.8691648,0.7640453,0.88839155,0.88283193,0.9626229,0.8657392,0.8657392,0.84541535,0.8582639,0.84591633,0.8503617,0.850783,0.8303202,0.95420384,0.8958327,0.88095564,0.79638696,0.8435162,0.8350236,0.769457,0.9104518,0.9025229,0.7807006,0.8662954,0.71902823,0.9711773,0.97885585,0.7673629,0.8198104,0.8314619,0.8392811,0.9300926,0.8125371,0.8696581,0.843456,0.95444167
0.8927442,0.9184351,0.8652716,0.92056006,0.85911036,0.99999994,0.880868,0.88186204,0.98604816,0.808199,0.91315573,0.91139555,0.8641927,0.86907756,0.8714067,0.8746275,0.89728904,0.9478849,0.9285697,0.8995657,0.9401689,0.9595321,0.9408073,0.9829178,0.9450729,0.7369233,0.95326376,0.88341415,0.8420478,0.80845803,0.90791416,0.85257006,0.9466654,0.98467284,0.9362173,0.99999994,0.89648694,0.78069764,0.3966308,0.919861,0.83831465,0.6186682,0.81358296,0.95579547,0.95921206,0.9579401,0.93428516,0.9514839,0.89877784,0.8716169,0.826418,0.8583494,0.9278628,0.8795747,0.90492237,0.9591036,0.8979429,0.8705011,0.9297926,0.9062956,0.93926215,0.8638381,0.82103753,0.6943147,0.86860013,0.9148531,0.9140949,0.96214384,0.9294442,0.8628811,0.9359255,0.95093983,0.802019,0.94651186,0.90750957,0.88381755,0.9829178,0.9829178,0.88881963,0.9536971,0.9442988,0.96417606,0.93838865,0.918696,0.87432945,0.92957515,0.9459476,0.76843476,0.97880566,0.9232385,0.82251775,0.9367276,0.9180608,0.8118178,0.95055246,0.7796705,0.87021506,0.863434,0.72794616,0.887417,0.91104215,0.9109767,0.9023974,0.90216136,0.9552862,0.8792869,0.88126135
0.92035896,0.923339,0.90601814,0.9145779,0.97494537,0.880868,1.0,0.94293153,0.9039961,0.79574925,0.80303097,0.8505614,0.94974726,0.96505064,0.9695028,0.97239995,0.9668708,0.9157214,0.95246494,0.9228134,0.8701535,0.9331448,0.8265364,0.8924997,0.8529527,0.7839657,0.87966275,0.9484384,0.96230054,0.79863083,0.9514148,0.94071686,0.9220796,0.89151376,0.8660332,0.880868,0.8413224,0.78180957,0.42807436,0.84243697,0.83751374,0.5707749,0.78584045,0.8688074,0.9296126,0.8818153,0.89399487,0.86112404,0.92949176,0.9335822,0.8113995,0.94801885,0.9147711,0.93096966,0.951013,0.8661654,0.83566463,0.9354727,0.9029763,0.93614525,0.88985795,0.7975715,0.90101326,0.77936506,0.92300254,0.8785196,0.8846792,0.8966573,0.9485736,0.8452922,0.87943673,0.89728683,0.80006176,0.8817154,0.92235154,0.97401303,0.8924997,0.8924997,0.8472959,0.867625,0.86187667,0.8749908,0.8638481,0.86233824,0.9600257,0.90182775,0.8883835,0.80728996,0.8559042,0.8288802,0.79514486,0.9379773,0.90367997,0.8023165,0.8692175,0.7325005,0.94747657,0.9686237,0.77114046,0.86169857,0.8224601,0.8302891,0.9339757,0.80141747,0.8885225,0.86343527,0.94285405
0.87992156,0.8962735,0.8698875,0.9401513,0.95775473,0.88186204,0.94293153,0.9999998,0.8973515,0.78000855,0.8374952,0.87111104,0.9625764,0.9445355,0.9551945,0.95762634,0.96519,0.9197021,0.9375116,0.9151913,0.86432874,0.92577225,0.8508005,0.8818549,0.8850939,0.7644149,0.8829161,0.9507162,0.93573713,0.78436774,0.9336103,0.91412663,0.9216467,0.8883361,0.86474884,0.88186204,0.868807,0.7617679,0.39483303,0.8706051,0.779707,0.59082425,0.7593181,0.8627184,0.92225146,0.876111,0.93090355,0.87252533,0.91666794,0.92528033,0.77621084,0.92734414,0.9135264,0.9099305,0.9325512,0.89562273,0.8683314,0.9283248,0.9209136,0.9753308,0.9196849,0.82612634,0.8803381,0.76383096,0.9104688,0.8737223,0.8809043,0.87851155,0.9275913,0.8847654,0.87789786,0.88226974,0.7403647,0.9151309,0.87501895,0.95228183,0.8818549,0.8818549,0.8674238,0.8743671,0.8733583,0.869158,0.86531997,0.8530923,0.94008684,0.9175893,0.9005263,0.7929605,0.87243974,0.859002,0.7622082,0.9009094,0.9191779,0.7772192,0.89643836,0.71872663,0.96691066,0.9531432,0.77858406,0.8296879,0.86147726,0.875167,0.930112,0.84216166,0.8828962,0.8386927,0.9733725
0.8966694,0.9196801,0.86345214,0.9358331,0.8822587,0.98604816,0.9039961,0.8973515,1.0000001,0.80863094,0.8938376,0.9128803,0.8867166,0.8907173,0.88788307,0.8917421,0.91488093,0.95233834,0.9347322,0.9163213,0.94456565,0.96722746,0.9376154,0.9874871,0.9460782,0.7689849,0.9607196,0.8945279,0.8595246,0.81222194,0.91811734,0.8751615,0.95734376,0.98803794,0.942727,0.98604816,0.9032841,0.7749503,0.4147631,0.9083413,0.84638655,0.6248847,0.81610614,0.9513626,0.958517,0.9548869,0.93268085,0.9581586,0.90430856,0.8874389,0.827827,0.87267613,0.93110645,0.8983084,0.92434114,0.9676771,0.9030614,0.8869111,0.9386478,0.92058337,0.9543704,0.8623998,0.833526,0.7267322,0.86686206,0.91687167,0.9113482,0.9626254,0.93115187,0.87900925,0.95433354,0.95621026,0.81495696,0.9430883,0.9077388,0.90484786,0.9874871,0.9874871,0.88922024,0.95945406,0.9494692,0.9673163,0.9440856,0.9068153,0.89172167,0.9367528,0.9657723,0.79466045,0.9703665,0.915926,0.82671124,0.94382876,0.9279803,0.8097489,0.9624391,0.78055906,0.89237535,0.8836163,0.7586422,0.8784239,0.9139181,0.9117486,0.91353536,0.8985383,0.950305,0.8832716,0.89087856
0.85390973,0.80884516,0.80776453,0.84032416,0.7779001,0.808199,0.79574925,0.78000855,0.80863094,1.0000001,0.7397555,0.88235915,0.77059543,0.79952294,0.797141,0.7912583,0.76858944,0.81106126,0.79469377,0.8149728,0.8014065,0.81517345,0.7231805,0.8209239,0.8235831,0.73106205,0.8295504,0.7745651,0.77108455,0.98979497,0.7768953,0.78423774,0.80070543,0.811747,0.8302113,0.808199,0.7778847,0.97184753,0.4875912,0.7937457,0.88433874,0.4918813,0.94473344,0.8624568,0.8245962,0.86456805,0.81155664,0.73926604,0.7661721,0.7716527,0.90639865,0.76048994,0.80349326,0.8115827,0.833596,0.8007345,0.73575306,0.7987889,0.86719644,0.7963986,0.7949133,0.7913829,0.75386345,0.7116238,0.7883224,0.84718144,0.7762244,0.86550236,0.79467404,0.76193166,0.7536015,0.7929225,0.8896041,0.81113595,0.8502661,0.78540695,0.8209239,0.8209239,0.70199084,0.8254316,0.7471999,0.7782249,0.8261073,0.8443186,0.76874906,0.8688926,0.81796086,0.72926176,0.78071916,0.822333,0.9365666,0.8486582,0.88031584,0.99340576,0.8150662,0.9454057,0.761473,0.7925544,0.67208076,0.80574167,0.7928428,0.74025863,0.81264985,0.7843102,0.84019226,0.92236066,0.8013449
0.826971,0.8740748,0.80510557,0.85467935,0.8067008,0.91315573,0.80303097,0.8374952,0.8938376,0.7397555,1.0,0.8700511,0.8122741,0.8264055,0.8181462,0.8152516,0.83382523,0.891178,0.84847605,0.818465,0.8749145,0.86915934,0.9060147,0.88138735,0.90973127,0.65827197,0.8933758,0.8419433,0.80333066,0.74690163,0.8244598,0.80797434,0.8845142,0.89403296,0.85148925,0.91315573,0.84883904,0.72247607,0.31587148,0.95422983,0.73909116,0.6028234,0.7538055,0.8743803,0.8770176,0.8869633,0.9057721,0.88218963,0.8377718,0.79277873,0.751445,0.79314363,0.88535345,0.81143165,0.8211176,0.9156669,0.8815155,0.8142237,0.88294196,0.85411596,0.89833826,0.8795961,0.80277777,0.5978155,0.83892024,0.8810297,0.85852176,0.88037294,0.8526821,0.8429111,0.8464744,0.86494815,0.6913813,0.9308106,0.8332943,0.8057573,0.88138735,0.88138735,0.87566316,0.9061763,0.88967246,0.879001,0.85215294,0.8712368,0.79546297,0.8884028,0.8868725,0.6959103,0.93685955,0.92956,0.75279665,0.8542104,0.8536554,0.7335813,0.89931834,0.72180194,0.8188078,0.8148529,0.6383751,0.83755255,0.91943157,0.90917695,0.83059704,0.92509604,0.93177783,0.81810033,0.8498019
0.8783795,0.86918044,0.8266536,0.9232911,0.84905416,0.91139555,0.8505614,0.87111104,0.9128803,0.88235915,0.8700511,1.0,0.86246645,0.86309826,0.8504509,0.84379715,0.8533918,0.8991539,0.8746203,0.86743677,0.8724319,0.90648305,0.8662735,0.9141519,0.94440454,0.7363148,0.94170475,0.85713565,0.8342336,0.8840027,0.84859097,0.85778874,0.8999154,0.91747427,0.9394587,0.91139555,0.9353695,0.8514861,0.4461887,0.91820705,0.846483,0.5751381,0.8783211,0.94358087,0.913391,0.9514921,0.9137491,0.8761692,0.8419305,0.8359422,0.8654297,0.82184696,0.8946748,0.86226666,0.8838066,0.94288063,0.8939345,0.85690784,0.9454063,0.89520633,0.9235568,0.90018505,0.81183326,0.7030313,0.8418126,0.93355596,0.83836246,0.9436048,0.8724142,0.90413016,0.8772843,0.88659596,0.81787044,0.932233,0.87118375,0.85377777,0.9141519,0.9141519,0.8286996,0.93392104,0.89252484,0.86390173,0.9408982,0.86931384,0.8377489,0.94902325,0.9338239,0.75480497,0.9051281,0.95499605,0.87057275,0.90612555,0.94612867,0.8707991,0.9494017,0.8826202,0.85897183,0.86308056,0.7172182,0.8280189,0.9450025,0.8930136,0.8913084,0.9364918,0.92949426,0.8973885,0.88839144
0.875739,0.8780415,0.86084944,0.9310123,0.97547674,0.8641927,0.94974726,0.9625764,0.8867166,0.77059543,0.8122741,0.86246645,1.0000004,0.9694498,0.9432902,0.93949866,0.94849074,0.8979874,0.9278754,0.9082137,0.84784067,0.9145217,0.8166403,0.8668181,0.8625907,0.76661533,0.87471974,0.93243206,0.95430154,0.7729815,0.9228618,0.9066591,0.90677416,0.8709681,0.8613659,0.8641927,0.8659432,0.7519101,0.40883717,0.8569939,0.7919581,0.5738045,0.7590059,0.84744984,0.90991586,0.8642037,0.9130865,0.8479957,0.90811217,0.92700434,0.7722395,0.9460776,0.90126276,0.91625935,0.9305385,0.8760967,0.86043775,0.91480184,0.9071865,0.95449936,0.90216386,0.8047085,0.86944413,0.7651779,0.8877115,0.8721178,0.84824425,0.86725765,0.9140419,0.87333167,0.86935973,0.8674158,0.748879,0.8982094,0.86165833,0.97016954,0.8668181,0.8668181,0.8543912,0.8665557,0.859045,0.8528856,0.85925984,0.82934344,0.9603106,0.90443635,0.89424396,0.7962283,0.8510982,0.8417479,0.7628342,0.8945482,0.91080856,0.76962006,0.87888515,0.71260834,0.9946181,0.9759305,0.7791823,0.8028819,0.83890855,0.85515785,0.9333252,0.8193621,0.87095654,0.8399036,0.95901054
0.91155666,0.91509205,0.8993577,0.91888493,0.97161335,0.86907756,0.96505064,0.9445355,0.8907173,0.79952294,0.8264055,0.86309826,0.9694498,1.0000001,0.96701956,0.96225345,0.9564254,0.92089367,0.9357436,0.916415,0.87027276,0.91304,0.82179964,0.87528145,0.8670558,0.78881097,0.8787381,0.93854505,0.96880376,0.803097,0.93129545,0.9229127,0.9165905,0.87682164,0.8676091,0.86907756,0.85996115,0.781497,0.42241377,0.86467266,0.8215686,0.59388894,0.79263705,0.8613696,0.91254056,0.8790341,0.909131,0.8497482,0.9245713,0.9291043,0.8111726,0.9510436,0.9196959,0.9405867,0.94419503,0.8717149,0.85543245,0.92418283,0.9067427,0.9417446,0.9013451,0.81326044,0.9023986,0.76415366,0.92028475,0.8918522,0.8703228,0.8854634,0.92793715,0.8625798,0.8715141,0.87916243,0.78214264,0.89894104,0.9018103,0.959675,0.87528145,0.87528145,0.8694794,0.87055993,0.8611151,0.85913336,0.85959,0.8572331,0.95118374,0.9058391,0.89928716,0.8144576,0.85757285,0.8462179,0.7941145,0.91977113,0.91103,0.801088,0.87535715,0.7388449,0.96469617,0.97463894,0.7714501,0.83845484,0.84043145,0.8565649,0.94102466,0.8229835,0.887607,0.87061036,0.9490099
0.9239348,0.92824244,0.9150129,0.9084359,0.9645004,0.8714067,0.9695028,0.9551945,0.88788307,0.797141,0.8181462,0.8504509,0.9432902,0.96701956,1.0000002,0.9905727,0.97278196,0.924493,0.9385943,0.9158299,0.86995506,0.91301143,0.82784855,0.8756232,0.85917914,0.7699472,0.87131065,0.9552528,0.9656821,0.7993896,0.9421704,0.9240292,0.918326,0.8763415,0.85291976,0.8714067,0.83791906,0.7851978,0.40609992,0.84992814,0.81333894,0.5595254,0.789146,0.85977316,0.9164788,0.8767973,0.90956473,0.85130036,0.93135345,0.9332223,0.80610234,0.94698566,0.9312221,0.94099796,0.94954395,0.866508,0.8379618,0.93503606,0.89938164,0.94407016,0.894728,0.8061031,0.9142157,0.75502944,0.94632083,0.8800424,0.8876461,0.8841207,0.9378145,0.85071856,0.8611522,0.8827215,0.7781147,0.89412457,0.91423225,0.9500835,0.8756232,0.8756232,0.86464596,0.85944283,0.8532891,0.86328644,0.8518204,0.8629936,0.939417,0.8988839,0.8818177,0.79627395,0.8529388,0.8393165,0.7962918,0.9254796,0.9010869,0.80250204,0.86830187,0.7264544,0.94312775,0.96456033,0.75914294,0.86303663,0.8327656,0.8425454,0.93998444,0.8133829,0.87993485,0.8656414,0.9544829
0.92894876,0.93667614,0.92161894,0.90834427,0.96205324,0.8746275,0.97239995,0.95762634,0.8917421,0.7912583,0.8152516,0.84379715,0.93949866,0.96225345,0.9905727,1.0,0.98063976,0.9284956,0.95004356,0.92310894,0.87363774,0.9227165,0.8378024,0.8837307,0.85234404,0.7659799,0.86750543,0.95990807,0.96149504,0.79351926,0.9555193,0.9268219,0.9197393,0.8838049,0.8566339,0.8746275,0.8372505,0.7797731,0.4061302,0.8456986,0.81226087,0.5511225,0.7848816,0.861957,0.9251027,0.8755311,0.90382856,0.86333275,0.945031,0.9395176,0.80826724,0.9521161,0.9328191,0.9403674,0.95586574,0.8629794,0.8357589,0.9409658,0.8960997,0.94449085,0.8957653,0.8030514,0.9181942,0.753934,0.9530444,0.8799959,0.8943944,0.8866843,0.9500478,0.8481642,0.8715937,0.89351285,0.778798,0.886463,0.923573,0.95896226,0.8837307,0.8837307,0.86950606,0.85349745,0.8593145,0.865458,0.8543402,0.86524314,0.9451989,0.8961631,0.879547,0.79275095,0.853016,0.8332237,0.7938777,0.9338076,0.89556766,0.7988161,0.86542535,0.7175499,0.94084007,0.9616958,0.7578623,0.87126637,0.82690513,0.8403994,0.94143575,0.8062478,0.8820752,0.8624322,0.95363575
0.9139087,0.93218136,0.9016008,0.92883587,0.95756394,0.89728904,0.9668708,0.96519,0.91488093,0.76858944,0.83382523,0.8533918,0.94849074,0.9564254,0.97278196,0.98063976,1.0,0.9398876,0.96060944,0.92657745,0.8861613,0.9392898,0.8638283,0.9017422,0.8763325,0.76660174,0.8823621,0.9542437,0.94458795,0.7721251,0.9602597,0.9293308,0.9404595,0.9063255,0.87204266,0.89728904,0.86353755,0.75250775,0.39183718,0.8658581,0.79857373,0.58006155,0.7655512,0.8700585,0.93731445,0.8851996,0.9231434,0.8922876,0.94194615,0.9369226,0.7834153,0.94277,0.9333865,0.93059176,0.95989937,0.89058185,0.86970246,0.93619204,0.9057385,0.96646,0.91760933,0.8149601,0.90044206,0.758728,0.93311703,0.87919337,0.90236604,0.89353764,0.95669687,0.8699373,0.900333,0.9090934,0.7613007,0.9035822,0.9154748,0.9648438,0.9017422,0.9017422,0.88998973,0.87157667,0.89133155,0.8938004,0.8680401,0.87088466,0.95210445,0.90468156,0.90185297,0.8054639,0.8790474,0.84746337,0.77557856,0.9310747,0.90491456,0.7736496,0.8905884,0.70429456,0.9540961,0.95390224,0.77961534,0.86470705,0.847464,0.8694668,0.94228005,0.82455534,0.89490724,0.85065615,0.9554538
0.9300717,0.958567,0.89358544,0.92981887,0.89802426,0.9478849,0.9157214,0.9197021,0.95233834,0.81106126,0.891178,0.8991539,0.8979874,0.92089367,0.924493,0.9284956,0.9398876,1.0000001,0.9482629,0.93013453,0.9405694,0.9506398,0.92924505,0.9513174,0.9211027,0.7628888,0.92353755,0.9196733,0.8954803,0.81067216,0.9382829,0.8950149,0.971606,0.9560371,0.9224146,0.9478849,0.90249133,0.79008317,0.39179218,0.91746974,0.80742687,0.643911,0.8117676,0.9238131,0.95667243,0.93347096,0.9395105,0.94523907,0.9368499,0.9131439,0.8207105,0.90512204,0.96377265,0.9309063,0.9412663,0.9379755,0.9051815,0.90991306,0.9316372,0.93393904,0.9551832,0.8687325,0.88644683,0.7162153,0.92069346,0.9248664,0.9339495,0.9369627,0.94816947,0.8963482,0.942956,0.94894576,0.7829587,0.94191456,0.9360132,0.91227484,0.9513174,0.9513174,0.92810774,0.9186363,0.93607706,0.93033266,0.91373444,0.90997314,0.90234053,0.93053925,0.9429985,0.7940818,0.9374633,0.90524197,0.8153677,0.9390142,0.92727625,0.8149667,0.93734884,0.7612394,0.90073574,0.9053049,0.7534877,0.91221994,0.90158576,0.9117214,0.9454857,0.8883243,0.93990517,0.8801972,0.9166391
0.9317485,0.94525874,0.9208207,0.9367985,0.9335808,0.9285697,0.95246494,0.9375116,0.9347322,0.79469377,0.84847605,0.8746203,0.9278754,0.9357436,0.9385943,0.95004356,0.96060944,0.9482629,1.0,0.93950236,0.90500116,0.977232,0.88830566,0.93413365,0.88165003,0.75755346,0.90024495,0.93875164,0.9293979,0.79453284,0.984619,0.9017329,0.94582283,0.93595624,0.9044015,0.9285697,0.8768813,0.7807778,0.4076364,0.88477206,0.82680446,0.58482045,0.7941136,0.9027834,0.97719574,0.9152976,0.926157,0.9167944,0.9689098,0.9396527,0.8149431,0.937862,0.9446418,0.92814744,0.9621635,0.89972407,0.87557745,0.9159946,0.93178016,0.9502472,0.92581904,0.8231523,0.87741876,0.73813796,0.9458003,0.907603,0.91230035,0.9253892,0.9943632,0.85533905,0.91677564,0.94043887,0.7935877,0.91394186,0.9393997,0.95546293,0.93413365,0.93413365,0.8938714,0.88907176,0.9117547,0.9070136,0.8978385,0.8878085,0.94265735,0.93292224,0.9143287,0.7816186,0.90182924,0.86614466,0.8013443,0.9590972,0.919951,0.8016479,0.9001633,0.7344241,0.9264199,0.9402353,0.75687563,0.8956349,0.8539293,0.869398,0.95160747,0.8383472,0.9219327,0.87833977,0.9495746
0.90893865,0.9125902,0.89299154,0.944855,0.90202796,0.8995657,0.9228134,0.9151913,0.9163213,0.8149728,0.818465,0.86743677,0.9082137,0.916415,0.9158299,0.92310894,0.92657745,0.93013453,0.93950236,0.99999994,0.9317671,0.93479145,0.8507068,0.91475534,0.88585687,0.8071334,0.8960987,0.91697973,0.89897054,0.8113753,0.9438551,0.8679349,0.931664,0.9124084,0.8848771,0.8995657,0.84969085,0.7991127,0.42626423,0.8546891,0.83147264,0.5804699,0.80358535,0.88806164,0.9326672,0.8962388,0.9016066,0.8845889,0.95213187,0.93845797,0.8405371,0.9325409,0.9249854,0.92486453,0.9534414,0.89155173,0.8457985,0.89166987,0.93439555,0.93038785,0.910545,0.7924404,0.83955455,0.7706994,0.89728487,0.8973417,0.9145274,0.9043711,0.932462,0.8353425,0.89759666,0.917858,0.80739915,0.8951442,0.9040258,0.92987204,0.91475534,0.91475534,0.87192583,0.8873557,0.8820007,0.90044,0.88490486,0.8735112,0.92602676,0.9326302,0.90933156,0.8060169,0.8807065,0.8456233,0.8088957,0.9176204,0.9185155,0.8201462,0.89538616,0.74624825,0.9073686,0.91073817,0.78707683,0.9014116,0.8400712,0.8398907,0.93532777,0.8193213,0.8938403,0.88854486,0.9032197
0.89168197,0.921888,0.86179465,0.90699255,0.8454056,0.9401689,0.8701535,0.86432874,0.94456565,0.8014065,0.8749145,0.8724319,0.84784067,0.87027276,0.86995506,0.87363774,0.8861613,0.9405694,0.90500116,0.9317671,0.9999998,0.92062104,0.9088762,0.9495396,0.91395867,0.7661662,0.9158204,0.88588464,0.8449923,0.79874796,0.90250003,0.8396253,0.93878794,0.9500938,0.90716565,0.9401689,0.8708665,0.78416747,0.4187532,0.8896321,0.81130975,0.6196649,0.80430937,0.91191286,0.9200686,0.92954755,0.9012114,0.92779773,0.9190909,0.88691676,0.85455203,0.87551534,0.9230332,0.89003855,0.89971995,0.93156826,0.8756287,0.8571314,0.90708184,0.89371026,0.93035245,0.8393078,0.8181379,0.7170594,0.8626029,0.9215448,0.92737055,0.9270572,0.9041627,0.8482125,0.924789,0.946469,0.7872032,0.9131868,0.90018874,0.8710601,0.9495396,0.9495396,0.8980765,0.91231763,0.92332363,0.94632125,0.90285885,0.89994985,0.8702101,0.9053263,0.92689764,0.78585285,0.93056524,0.8821554,0.8139542,0.91173375,0.9005704,0.80330586,0.9279772,0.7496108,0.8540442,0.8476964,0.7409322,0.9155165,0.88164806,0.88213295,0.90050066,0.8694694,0.9165566,0.8765716,0.8571625
0.9164208,0.9323782,0.8945436,0.95397496,0.91282254,0.9595321,0.9331448,0.92577225,0.96722746,0.81517345,0.86915934,0.90648305,0.9145217,0.91304,0.91301143,0.9227165,0.9392898,0.9506398,0.977232,0.93479145,0.92062104,1.0,0.9145268,0.9639046,0.9159387,0.770565,0.939826,0.9220995,0.89285403,0.81634116,0.95555454,0.895077,0.95480347,0.9632079,0.9309578,0.9595321,0.89351755,0.7888517,0.42296863,0.9016785,0.85087645,0.5998033,0.8158911,0.9340445,0.9918348,0.9428243,0.9365562,0.9381758,0.9400197,0.91600263,0.8341156,0.9054511,0.9370735,0.91498125,0.95354104,0.9375399,0.8902937,0.90794194,0.9524228,0.94352216,0.9436115,0.84904045,0.85304415,0.7438947,0.9067838,0.91359437,0.9121814,0.9511256,0.96875566,0.87252563,0.9359794,0.95139444,0.8194752,0.93060404,0.9255676,0.9395408,0.9639046,0.9639046,0.8870822,0.9317658,0.9342504,0.93837607,0.928669,0.90390134,0.92147774,0.95165205,0.9442661,0.79261655,0.9401455,0.8982339,0.82708895,0.95820373,0.9399039,0.8185421,0.9351374,0.7719888,0.9149585,0.9168757,0.7639675,0.8837666,0.8896163,0.8954617,0.9383354,0.87456834,0.9458883,0.8919203,0.9306563
0.83804977,0.8953487,0.8144472,0.8693655,0.81345963,0.9408073,0.8265364,0.8508005,0.9376154,0.7231805,0.9060147,0.8662735,0.8166403,0.82179964,0.82784855,0.8378024,0.8638283,0.92924505,0.88830566,0.8507068,0.9088762,0.9145268,0.9999999,0.9441688,0.9026621,0.6845059,0.9080546,0.8465718,0.80341965,0.7296137,0.87059677,0.82171774,0.9235165,0.95294964,0.9208927,0.9408073,0.8959506,0.71123856,0.35343403,0.9145892,0.71265817,0.623294,0.73812497,0.90894735,0.91565037,0.9061599,0.89286184,0.9832202,0.8706629,0.830575,0.7411629,0.8112532,0.9167552,0.8396629,0.8485286,0.93948305,0.9139304,0.83329844,0.8845099,0.87845445,0.93934166,0.8866141,0.811425,0.63214856,0.8440505,0.9009218,0.8843261,0.90955216,0.8925947,0.8718621,0.9538284,0.9395244,0.7015649,0.9179225,0.8472262,0.833374,0.9441688,0.9441688,0.90542537,0.9064826,0.95162,0.919353,0.91241825,0.85399795,0.8258151,0.88534737,0.92633486,0.7136724,0.9501811,0.89967585,0.7392976,0.8831459,0.86780936,0.72239697,0.936278,0.702023,0.8249216,0.8126135,0.6814022,0.8612342,0.912575,0.9126252,0.8650466,0.9051964,0.92102593,0.7995833,0.84762967
0.9067982,0.9278098,0.873746,0.92592734,0.8657392,0.9829178,0.8924997,0.8818549,0.9874871,0.8209239,0.88138735,0.9141519,0.8668181,0.87528145,0.8756232,0.8837307,0.9017422,0.9513174,0.93413365,0.91475534,0.9495396,0.9639046,0.9441688,0.99999994,0.9347343,0.76150084,0.9623327,0.89093006,0.8492687,0.8239281,0.9179345,0.8653751,0.9498215,0.9964761,0.9562924,0.9829178,0.90344924,0.795649,0.42177323,0.9076297,0.8496528,0.6128892,0.82988507,0.9671793,0.95984626,0.96659434,0.91725755,0.9601309,0.9077705,0.88477826,0.85225266,0.86504936,0.93468153,0.8974948,0.917487,0.9588276,0.8990808,0.8816246,0.9347684,0.907482,0.9460265,0.8634854,0.82982886,0.7186489,0.87288606,0.9315301,0.91265035,0.97732764,0.93423057,0.870556,0.9555104,0.96710336,0.8266122,0.9310807,0.9165667,0.893568,0.99999994,0.99999994,0.88846445,0.954229,0.950947,0.9600996,0.9577586,0.9039343,0.8811892,0.9337977,0.95227474,0.78152436,0.9681542,0.9200667,0.839054,0.9484908,0.9258659,0.82263255,0.95612013,0.79304755,0.8709725,0.8679969,0.7439288,0.89443505,0.91344875,0.8993775,0.91570526,0.89961183,0.95213556,0.8904215,0.8810202
0.86247045,0.8770658,0.81889606,0.9452572,0.8493382,0.9450729,0.8529527,0.8850939,0.9460782,0.8235831,0.90973127,0.94440454,0.8625907,0.8670558,0.85917914,0.85234404,0.8763325,0.9211027,0.88165003,0.88585687,0.91395867,0.9159387,0.9026621,0.9347343,1.0000002,0.7450051,0.95659363,0.8622863,0.83062,0.83009434,0.8619906,0.84456897,0.9278867,0.93928206,0.92452574,0.9450729,0.9249662,0.7917551,0.41050485,0.92169,0.81671405,0.6235789,0.81908053,0.9367896,0.9149812,0.9463903,0.92467606,0.91485864,0.8543975,0.86029637,0.8150796,0.8322966,0.91276217,0.8704396,0.8897724,0.9750885,0.9119312,0.85219765,0.9544754,0.9119509,0.9496306,0.88168555,0.807233,0.7017153,0.83532965,0.9182775,0.8680686,0.935458,0.876675,0.8898208,0.90934724,0.9044992,0.7801182,0.95355827,0.8619066,0.85382897,0.9347343,0.9347343,0.8629867,0.9567291,0.9189003,0.9178246,0.93005425,0.89002156,0.85044634,0.9537992,0.9567424,0.77280414,0.94901335,0.9516278,0.82416576,0.89371544,0.9406161,0.8170142,0.97824854,0.8100072,0.869321,0.856174,0.7293179,0.83648795,0.94752616,0.92325133,0.89403397,0.9413351,0.9263906,0.86641496,0.87607044
0.74127316,0.7300248,0.7420075,0.791435,0.7671499,0.7369233,0.7839657,0.7644149,0.7689849,0.73106205,0.65827197,0.7363148,0.76661533,0.78881097,0.7699472,0.7659799,0.76660174,0.7628888,0.75755346,0.8071334,0.7661662,0.770565,0.6845059,0.76150084,0.7450051,0.9999999,0.7566229,0.7638456,0.74601966,0.73229706,0.7639437,0.7488851,0.76535106,0.7497707,0.7447898,0.7369233,0.7144804,0.70689714,0.4821407,0.69546497,0.7609466,0.6571498,0.7062788,0.74708855,0.75345224,0.74239343,0.7501424,0.7157899,0.75135744,0.77097166,0.7333876,0.76403046,0.7348516,0.7976918,0.79360175,0.74288523,0.716904,0.75016356,0.77434623,0.7752631,0.7566895,0.6881218,0.6781047,0.8955718,0.69817907,0.7425145,0.75708526,0.7513914,0.7448441,0.69667155,0.7489964,0.7560883,0.73892164,0.73120546,0.73409224,0.7709888,0.76150084,0.76150084,0.716502,0.7553581,0.728602,0.758286,0.73328495,0.7377259,0.78220296,0.7643936,0.77981657,0.9228637,0.7242907,0.6920564,0.70516145,0.7457018,0.7760451,0.7250042,0.7537825,0.67488706,0.7696221,0.75639915,0.90926564,0.7098787,0.69732785,0.7268612,0.77138317,0.67575675,0.73080975,0.7700206,0.7346492
0.88712835,0.89465404,0.8536262,0.93548,0.86885524,0.95326376,0.87966275,0.8829161,0.9607196,0.8295504,0.8933758,0.94170475,0.87471974,0.8787381,0.87131065,0.86750543,0.8823621,0.92353755,0.90024495,0.8960987,0.9158204,0.939826,0.9080546,0.9623327,0.95659363,0.7566229,1.0,0.88446116,0.84331596,0.8383976,0.8820416,0.8704344,0.9352104,0.95999086,0.95262367,0.95326376,0.9135405,0.8020803,0.4288316,0.91737187,0.8538631,0.5926977,0.84963787,0.96854943,0.9358995,0.9724188,0.91850173,0.9161686,0.8715346,0.8647218,0.8564005,0.84705746,0.9283135,0.8848751,0.9049053,0.9637173,0.9058204,0.8721001,0.9461842,0.9026349,0.94012666,0.88023186,0.8231294,0.71644545,0.8509524,0.9357515,0.8804034,0.96699214,0.8967515,0.8917545,0.9158627,0.9201649,0.8240376,0.9431236,0.88328063,0.88087994,0.9623327,0.9623327,0.8604971,0.9933025,0.9337989,0.92771107,0.9661144,0.88422656,0.8682445,0.9470948,0.94926935,0.771014,0.96329933,0.95647526,0.8548657,0.9267566,0.9374089,0.8243216,0.959103,0.8251817,0.87562686,0.87411606,0.73236746,0.85437983,0.9462595,0.9078962,0.90277374,0.9416491,0.9501406,0.8895473,0.8830081
0.90413845,0.9215394,0.898838,0.91050875,0.94425786,0.88341415,0.9484384,0.9507162,0.8945279,0.7745651,0.8419433,0.85713565,0.93243206,0.93854505,0.9552528,0.95990807,0.9542437,0.9196733,0.93875164,0.91697973,0.88588464,0.9220995,0.8465718,0.89093006,0.8622863,0.7638456,0.88446116,0.9999997,0.93589973,0.77875996,0.9345674,0.9224162,0.9166401,0.89408696,0.85925925,0.88341415,0.8410059,0.76239866,0.41168058,0.8696439,0.8017141,0.56845415,0.77510136,0.87060165,0.92303395,0.8849211,0.90682465,0.8661566,0.9444022,0.9320493,0.8127742,0.9428259,0.9215128,0.91185886,0.93176764,0.877161,0.85248375,0.93102765,0.9010486,0.9342328,0.893762,0.8141656,0.9021425,0.75118005,0.93006396,0.8942937,0.90636206,0.8914019,0.9371456,0.85779077,0.86939394,0.89274704,0.7617855,0.8954332,0.90683615,0.9450313,0.89093006,0.89093006,0.87018347,0.8716477,0.8749086,0.86451614,0.8580694,0.8651229,0.9312434,0.90072525,0.88224375,0.78425527,0.87181056,0.8573638,0.7882252,0.9234637,0.8907349,0.7744434,0.87381685,0.71127284,0.9359307,0.9486609,0.75559664,0.86695266,0.8501389,0.86070144,0.9263929,0.8319326,0.8908509,0.8468001,0.9539932
0.9033412,0.9069816,0.89217556,0.88858163,0.96667904,0.8420478,0.96230054,0.93573713,0.8595246,0.77108455,0.80333066,0.8342336,0.95430154,0.96880376,0.9656821,0.96149504,0.94458795,0.8954803,0.9293979,0.89897054,0.8449923,0.89285403,0.80341965,0.8492687,0.83062,0.74601966,0.84331596,0.93589973,1.0,0.7684618,0.9349403,0.9043593,0.8920222,0.85151005,0.8343606,0.8420478,0.8266345,0.7643634,0.39288992,0.8390479,0.7806729,0.5645623,0.75836563,0.8311681,0.8989011,0.84975225,0.8941331,0.82776225,0.9236806,0.92304844,0.78255177,0.9548475,0.9122594,0.9225924,0.92007434,0.8423755,0.82357126,0.9128599,0.8837234,0.93050236,0.8772819,0.7808458,0.9068929,0.7342193,0.9379128,0.8708135,0.85554814,0.8590299,0.9239173,0.83440095,0.8355672,0.86291254,0.74186194,0.87770563,0.88983166,0.95135754,0.8492687,0.8492687,0.85379064,0.83204687,0.83802414,0.831809,0.8310385,0.83101326,0.9433007,0.8846389,0.85807824,0.77431977,0.82793766,0.81992435,0.7610556,0.90140843,0.8805619,0.77899075,0.84463346,0.69895303,0.95035833,0.97218925,0.7301787,0.8421062,0.8073133,0.82802033,0.93154824,0.7914585,0.8623487,0.8384058,0.9451186
0.85415983,0.8108939,0.81018156,0.84280324,0.78106034,0.80845803,0.79863083,0.78436774,0.81222194,0.98979497,0.74690163,0.8840027,0.7729815,0.803097,0.7993896,0.79351926,0.7721251,0.81067216,0.79453284,0.8113753,0.79874796,0.81634116,0.7296137,0.8239281,0.83009434,0.73229706,0.8383976,0.77875996,0.7684618,1.0,0.77647245,0.7954128,0.80118454,0.8141138,0.8334605,0.80845803,0.7807207,0.95781773,0.4810645,0.7968037,0.88509727,0.48551297,0.94453776,0.8667719,0.8230189,0.8652307,0.8114778,0.743099,0.7635258,0.76955676,0.90306413,0.7553531,0.8031392,0.81304014,0.8358834,0.8056731,0.7418004,0.80394053,0.8694601,0.7977202,0.7975047,0.8014612,0.75566006,0.7121251,0.7890928,0.8486351,0.77211845,0.8672563,0.7965125,0.76872134,0.7596525,0.78972757,0.8879912,0.8130702,0.84993774,0.7867495,0.8239281,0.8239281,0.6995287,0.8325998,0.7508247,0.77399176,0.83025604,0.8429759,0.76776415,0.8728799,0.8250663,0.7296189,0.78383136,0.8300111,0.9375465,0.851812,0.8785558,0.98032564,0.8199035,0.9469494,0.76344204,0.7952937,0.6719682,0.80058104,0.8011673,0.7462245,0.81270313,0.79327065,0.84469855,0.9231039,0.8055373
0.9282186,0.94096047,0.9273081,0.9218973,0.9304477,0.90791416,0.9514148,0.9336103,0.91811734,0.7768953,0.8244598,0.84859097,0.9228618,0.93129545,0.9421704,0.9555193,0.9602597,0.9382829,0.984619,0.9438551,0.90250003,0.95555454,0.87059677,0.9179345,0.8619906,0.7639437,0.8820416,0.9345674,0.9349403,0.77647245,0.9999999,0.8991142,0.93206775,0.91734874,0.8825232,0.90791416,0.8566781,0.7712393,0.4109869,0.85923135,0.8133155,0.56605625,0.7746415,0.8827551,0.9568561,0.89481646,0.9111593,0.900049,0.9707842,0.94642985,0.80200005,0.9467186,0.94181776,0.9295262,0.95805126,0.8809207,0.86048317,0.9089731,0.910099,0.9442176,0.91076416,0.8018793,0.8782139,0.7389006,0.94396245,0.8928764,0.91436136,0.9047581,0.9836928,0.8396391,0.9011974,0.93477094,0.78546584,0.89509827,0.92843115,0.95475453,0.9179345,0.9179345,0.8972399,0.8696463,0.8953663,0.9038153,0.87899375,0.8799191,0.9498527,0.9120384,0.8942374,0.78305453,0.8817799,0.8397908,0.78341055,0.9427279,0.8981919,0.78796387,0.88169634,0.7104567,0.9243664,0.9353068,0.7583339,0.9035549,0.8283962,0.85374737,0.9448234,0.81110716,0.8962407,0.86863565,0.935197
0.898449,0.911209,0.8778328,0.8836971,0.92553747,0.85257006,0.94071686,0.91412663,0.8751615,0.78423774,0.80797434,0.85778874,0.9066591,0.9229127,0.9240292,0.9268219,0.9293308,0.8950149,0.9017329,0.8679349,0.8396253,0.895077,0.82171774,0.8653751,0.84456897,0.7488851,0.8704344,0.9224162,0.9043593,0.7954128,0.8991142,1.0,0.90373814,0.8685008,0.85605717,0.85257006,0.8551216,0.77370036,0.41879582,0.85340613,0.79782975,0.56459254,0.7936487,0.8592042,0.8956442,0.87169844,0.87685233,0.8474931,0.8834704,0.8833695,0.7864795,0.89794457,0.8963673,0.89547384,0.90544677,0.858938,0.8530203,0.9454713,0.87155664,0.90779567,0.87634265,0.8471169,0.9234636,0.7613146,0.8842807,0.8721653,0.87016344,0.88054806,0.9035946,0.89795685,0.86406964,0.87066317,0.7886397,0.86448205,0.9055799,0.9234732,0.8653751,0.8653751,0.8423187,0.8565615,0.85479534,0.83907413,0.85330594,0.85957474,0.9111141,0.8744312,0.8755447,0.78132,0.8410256,0.8474225,0.79937786,0.90302753,0.875901,0.78230715,0.86243874,0.7470733,0.9104377,0.9193436,0.74013495,0.8335593,0.8505714,0.84757876,0.8980759,0.8302432,0.87910753,0.8305997,0.91894394
0.9194113,0.94402426,0.87631696,0.9417684,0.9050503,0.9466654,0.9220796,0.9216467,0.95734376,0.80070543,0.8845142,0.8999154,0.90677416,0.9165905,0.918326,0.9197393,0.9404595,0.971606,0.94582283,0.931664,0.93878794,0.95480347,0.9235165,0.9498215,0.9278867,0.76535106,0.9352104,0.9166401,0.8920222,0.80118454,0.93206775,0.90373814,1.0000001,0.95613104,0.9284109,0.9466654,0.9074946,0.7790687,0.3927678,0.91406685,0.810519,0.6211431,0.8068198,0.9284558,0.95170677,0.9378544,0.9376193,0.94720685,0.92471373,0.90910774,0.81009626,0.90241235,0.96203417,0.91958004,0.93376434,0.9470811,0.9059182,0.90591604,0.9357833,0.9440324,0.95804274,0.8611752,0.8712969,0.7312062,0.90142477,0.91649413,0.91892517,0.93791914,0.94190955,0.90267074,0.9488485,0.94720656,0.78281915,0.946494,0.92592,0.9234195,0.9498215,0.9498215,0.9118089,0.93298113,0.9386779,0.9364463,0.92427474,0.90022016,0.9138447,0.9340712,0.9486362,0.7926371,0.9379153,0.90647215,0.81076133,0.9350623,0.93636775,0.8023234,0.9461208,0.7571947,0.9104119,0.9071908,0.7611953,0.89344066,0.90273285,0.90789163,0.93536776,0.88870066,0.93622965,0.8720983,0.91555804
0.90295625,0.92982423,0.8680969,0.92753303,0.86788267,0.98467284,0.89151376,0.8883361,0.98803794,0.811747,0.89403296,0.91747427,0.8709681,0.87682164,0.8763415,0.8838049,0.9063255,0.9560371,0.93595624,0.9124084,0.9500938,0.9632079,0.95294964,0.9964761,0.93928206,0.7497707,0.95999086,0.89408696,0.85151005,0.8141138,0.91734874,0.8685008,0.95613104,1.0000001,0.95611936,0.98467284,0.91065,0.7877451,0.40414095,0.9174739,0.8315213,0.6186301,0.8181944,0.9643059,0.9608749,0.96538156,0.9258245,0.969093,0.9092293,0.88299036,0.83589303,0.86649936,0.93769395,0.89251125,0.9146714,0.9651854,0.9097436,0.8834463,0.93582296,0.91464084,0.95258594,0.87003213,0.8355761,0.7098615,0.8756597,0.93224496,0.9158394,0.97419256,0.9361703,0.8831092,0.9608346,0.9674611,0.8062521,0.93967855,0.91485274,0.89434886,0.9964761,0.9964761,0.8962826,0.9532494,0.95884657,0.95898134,0.9551445,0.9037962,0.88140374,0.93516564,0.9545416,0.7765625,0.9712076,0.9272603,0.82630104,0.9466536,0.92697144,0.8123233,0.96085846,0.7832208,0.87570506,0.87074685,0.73991495,0.896309,0.9221298,0.9081345,0.9141686,0.9085161,0.9551356,0.8815225,0.8873399
0.8852103,0.8922688,0.84242487,0.9127836,0.8541007,0.9362173,0.8660332,0.86474884,0.942727,0.8302113,0.85148925,0.9394587,0.8613659,0.8676091,0.85291976,0.8566339,0.87204266,0.9224146,0.9044015,0.8848771,0.90716565,0.9309578,0.9208927,0.9562924,0.92452574,0.7447898,0.95262367,0.85925925,0.8343606,0.8334605,0.8825232,0.85605717,0.9284109,0.95611936,0.9999999,0.9362173,0.9527266,0.806381,0.45312524,0.90756834,0.82139176,0.5971935,0.84998596,0.962716,0.92872334,0.9614605,0.89965713,0.9342531,0.877298,0.8678852,0.84650254,0.84371877,0.9240868,0.885882,0.8967409,0.9440163,0.9178367,0.85851145,0.9285128,0.8942114,0.9422772,0.8848183,0.8134376,0.70616835,0.84900546,0.9472673,0.86806643,0.95809644,0.90184456,0.89706707,0.9428039,0.9323632,0.8149206,0.9231564,0.88408595,0.86927557,0.9562924,0.9562924,0.86390656,0.93913555,0.9495392,0.8986559,0.9860672,0.85749906,0.85800624,0.9301823,0.94252574,0.75442517,0.9275875,0.9247725,0.84629226,0.9271945,0.9336069,0.8252842,0.9500795,0.8205348,0.860411,0.8602779,0.72677135,0.8536101,0.91974145,0.8915271,0.90928143,0.9117834,0.935241,0.8805387,0.8757824
