0,1,2,3,4,5,6,7,8,9,10,11,12,13,14,15,16,17,18,19,20,21,22,23,24,25,26,27,28,29,30,31,32,33,34,35,36,37,38,39,40,41,42,43,44,45,46,47,48,49,50,51,52,53,54,55,56,57,58,59,60,61,62,63,64,65,66,67,68,69,70,71,72,73,74,75,76,77,78,79,80,81,82,83,84,85,86,87,88,89,90,91,92,93,94,95,96,97,98,99,100,101,102,103,104,105,106,107,108,109,110,111,112,113,114,115,116,117,118,119,120,121,122,123,124,125,126,127,128,129,130,131,132,133,134,135,136,137,138,139,140,141,142,143,144,145,146,147,148,149,150,151,152,153,154,155,156,157,158,159,160,161,162,163,164,165,166,167,168,169,170,171,172,173,174,175,176,177,178,179,180,181,182,183,184,185,186,187
1.0000005,0.566461,0.4810118,0.4810118,0.54258156,0.7753647,0.68180776,0.7627565,0.523414,0.523414,0.7498127,0.74169725,0.74169725,0.9448764,0.95200694,0.8417944,0.74130076,0.82138443,0.4810118,0.523414,0.83053726,0.68180776,0.7707594,0.6987254,0.83670795,0.4810118,0.566461,0.724353,1.0000005,0.566461,0.83709013,0.7529359,0.77618235,0.74169725,0.76486325,0.7713707,0.76785594,0.54258156,0.85398424,0.9638128,0.523414,0.68180776,0.72149485,0.54258156,0.74169725,0.8821094,0.74169725,0.81141776,0.83053726,0.7498127,0.7643874,0.7687579,0.74169725,0.7643874,0.76303375,0.9012712,0.47728127,0.47728127,0.825046,0.7099335,0.47728127,0.8505329,0.88454115,0.8814564,0.76927745,0.8765383,0.83684623,0.83670795,0.523414,0.523414,0.73908615,0.523414,0.73908615,0.76098984,0.72149485,0.8723726,0.83053726,0.7498127,0.7498127,0.58812904,0.7498127,0.58812904,0.7498127,0.8473909,0.8473909,0.8473909,0.8473909,0.54937375,0.71969676,0.92797756,0.8473909,0.69977987,0.8473909,0.8110182,0.7547178,0.7547178,0.76051,0.74169725,0.72149485,0.96586454,0.83053726,0.83053726,0.83053726,0.836666,0.8915612,0.4810118,0.8651638,0.9014528,0.76430774,0.54703784,0.4810118,0.528445,0.7498127,0.9250347,0.7498127,0.8467579,0.7498127,0.77401996,0.83670795,0.7686571,0.54258156,0.73908615,0.7535281,0.9731972,0.7498127,0.8850029,0.83670795,0.74423695,0.83670795,0.57816535,0.7750912,0.931437,0.7707594,0.7498127,0.74169725,0.74169725,0.77026963,0.68180776,0.85435504,0.78812057,0.9158231,0.7916345,0.812999,0.67644626,0.90260684,0.825046,0.5849875,0.71585053,0.76565814,0.7849666,0.58812904,0.83670795,0.51282334,0.7177354,0.83670795,0.7596824,0.54258156,0.7380253,0.8777976,0.7227236,0.7159481,0.76785594,0.4810118,0.5462127,0.51918054,0.566461,0.96757245,0.5313509,0.90214944,0.9116925,0.7750912,0.7498127,0.7707594,0.83670795,0.92041767,0.523414,0.91061497,0.89414096,0.7182004,0.5849875,0.74169725,0.8021022,0.62768257,0.900143,0.5849875,0.7121644,0.74169725,0.6520445
0.566461,1.0000002,0.80687904,0.80687904,0.767341,0.5372492,0.67473173,0.5299068,0.69828916,0.69828916,0.5211448,0.51102597,0.51102597,0.5508961,0.58681965,0.55191636,0.502111,0.46996975,0.80687904,0.69828916,0.59881115,0.67473173,0.5398418,0.48699468,0.5973491,0.80687904,1.0000002,0.46146804,0.566461,1.0000002,0.5433217,0.51989836,0.5307995,0.51102597,0.54626834,0.5296606,0.5333282,0.767341,0.5829489,0.5488886,0.69828916,0.67473173,0.47737816,0.767341,0.51102597,0.56772757,0.51102597,0.57624215,0.59881115,0.5211448,0.52671695,0.52773005,0.51102597,0.52671695,0.5223483,0.5703234,0.8076632,0.8076632,0.5820299,0.4778582,0.8076632,0.5914998,0.5566044,0.60466033,0.5484594,0.59076035,0.5880943,0.5973491,0.69828916,0.69828916,0.52933127,0.69828916,0.52933127,0.5219627,0.47737816,0.6008981,0.59881115,0.5211448,0.5211448,0.4506029,0.5211448,0.4506029,0.5211448,0.6040586,0.6040586,0.6040586,0.6040586,0.6341919,0.4732503,0.57244766,0.6040586,0.48370782,0.6040586,0.57658285,0.52230287,0.52230287,0.5230846,0.51102597,0.47737816,0.5415887,0.59881115,0.59881115,0.59881115,0.5781972,0.57449305,0.80687904,0.6008539,0.6008096,0.52487665,0.7803021,0.80687904,0.7681892,0.5211448,0.57823336,0.5211448,0.58525014,0.5211448,0.54371715,0.5973491,0.5224129,0.767341,0.52933127,0.5429281,0.53277695,0.5211448,0.5706545,0.5973491,0.5223348,0.5973491,0.3501712,0.54014057,0.5794477,0.5398418,0.5211448,0.51102597,0.51102597,0.5420544,0.67473173,0.57856107,0.55066735,0.56664824,0.5373591,0.5684489,0.8950633,0.54582506,0.5820299,0.6868149,0.48703066,0.534084,0.5409835,0.4506029,0.5973491,0.6863866,0.48799998,0.5973491,0.52162486,0.767341,0.5315232,0.54898167,0.80888784,0.46251035,0.5333282,0.80687904,0.6995244,0.8957179,1.0000002,0.5265029,0.701576,0.5919095,0.583125,0.54014057,0.5211448,0.5398418,0.5973491,0.56131047,0.69828916,0.51350194,0.56439734,0.49175593,0.6868149,0.51102597,0.5205268,0.9303628,0.5985733,0.6868149,0.45847794,0.51102597,0.8314887
0.4810118,0.80687904,0.9999998,0.9999998,0.8840084,0.5875021,0.62642014,0.5776574,0.85250294,0.85250294,0.5674383,0.5737887,0.5737887,0.46367684,0.48605776,0.5213985,0.5856627,0.40089148,0.9999998,0.85250294,0.526782,0.62642014,0.5682779,0.5482595,0.521794,0.9999998,0.80687904,0.44729838,0.4810118,0.80687904,0.5138963,0.5684941,0.5739387,0.5737887,0.57626635,0.5619838,0.56553864,0.8840084,0.52956873,0.4885682,0.85250294,0.62642014,0.55044997,0.8840084,0.5737887,0.48651785,0.5737887,0.5477147,0.526782,0.5674383,0.5756233,0.5801191,0.5737887,0.5756233,0.57551587,0.49138927,0.96245915,0.96245915,0.50909173,0.47461691,0.96245915,0.54107994,0.5220386,0.51010865,0.5643838,0.519952,0.5525129,0.521794,0.85250294,0.85250294,0.5598042,0.85250294,0.5598042,0.57475984,0.55044997,0.53026545,0.526782,0.5674383,0.5674383,0.5117953,0.5674383,0.5117953,0.5674383,0.51444805,0.51444805,0.51444805,0.51444805,0.72023493,0.46520022,0.5308597,0.51444805,0.53344977,0.51444805,0.52234244,0.57331866,0.57331866,0.5710275,0.5737887,0.55044997,0.44952172,0.526782,0.526782,0.526782,0.53269047,0.51658595,0.9999998,0.5297297,0.51171595,0.57376283,0.86877656,0.9999998,0.7939809,0.5674383,0.50031203,0.5674383,0.5330481,0.5674383,0.57255495,0.521794,0.5807287,0.8840084,0.5598042,0.5686023,0.44454283,0.5674383,0.4744162,0.521794,0.553406,0.521794,0.41040665,0.562606,0.53481174,0.5682779,0.5674383,0.5737887,0.5737887,0.5658732,0.62642014,0.48176196,0.58506095,0.5267571,0.52776325,0.55668205,0.69847876,0.46096438,0.50909173,0.7482919,0.5329105,0.55677664,0.5527626,0.5117953,0.521794,0.7518301,0.5623618,0.521794,0.57207406,0.8840084,0.4732606,0.47004926,0.6291391,0.4152181,0.56553864,0.9999998,0.8343691,0.68649083,0.80687904,0.4498824,0.7626293,0.5318749,0.4812144,0.562606,0.5674383,0.5682779,0.521794,0.455441,0.85250294,0.42671898,0.4679097,0.56740963,0.7482919,0.5737887,0.53416246,0.7223253,0.51773757,0.7482919,0.5267265,0.5737887,0.70784205
0.4810118,0.80687904,0.9999998,0.9999998,0.8840084,0.5875021,0.62642014,0.5776574,0.85250294,0.85250294,0.5674383,0.5737887,0.5737887,0.46367684,0.48605776,0.5213985,0.5856627,0.40089148,0.9999998,0.85250294,0.526782,0.62642014,0.5682779,0.5482595,0.521794,0.9999998,0.80687904,0.44729838,0.4810118,0.80687904,0.5138963,0.5684941,0.5739387,0.5737887,0.57626635,0.5619838,0.56553864,0.8840084,0.52956873,0.4885682,0.85250294,0.62642014,0.55044997,0.8840084,0.5737887,0.48651785,0.5737887,0.5477147,0.526782,0.5674383,0.5756233,0.5801191,0.5737887,0.5756233,0.57551587,0.49138927,0.96245915,0.96245915,0.50909173,0.47461691,0.96245915,0.54107994,0.5220386,0.51010865,0.5643838,0.519952,0.5525129,0.521794,0.85250294,0.85250294,0.5598042,0.85250294,0.5598042,0.57475984,0.55044997,0.53026545,0.526782,0.5674383,0.5674383,0.5117953,0.5674383,0.5117953,0.5674383,0.51444805,0.51444805,0.51444805,0.51444805,0.72023493,0.46520022,0.5308597,0.51444805,0.53344977,0.51444805,0.52234244,0.57331866,0.57331866,0.5710275,0.5737887,0.55044997,0.44952172,0.526782,0.526782,0.526782,0.53269047,0.51658595,0.9999998,0.5297297,0.51171595,0.57376283,0.86877656,0.9999998,0.7939809,0.5674383,0.50031203,0.5674383,0.5330481,0.5674383,0.57255495,0.521794,0.5807287,0.8840084,0.5598042,0.5686023,0.44454283,0.5674383,0.4744162,0.521794,0.553406,0.521794,0.41040665,0.562606,0.53481174,0.5682779,0.5674383,0.5737887,0.5737887,0.5658732,0.62642014,0.48176196,0.58506095,0.5267571,0.52776325,0.55668205,0.69847876,0.46096438,0.50909173,0.7482919,0.5329105,0.55677664,0.5527626,0.5117953,0.521794,0.7518301,0.5623618,0.521794,0.57207406,0.8840084,0.4732606,0.47004926,0.6291391,0.4152181,0.56553864,0.9999998,0.8343691,0.68649083,0.80687904,0.4498824,0.7626293,0.5318749,0.4812144,0.562606,0.5674383,0.5682779,0.521794,0.455441,0.85250294,0.42671898,0.4679097,0.56740963,0.7482919,0.5737887,0.53416246,0.7223253,0.51773757,0.7482919,0.5267265,0.5737887,0.70784205
0.54258156,0.767341,0.8840084,0.8840084,1.0000001,0.6346909,0.6739507,0.62458754,0.89427936,0.89427936,0.6241854,0.62942123,0.62942123,0.5158706,0.5462953,0.5698966,0.6009572,0.44386384,0.8840084,0.89427936,0.6026155,0.6739507,0.6262591,0.5791284,0.5935614,0.8840084,0.767341,0.5051306,0.54258156,0.767341,0.5644089,0.61777353,0.63565415,0.62942123,0.6402668,0.6331653,0.63657206,1.0000001,0.6003046,0.54356277,0.89427936,0.6739507,0.58427745,1.0000001,0.62942123,0.55414444,0.62942123,0.62747097,0.6026155,0.6241854,0.6306894,0.62768936,0.62942123,0.6306894,0.62903935,0.5607677,0.86680657,0.86680657,0.5888041,0.5266938,0.86680657,0.61797976,0.5736246,0.5819967,0.63555133,0.59218025,0.62660533,0.5935614,0.89427936,0.89427936,0.6210381,0.89427936,0.6210381,0.6259212,0.58427745,0.6057062,0.6026155,0.6241854,0.6241854,0.56016374,0.6241854,0.56016374,0.6241854,0.5897157,0.5897157,0.5897157,0.5897157,0.72257805,0.5132525,0.5753454,0.5897157,0.5690047,0.5897157,0.58543026,0.6210637,0.6210637,0.62587583,0.62942123,0.58427745,0.5090014,0.6026155,0.6026155,0.6026155,0.6099567,0.5938364,0.8840084,0.60589504,0.5842031,0.62986827,0.8626607,0.8840084,0.79225475,0.6241854,0.56875974,0.6241854,0.6056623,0.6241854,0.6265676,0.5935614,0.6352351,1.0000001,0.6210381,0.63511664,0.5080822,0.6241854,0.5429941,0.5935614,0.61187553,0.5935614,0.43677843,0.624802,0.58183175,0.6262591,0.6241854,0.62942123,0.62942123,0.6254668,0.6739507,0.55770236,0.6559732,0.58689034,0.5746536,0.6353854,0.7251692,0.50962037,0.5888041,0.8925118,0.58346987,0.6314642,0.6270486,0.56016374,0.5935614,0.74646527,0.598927,0.5935614,0.6172802,1.0000001,0.55802774,0.5378268,0.7391532,0.44917402,0.63657206,0.8840084,0.90577286,0.6509646,0.767341,0.50884163,0.7647542,0.6065741,0.55812603,0.624802,0.6241854,0.6262591,0.5935614,0.5290656,0.89427936,0.47638014,0.5339345,0.6035906,0.8925118,0.62942123,0.57303584,0.7354421,0.5918812,0.8925118,0.56286275,0.62942123,0.7083434
0.7753647,0.5372492,0.5875021,0.5875021,0.6346909,0.99999976,0.5129206,0.9523824,0.6268125,0.6268125,0.9327223,0.9235306,0.9235306,0.73699117,0.8128525,0.8698825,0.89254594,0.72344524,0.5875021,0.6268125,0.9070805,0.5129206,0.9576523,0.8843812,0.90353173,0.5875021,0.5372492,0.811692,0.7753647,0.5372492,0.8426039,0.9409427,0.96891,0.9235306,0.9148395,0.9279078,0.91756606,0.6346909,0.9143352,0.80870795,0.6268125,0.5129206,0.89175713,0.6346909,0.9235306,0.85656404,0.9235306,0.90297395,0.9070805,0.9327223,0.9592005,0.9584396,0.9235306,0.9592005,0.95836145,0.8555071,0.57266563,0.57266563,0.8704751,0.826127,0.57266563,0.8869574,0.8654381,0.83909756,0.9120146,0.85488516,0.88284314,0.90353173,0.6268125,0.6268125,0.9086158,0.6268125,0.9086158,0.9560404,0.89175713,0.8972055,0.9070805,0.9327223,0.9327223,0.70849806,0.9327223,0.70849806,0.9327223,0.8896229,0.8896229,0.8896229,0.8896229,0.62726915,0.7642636,0.8661929,0.8896229,0.8795587,0.8896229,0.8991606,0.94901025,0.94901025,0.9562567,0.9235306,0.89175713,0.76830155,0.9070805,0.9070805,0.9070805,0.9231466,0.87338394,0.5875021,0.9065372,0.8372719,0.95287025,0.6189254,0.5875021,0.63299227,0.9327223,0.8420925,0.9327223,0.9210483,0.9327223,0.9567342,0.90353173,0.9654457,0.6346909,0.9086158,0.93014574,0.75337464,0.9327223,0.81963915,0.90353173,0.9177174,0.90353173,0.69413775,0.94799876,0.8683148,0.9576523,0.9327223,0.9235306,0.9235306,0.94862205,0.5129206,0.8359807,0.94718516,0.85097206,0.8738067,0.8973295,0.5180789,0.7619679,0.8704751,0.66297656,0.886637,0.90758216,0.9175063,0.70849806,0.90353173,0.57567585,0.906893,0.90353173,0.9478934,0.6346909,0.77882504,0.82093906,0.5933721,0.5650654,0.91756606,0.5875021,0.6544503,0.49800053,0.5372492,0.72171116,0.59843475,0.87188554,0.8207649,0.94799876,0.9327223,0.9576523,0.90353173,0.8036939,0.6268125,0.69629645,0.8315966,0.9142958,0.66297656,0.9235306,0.8926189,0.56303066,0.8452907,0.66297656,0.87089956,0.9235306,0.5699185
0.68180776,0.67473173,0.62642014,0.62642014,0.6739507,0.5129206,0.9999997,0.4870693,0.6446239,0.6446239,0.46944582,0.47580606,0.47580606,0.67940146,0.66442597,0.5610523,0.49865174,0.51688194,0.62642014,0.6446239,0.5714016,0.9999997,0.48928428,0.4239965,0.56611127,0.62642014,0.67473173,0.43997982,0.68180776,0.67473173,0.5598347,0.4857803,0.5019361,0.47580606,0.5104032,0.49779153,0.49421978,0.6739507,0.5527697,0.67704856,0.6446239,0.9999997,0.46483728,0.6739507,0.47580606,0.6158728,0.47580606,0.5398363,0.5714016,0.46944582,0.4863489,0.49290967,0.47580606,0.4863489,0.4896248,0.61086196,0.61412686,0.61412686,0.55783707,0.42987216,0.61412686,0.5628055,0.55541706,0.611693,0.49296203,0.60974574,0.5527983,0.56611127,0.6446239,0.6446239,0.47978514,0.6446239,0.47978514,0.5012219,0.46483728,0.59814835,0.5714016,0.46944582,0.46944582,0.43853298,0.46944582,0.43853298,0.46944582,0.58744735,0.58744735,0.58744735,0.58744735,0.6203072,0.49105412,0.62995964,0.58744735,0.43306696,0.58744735,0.5360036,0.47921005,0.47921005,0.48177058,0.47580606,0.46483728,0.65689254,0.5714016,0.5714016,0.5714016,0.55571914,0.6488341,0.62642014,0.5933049,0.62664884,0.48985088,0.6983133,0.62642014,0.63607466,0.46944582,0.6824987,0.46944582,0.5537902,0.46944582,0.50588864,0.56611127,0.4941082,0.6739507,0.47978514,0.49810335,0.6727848,0.46944582,0.6284514,0.56611127,0.47308505,0.56611127,0.3418254,0.49268672,0.6394378,0.48928428,0.46944582,0.47580606,0.47580606,0.4963963,0.9999997,0.5636869,0.5279096,0.6214856,0.50182253,0.5553954,0.7477443,0.5924189,0.55783707,0.6196198,0.45439893,0.4850199,0.48673165,0.43853298,0.56611127,0.63410044,0.45948434,0.56611127,0.4839729,0.6739507,0.5276693,0.59170455,0.7476967,0.6195891,0.49421978,0.62642014,0.64953923,0.57217085,0.67473173,0.6833514,0.6321374,0.6320506,0.6525786,0.49268672,0.46944582,0.48928428,0.56611127,0.63748246,0.6446239,0.6657913,0.62049013,0.44373927,0.6196198,0.47580606,0.5009144,0.7218552,0.63128644,0.6196198,0.44252777,0.47580606,0.7234601
0.7627565,0.5299068,0.5776574,0.5776574,0.62458754,0.9523824,0.4870693,1.0,0.6342563,0.6342563,0.9601034,0.959604,0.959604,0.71259654,0.79921556,0.84458137,0.8840916,0.6984246,0.5776574,0.6342563,0.888128,0.4870693,0.9767382,0.9265694,0.88512474,0.5776574,0.5299068,0.80921495,0.7627565,0.5299068,0.8274218,0.97459096,0.9682317,0.959604,0.93859106,0.935035,0.926756,0.62458754,0.89881074,0.804522,0.6342563,0.4870693,0.9215378,0.62458754,0.959604,0.85102654,0.959604,0.89154285,0.888128,0.9601034,0.99066126,0.9895658,0.959604,0.99066126,0.9859741,0.85315645,0.5669931,0.5669931,0.85339653,0.8091509,0.5669931,0.87754583,0.8478202,0.82620776,0.9109584,0.84056735,0.8750784,0.88512474,0.6342563,0.6342563,0.9259312,0.6342563,0.9259312,0.97386223,0.9215378,0.88527066,0.888128,0.9601034,0.9601034,0.73878753,0.9601034,0.73878753,0.9601034,0.8708382,0.8708382,0.8708382,0.8708382,0.6166598,0.7722602,0.87020326,0.8708382,0.90947896,0.8708382,0.8577284,0.99511945,0.99511945,0.99171424,0.959604,0.9215378,0.7654868,0.888128,0.888128,0.888128,0.9061516,0.85806274,0.5776574,0.8879895,0.8241916,0.9829067,0.59177125,0.5776574,0.612314,0.9601034,0.83546525,0.9601034,0.9029548,0.9601034,0.96003914,0.88512474,0.9800838,0.62458754,0.9259312,0.935575,0.7543079,0.9601034,0.8046019,0.88512474,0.927926,0.88512474,0.7383226,0.94507354,0.87299955,0.9767382,0.9601034,0.959604,0.959604,0.94627684,0.4870693,0.81705457,0.94010067,0.8431928,0.85031825,0.8766006,0.4987032,0.73169875,0.85339653,0.6684967,0.92545974,0.90816617,0.9109734,0.73878753,0.88512474,0.5652299,0.92859983,0.88512474,0.99379134,0.62458754,0.7790537,0.78996193,0.5904112,0.54565036,0.926756,0.5776574,0.6494725,0.48562673,0.5299068,0.7194885,0.5848794,0.8602094,0.8118522,0.94507354,0.9601034,0.9767382,0.88512474,0.79405123,0.6342563,0.6678425,0.8242495,0.95804465,0.6684967,0.959604,0.87461203,0.54455423,0.83425105,0.6684967,0.90394443,0.959604,0.5398481
0.523414,0.69828916,0.85250294,0.85250294,0.89427936,0.6268125,0.6446239,0.6342563,0.9999999,0.9999999,0.6323091,0.64941436,0.64941436,0.50398636,0.528371,0.55725473,0.62368137,0.43607634,0.85250294,0.9999999,0.5702545,0.6446239,0.61929345,0.61994064,0.56493384,0.85250294,0.69828916,0.52470505,0.523414,0.69828916,0.5529367,0.63786095,0.6262225,0.64941436,0.6195865,0.60866857,0.61005104,0.89427936,0.5705794,0.53748965,0.9999999,0.6446239,0.6340234,0.89427936,0.64941436,0.5395345,0.64941436,0.58033264,0.5702545,0.6323091,0.6333462,0.63408536,0.64941436,0.6333462,0.6403241,0.5327728,0.8609386,0.8609386,0.5527054,0.53252125,0.8609386,0.58000994,0.5494903,0.537316,0.60991955,0.55402184,0.57518166,0.56493384,0.9999999,0.9999999,0.6305542,0.9999999,0.6305542,0.6393983,0.6340234,0.58060247,0.5702545,0.6323091,0.6323091,0.64933586,0.6323091,0.64933586,0.6323091,0.56303895,0.56303895,0.56303895,0.56303895,0.7510134,0.54414505,0.577279,0.56303895,0.605924,0.56303895,0.5653464,0.63625085,0.63625085,0.62953544,0.64941436,0.6340234,0.49664274,0.5702545,0.5702545,0.5702545,0.5751443,0.5692055,0.85250294,0.5759858,0.54307425,0.6397563,0.8409365,0.85250294,0.7765901,0.6323091,0.5524135,0.6323091,0.5730128,0.6323091,0.6267416,0.56493384,0.6342368,0.89427936,0.6305542,0.62889194,0.49839664,0.6323091,0.521906,0.56493384,0.6165479,0.56493384,0.503163,0.6165973,0.57782435,0.61929345,0.6323091,0.64941436,0.64941436,0.6137953,0.6446239,0.51914096,0.6284882,0.5620671,0.5548743,0.5890702,0.6596829,0.4911751,0.5527054,0.81944937,0.6194802,0.60052204,0.6012707,0.64933586,0.56493384,0.7083217,0.6306915,0.56493384,0.63137174,0.89427936,0.54050356,0.51244706,0.6667844,0.4491341,0.61005104,0.85250294,0.9407464,0.6038681,0.69828916,0.50539184,0.7401438,0.5649168,0.52551395,0.6165973,0.6323091,0.61929345,0.56493384,0.504482,0.9999999,0.47005966,0.51851064,0.63159263,0.81944937,0.64941436,0.5664582,0.7067147,0.5466591,0.81944937,0.6142979,0.64941436,0.7182853
0.523414,0.69828916,0.85250294,0.85250294,0.89427936,0.6268125,0.6446239,0.6342563,0.9999999,0.9999999,0.6323091,0.64941436,0.64941436,0.50398636,0.528371,0.55725473,0.62368137,0.43607634,0.85250294,0.9999999,0.5702545,0.6446239,0.61929345,0.61994064,0.56493384,0.85250294,0.69828916,0.52470505,0.523414,0.69828916,0.5529367,0.63786095,0.6262225,0.64941436,0.6195865,0.60866857,0.61005104,0.89427936,0.5705794,0.53748965,0.9999999,0.6446239,0.6340234,0.89427936,0.64941436,0.5395345,0.64941436,0.58033264,0.5702545,0.6323091,0.6333462,0.63408536,0.64941436,0.6333462,0.6403241,0.5327728,0.8609386,0.8609386,0.5527054,0.53252125,0.8609386,0.58000994,0.5494903,0.537316,0.60991955,0.55402184,0.57518166,0.56493384,0.9999999,0.9999999,0.6305542,0.9999999,0.6305542,0.6393983,0.6340234,0.58060247,0.5702545,0.6323091,0.6323091,0.64933586,0.6323091,0.64933586,0.6323091,0.56303895,0.56303895,0.56303895,0.56303895,0.7510134,0.54414505,0.577279,0.56303895,0.605924,0.56303895,0.5653464,0.63625085,0.63625085,0.62953544,0.64941436,0.6340234,0.49664274,0.5702545,0.5702545,0.5702545,0.5751443,0.5692055,0.85250294,0.5759858,0.54307425,0.6397563,0.8409365,0.85250294,0.7765901,0.6323091,0.5524135,0.6323091,0.5730128,0.6323091,0.6267416,0.56493384,0.6342368,0.89427936,0.6305542,0.62889194,0.49839664,0.6323091,0.521906,0.56493384,0.6165479,0.56493384,0.503163,0.6165973,0.57782435,0.61929345,0.6323091,0.64941436,0.64941436,0.6137953,0.6446239,0.51914096,0.6284882,0.5620671,0.5548743,0.5890702,0.6596829,0.4911751,0.5527054,0.81944937,0.6194802,0.60052204,0.6012707,0.64933586,0.56493384,0.7083217,0.6306915,0.56493384,0.63137174,0.89427936,0.54050356,0.51244706,0.6667844,0.4491341,0.61005104,0.85250294,0.9407464,0.6038681,0.69828916,0.50539184,0.7401438,0.5649168,0.52551395,0.6165973,0.6323091,0.61929345,0.56493384,0.504482,0.9999999,0.47005966,0.51851064,0.63159263,0.81944937,0.64941436,0.5664582,0.7067147,0.5466591,0.81944937,0.6142979,0.64941436,0.7182853
0.7498127,0.5211448,0.5674383,0.5674383,0.6241854,0.9327223,0.46944582,0.9601034,0.6323091,0.6323091,1.0,0.98376274,0.98376274,0.69662434,0.800627,0.8497533,0.8780062,0.6898861,0.5674383,0.6323091,0.8735594,0.46944582,0.96410704,0.9475138,0.8800483,0.5674383,0.5211448,0.8290866,0.7498127,0.5211448,0.8353806,0.96277404,0.93952835,0.98376274,0.89868873,0.90373486,0.8950545,0.6241854,0.8877643,0.78356105,0.6323091,0.46944582,0.93460846,0.6241854,0.98376274,0.8412897,0.98376274,0.8757775,0.8735594,1.0,0.96843195,0.9683523,0.98376274,0.96843195,0.9711547,0.84392923,0.5701561,0.5701561,0.85579234,0.8238312,0.5701561,0.86838984,0.83702844,0.80630314,0.9283041,0.82148427,0.8500922,0.8800483,0.6323091,0.6323091,0.93934035,0.6323091,0.93934035,0.9617001,0.93460846,0.88063586,0.8735594,1.0,1.0,0.77528775,1.0,0.77528775,1.0,0.86909175,0.86909175,0.86909175,0.86909175,0.6156589,0.79538125,0.8667293,0.86909175,0.9490597,0.86909175,0.871253,0.96553844,0.96553844,0.9696946,0.98376274,0.93460846,0.77030617,0.8735594,0.8735594,0.8735594,0.8916127,0.8468583,0.5674383,0.8785705,0.8048126,0.97648394,0.5872965,0.5674383,0.6195985,1.0,0.82316405,1.0,0.8915014,1.0,0.9585557,0.8800483,0.9493878,0.6241854,0.93934035,0.946367,0.7411926,1.0,0.79877716,0.8800483,0.9648844,0.8800483,0.7787229,0.9256951,0.86200196,0.96410704,1.0,0.98376274,0.98376274,0.91648936,0.46944582,0.808908,0.921544,0.8168135,0.8551678,0.8775985,0.49926764,0.718028,0.85579234,0.6913172,0.9454545,0.88855255,0.9273752,0.77528775,0.8800483,0.5557286,0.9379133,0.8800483,0.9615381,0.6241854,0.78999853,0.8000042,0.5977936,0.52629143,0.8950545,0.5674383,0.6635006,0.48692232,0.5211448,0.7139874,0.5770615,0.8362926,0.8002634,0.9256951,1.0,0.96410704,0.8800483,0.7913815,0.6323091,0.65480655,0.81083065,0.95153344,0.6913172,0.98376274,0.88010263,0.53855515,0.8148598,0.6913172,0.9175782,0.98376274,0.53542775
0.74169725,0.51102597,0.5737887,0.5737887,0.62942123,0.9235306,0.47580606,0.959604,0.64941436,0.64941436,0.98376274,0.9999998,0.9999998,0.6929496,0.7841065,0.8428349,0.88728094,0.6824339,0.5737887,0.64941436,0.85853606,0.47580606,0.9390384,0.93508035,0.8565148,0.5737887,0.51102597,0.8215879,0.74169725,0.51102597,0.83319414,0.97038597,0.93162227,0.9999998,0.8990755,0.90267813,0.8925375,0.62942123,0.87030333,0.7840822,0.64941436,0.47580606,0.9464201,0.62942123,0.9999998,0.8220848,0.9999998,0.8709076,0.85853606,0.98376274,0.9650483,0.96433413,0.9999998,0.9650483,0.9700115,0.8233327,0.5660448,0.5660448,0.8382143,0.81524026,0.5660448,0.8550871,0.8151033,0.7872621,0.9123517,0.8057753,0.8310304,0.8565148,0.64941436,0.64941436,0.9419428,0.64941436,0.9419428,0.96122396,0.9464201,0.86354244,0.85853606,0.98376274,0.98376274,0.7816776,0.98376274,0.7816776,0.98376274,0.8460273,0.8460273,0.8460273,0.8460273,0.6099525,0.7918931,0.8546275,0.8460273,0.9362812,0.8460273,0.8480617,0.965961,0.965961,0.9677028,0.9999998,0.9464201,0.7600969,0.85853606,0.85853606,0.85853606,0.8808241,0.8393508,0.5737887,0.86410666,0.78820026,0.9796387,0.58967733,0.5737887,0.60792124,0.98376274,0.81467056,0.98376274,0.8733987,0.98376274,0.9339119,0.8565148,0.94616795,0.62942123,0.9419428,0.93996406,0.73473525,0.98376274,0.77858216,0.8565148,0.94319004,0.8565148,0.7786822,0.9003813,0.8500418,0.9390384,0.98376274,0.9999998,0.9999998,0.89379996,0.47580606,0.7917297,0.9185377,0.8134941,0.845671,0.86816984,0.4891444,0.71313936,0.8382143,0.68910354,0.95434976,0.87570953,0.9067307,0.7816776,0.8565148,0.5551054,0.9270275,0.8565148,0.95918536,0.62942123,0.7838977,0.786059,0.5873588,0.5331046,0.8925375,0.5737887,0.67310214,0.47516128,0.51102597,0.71857,0.5768889,0.8287107,0.78875536,0.9003813,0.98376274,0.9390384,0.8565148,0.77281547,0.64941436,0.655406,0.78975934,0.95265067,0.68910354,0.9999998,0.8670529,0.530776,0.79812694,0.68910354,0.92475426,0.9999998,0.5339749
0.74169725,0.51102597,0.5737887,0.5737887,0.62942123,0.9235306,0.47580606,0.959604,0.64941436,0.64941436,0.98376274,0.9999998,0.9999998,0.6929496,0.7841065,0.8428349,0.88728094,0.6824339,0.5737887,0.64941436,0.85853606,0.47580606,0.9390384,0.93508035,0.8565148,0.5737887,0.51102597,0.8215879,0.74169725,0.51102597,0.83319414,0.97038597,0.93162227,0.9999998,0.8990755,0.90267813,0.8925375,0.62942123,0.87030333,0.7840822,0.64941436,0.47580606,0.9464201,0.62942123,0.9999998,0.8220848,0.9999998,0.8709076,0.85853606,0.98376274,0.9650483,0.96433413,0.9999998,0.9650483,0.9700115,0.8233327,0.5660448,0.5660448,0.8382143,0.81524026,0.5660448,0.8550871,0.8151033,0.7872621,0.9123517,0.8057753,0.8310304,0.8565148,0.64941436,0.64941436,0.9419428,0.64941436,0.9419428,0.96122396,0.9464201,0.86354244,0.85853606,0.98376274,0.98376274,0.7816776,0.98376274,0.7816776,0.98376274,0.8460273,0.8460273,0.8460273,0.8460273,0.6099525,0.7918931,0.8546275,0.8460273,0.9362812,0.8460273,0.8480617,0.965961,0.965961,0.9677028,0.9999998,0.9464201,0.7600969,0.85853606,0.85853606,0.85853606,0.8808241,0.8393508,0.5737887,0.86410666,0.78820026,0.9796387,0.58967733,0.5737887,0.60792124,0.98376274,0.81467056,0.98376274,0.8733987,0.98376274,0.9339119,0.8565148,0.94616795,0.62942123,0.9419428,0.93996406,0.73473525,0.98376274,0.77858216,0.8565148,0.94319004,0.8565148,0.7786822,0.9003813,0.8500418,0.9390384,0.98376274,0.9999998,0.9999998,0.89379996,0.47580606,0.7917297,0.9185377,0.8134941,0.845671,0.86816984,0.4891444,0.71313936,0.8382143,0.68910354,0.95434976,0.87570953,0.9067307,0.7816776,0.8565148,0.5551054,0.9270275,0.8565148,0.95918536,0.62942123,0.7838977,0.786059,0.5873588,0.5331046,0.8925375,0.5737887,0.67310214,0.47516128,0.51102597,0.71857,0.5768889,0.8287107,0.78875536,0.9003813,0.98376274,0.9390384,0.8565148,0.77281547,0.64941436,0.655406,0.78975934,0.95265067,0.68910354,0.9999998,0.8670529,0.530776,0.79812694,0.68910354,0.92475426,0.9999998,0.5339749
0.9448764,0.5508961,0.46367684,0.46367684,0.5158706,0.73699117,0.67940146,0.71259654,0.50398636,0.50398636,0.69662434,0.6929496,0.6929496,1.0000002,0.9207765,0.8190698,0.7000761,0.7984209,0.46367684,0.50398636,0.79155713,0.67940146,0.7186404,0.65023875,0.79962516,0.46367684,0.5508961,0.67161727,0.9448764,0.5508961,0.8149442,0.7015033,0.7285472,0.6929496,0.7168128,0.7270668,0.72240806,0.5158706,0.809815,0.92549384,0.50398636,0.67940146,0.66408515,0.5158706,0.6929496,0.8535068,0.6929496,0.76226205,0.79155713,0.69662434,0.71397066,0.7169093,0.6929496,0.71397066,0.7155889,0.86424255,0.453757,0.453757,0.7775258,0.6619979,0.453757,0.7998168,0.8502124,0.83540565,0.7172929,0.8375744,0.7856824,0.79962516,0.50398636,0.50398636,0.6924077,0.50398636,0.6924077,0.7144803,0.66408515,0.8221971,0.79155713,0.69662434,0.69662434,0.52498597,0.69662434,0.52498597,0.69662434,0.81321263,0.81321263,0.81321263,0.81321263,0.5312895,0.6617239,0.87336576,0.81321263,0.6465018,0.81321263,0.7848795,0.7058758,0.7058758,0.71061814,0.6929496,0.66408515,0.92191595,0.79155713,0.79155713,0.79155713,0.7884224,0.856612,0.46367684,0.8167682,0.85598785,0.7126609,0.53724766,0.46367684,0.5023615,0.69662434,0.89173603,0.69662434,0.7994961,0.69662434,0.7321059,0.79962516,0.7189909,0.5158706,0.6924077,0.7150228,0.9269297,0.69662434,0.86656004,0.79962516,0.6926124,0.79962516,0.5119092,0.7322475,0.8780154,0.7186404,0.69662434,0.6929496,0.6929496,0.72444856,0.67940146,0.8099936,0.7426324,0.88045424,0.7474817,0.7760579,0.66365266,0.8865045,0.7775258,0.5411255,0.6627771,0.7187387,0.7299632,0.52498597,0.79962516,0.5027921,0.65768766,0.79962516,0.7072567,0.5158706,0.68520623,0.8627903,0.6981113,0.7451898,0.72240806,0.46367684,0.5148662,0.5086924,0.5508961,0.9308564,0.5128653,0.8581673,0.8669982,0.7322475,0.69662434,0.7186404,0.79962516,0.88221717,0.50398636,0.9525316,0.85961264,0.68038046,0.5411255,0.6929496,0.7700031,0.61609966,0.8595456,0.5411255,0.64379275,0.6929496,0.64127606
0.95200694,0.58681965,0.48605776,0.48605776,0.5462953,0.8128525,0.66442597,0.79921556,0.528371,0.528371,0.800627,0.7841065,0.7841065,0.9207765,0.99999994,0.8722478,0.77305436,0.84296703,0.48605776,0.528371,0.9052216,0.66442597,0.8105076,0.74738705,0.91460943,0.48605776,0.58681965,0.7903841,0.95200694,0.58681965,0.86190045,0.7985559,0.8028701,0.7841065,0.77818966,0.78807825,0.7785442,0.5462953,0.9063898,0.94922906,0.528371,0.66442597,0.76984656,0.5462953,0.7841065,0.91104627,0.7841065,0.8571866,0.9052216,0.800627,0.80294335,0.8050083,0.7841065,0.80294335,0.80480427,0.9299847,0.4798585,0.4798585,0.8937818,0.7713183,0.4798585,0.8877659,0.8898066,0.8876791,0.8155935,0.8895341,0.83299613,0.91460943,0.528371,0.528371,0.80502135,0.528371,0.80502135,0.7942862,0.76984656,0.9307738,0.9052216,0.800627,0.800627,0.6363121,0.800627,0.6363121,0.800627,0.9268917,0.9268917,0.9268917,0.9268917,0.5641325,0.7822604,0.9462981,0.9268917,0.7711135,0.9268917,0.88709664,0.79357356,0.79357356,0.801226,0.7841065,0.76984656,0.97093844,0.9052216,0.9052216,0.9052216,0.8966015,0.9279138,0.48605776,0.92561895,0.8999191,0.8071664,0.55377555,0.48605776,0.55997837,0.800627,0.9419247,0.800627,0.9013178,0.800627,0.811595,0.91460943,0.7906381,0.5462953,0.80502135,0.8216621,0.9303642,0.800627,0.9022478,0.91460943,0.8101175,0.91460943,0.6386611,0.7961104,0.9435202,0.8105076,0.800627,0.7841065,0.7841065,0.7866801,0.66442597,0.88591725,0.8055966,0.90181947,0.8318238,0.8402287,0.6721823,0.89754236,0.8937818,0.59368515,0.76975137,0.780576,0.82824206,0.6363121,0.91460943,0.5103306,0.757513,0.91460943,0.79663503,0.5462953,0.81542045,0.91596323,0.74524176,0.7022366,0.7785442,0.48605776,0.5529655,0.54748404,0.58681965,0.9329009,0.53723854,0.90925926,0.9216814,0.7961104,0.800627,0.8105076,0.91460943,0.94556046,0.528371,0.886496,0.91336524,0.75288427,0.59368515,0.7841065,0.846293,0.652932,0.9044119,0.59368515,0.76318276,0.7841065,0.65705657
0.8417944,0.55191636,0.5213985,0.5213985,0.5698966,0.8698825,0.5610523,0.84458137,0.55725473,0.55725473,0.8497533,0.8428349,0.8428349,0.8190698,0.8722478,1.0000002,0.84576255,0.8298642,0.5213985,0.55725473,0.88717884,0.5610523,0.8518361,0.7970491,0.8983051,0.5213985,0.55191636,0.8452846,0.8417944,0.55191636,0.96057117,0.85508883,0.8525069,0.8428349,0.84206283,0.8546986,0.84652114,0.5698966,0.9070105,0.8411233,0.55725473,0.5610523,0.80791295,0.5698966,0.8428349,0.8848989,0.8428349,0.888071,0.88717884,0.8497533,0.8486478,0.8533629,0.8428349,0.8486478,0.8588137,0.88656396,0.5102339,0.5102339,0.89981174,0.8681201,0.5102339,0.8962188,0.87694246,0.8577986,0.8654902,0.8892317,0.8652073,0.8983051,0.55725473,0.55725473,0.84344167,0.55725473,0.84344167,0.847776,0.80791295,0.901338,0.88717884,0.8497533,0.8497533,0.67693955,0.8497533,0.67693955,0.8497533,0.8922336,0.8922336,0.8922336,0.8922336,0.612889,0.81988573,0.8725746,0.8922336,0.8170189,0.8922336,0.9016097,0.8403753,0.8403753,0.84796804,0.8428349,0.80791295,0.839391,0.88717884,0.88717884,0.88717884,0.89817625,0.88255763,0.5213985,0.90303683,0.8669628,0.8594928,0.58115727,0.5213985,0.58026177,0.8497533,0.8720517,0.8497533,0.90450823,0.8497533,0.8568197,0.8983051,0.8396235,0.5698966,0.84344167,0.8610453,0.8311485,0.8497533,0.87051076,0.8983051,0.85857785,0.8983051,0.69556844,0.8425638,0.8684838,0.8518361,0.8497533,0.8428349,0.8428349,0.8346567,0.5610523,0.87143034,0.87148374,0.8858838,0.9435077,0.9084234,0.5802266,0.86452985,0.89981174,0.6199397,0.80825603,0.85836303,0.8986649,0.67693955,0.8983051,0.5769437,0.7950961,0.8983051,0.84493583,0.5698966,0.80785173,0.8957355,0.6540284,0.6688264,0.84652114,0.5213985,0.58704954,0.5154622,0.55191636,0.7997773,0.5943999,0.885941,0.873817,0.8425638,0.8497533,0.8518361,0.8983051,0.8714455,0.55725473,0.79225016,0.8720375,0.8180499,0.6199397,0.8428349,0.86605704,0.5874619,0.875098,0.6199397,0.7974085,0.8428349,0.58111006
0.74130076,0.502111,0.5856627,0.5856627,0.6009572,0.89254594,0.49865174,0.8840916,0.62368137,0.62368137,0.8780062,0.88728094,0.88728094,0.7000761,0.77305436,0.84576255,0.9999999,0.7232065,0.5856627,0.62368137,0.8364037,0.49865174,0.86253047,0.8554409,0.8277906,0.5856627,0.502111,0.78870714,0.74130076,0.502111,0.8495647,0.91057444,0.86115885,0.88728094,0.87067014,0.86088496,0.8489486,0.6009572,0.83500624,0.7722214,0.62368137,0.49865174,0.8997761,0.6009572,0.88728094,0.7989547,0.88728094,0.84874165,0.8364037,0.8780062,0.88347024,0.893731,0.88728094,0.88347024,0.8965198,0.80131793,0.5613726,0.5613726,0.8151658,0.8079391,0.5613726,0.82347804,0.7977845,0.77115613,0.8607079,0.80366266,0.80378824,0.8277906,0.62368137,0.62368137,0.8646201,0.62368137,0.8646201,0.8829365,0.8997761,0.83195615,0.8364037,0.8780062,0.8780062,0.7526555,0.8780062,0.7526555,0.8780062,0.8189655,0.8189655,0.8189655,0.8189655,0.62790334,0.7817496,0.8277918,0.8189655,0.8679196,0.8189655,0.81805813,0.88270175,0.88270175,0.8812923,0.88728094,0.8997761,0.739539,0.8364037,0.8364037,0.8364037,0.85143965,0.8263587,0.5856627,0.8387599,0.77816474,0.8954689,0.5925271,0.5856627,0.57123196,0.8780062,0.80939776,0.8780062,0.8412191,0.8780062,0.8580791,0.8277906,0.874138,0.6009572,0.8646201,0.85717165,0.73599017,0.8780062,0.7531035,0.8277906,0.86139023,0.8277906,0.7741885,0.82815576,0.8174818,0.86253047,0.8780062,0.88728094,0.88728094,0.82279915,0.49865174,0.7747458,0.86984515,0.83235955,0.8372811,0.8385099,0.49577707,0.73611057,0.8151658,0.63410187,0.86987436,0.83587766,0.8578737,0.7526555,0.8277906,0.55795324,0.88429475,0.8277906,0.88990885,0.6009572,0.74294794,0.79029787,0.5634197,0.5692732,0.8489486,0.5856627,0.6368431,0.4781419,0.502111,0.73289466,0.58274627,0.8323229,0.77713454,0.82815576,0.8780062,0.86253047,0.8277906,0.7626296,0.62368137,0.693413,0.77757525,0.8712854,0.63410187,0.88728094,0.85319847,0.52913207,0.787251,0.63410187,0.8868733,0.88728094,0.5292705
0.82138443,0.46996975,0.40089148,0.40089148,0.44386384,0.72344524,0.51688194,0.6984246,0.43607634,0.43607634,0.6898861,0.6824339,0.6824339,0.7984209,0.84296703,0.8298642,0.7232065,1.0000002,0.40089148,0.43607634,0.797331,0.51688194,0.70056427,0.6371104,0.81244713,0.40089148,0.46996975,0.7512442,0.82138443,0.46996975,0.82669306,0.697418,0.70248324,0.6824339,0.71777093,0.7353744,0.732934,0.44386384,0.8218207,0.80342454,0.43607634,0.51688194,0.6635599,0.44386384,0.6824339,0.8144774,0.6824339,0.7955236,0.797331,0.6898861,0.7059625,0.70374703,0.6824339,0.7059625,0.7107033,0.8365674,0.37959123,0.37959123,0.8230721,0.7899602,0.37959123,0.81189775,0.79569596,0.793621,0.70009905,0.82308495,0.76257145,0.81244713,0.43607634,0.43607634,0.67013085,0.43607634,0.67013085,0.6935891,0.6635599,0.8164079,0.797331,0.6898861,0.6898861,0.5474151,0.6898861,0.5474151,0.6898861,0.8048533,0.8048533,0.8048533,0.8048533,0.48405764,0.713676,0.7992081,0.8048533,0.65707135,0.8048533,0.81245756,0.69558406,0.69558406,0.704023,0.6824339,0.6635599,0.8156938,0.797331,0.797331,0.797331,0.8021623,0.8078828,0.40089148,0.8183453,0.8060449,0.71329397,0.4418236,0.40089148,0.446787,0.6898861,0.8112041,0.6898861,0.8095521,0.6898861,0.70874995,0.81244713,0.6912058,0.44386384,0.67013085,0.686715,0.81865394,0.6898861,0.81004524,0.81244713,0.68272364,0.81244713,0.581645,0.7011398,0.7919596,0.70056427,0.6898861,0.6824339,0.6824339,0.6891463,0.51688194,0.8420669,0.7220661,0.8434403,0.82627076,0.78189063,0.5522835,0.91824716,0.8230721,0.48800293,0.6430091,0.74344724,0.7553334,0.5474151,0.81244713,0.43567076,0.64309955,0.81244713,0.69731224,0.44386384,0.7531825,0.8773265,0.5984382,0.6153134,0.732934,0.40089148,0.45337534,0.4482306,0.46996975,0.8038304,0.46393794,0.8167889,0.8318347,0.7011398,0.6898861,0.70056427,0.81244713,0.8544108,0.43607634,0.797634,0.8237071,0.6432228,0.48800293,0.6824339,0.73510253,0.52150387,0.8086593,0.48800293,0.66045105,0.6824339,0.52408266
0.4810118,0.80687904,0.9999998,0.9999998,0.8840084,0.5875021,0.62642014,0.5776574,0.85250294,0.85250294,0.5674383,0.5737887,0.5737887,0.46367684,0.48605776,0.5213985,0.5856627,0.40089148,0.9999998,0.85250294,0.526782,0.62642014,0.5682779,0.5482595,0.521794,0.9999998,0.80687904,0.44729838,0.4810118,0.80687904,0.5138963,0.5684941,0.5739387,0.5737887,0.57626635,0.5619838,0.56553864,0.8840084,0.52956873,0.4885682,0.85250294,0.62642014,0.55044997,0.8840084,0.5737887,0.48651785,0.5737887,0.5477147,0.526782,0.5674383,0.5756233,0.5801191,0.5737887,0.5756233,0.57551587,0.49138927,0.96245915,0.96245915,0.50909173,0.47461691,0.96245915,0.54107994,0.5220386,0.51010865,0.5643838,0.519952,0.5525129,0.521794,0.85250294,0.85250294,0.5598042,0.85250294,0.5598042,0.57475984,0.55044997,0.53026545,0.526782,0.5674383,0.5674383,0.5117953,0.5674383,0.5117953,0.5674383,0.51444805,0.51444805,0.51444805,0.51444805,0.72023493,0.46520022,0.5308597,0.51444805,0.53344977,0.51444805,0.52234244,0.57331866,0.57331866,0.5710275,0.5737887,0.55044997,0.44952172,0.526782,0.526782,0.526782,0.53269047,0.51658595,0.9999998,0.5297297,0.51171595,0.57376283,0.86877656,0.9999998,0.7939809,0.5674383,0.50031203,0.5674383,0.5330481,0.5674383,0.57255495,0.521794,0.5807287,0.8840084,0.5598042,0.5686023,0.44454283,0.5674383,0.4744162,0.521794,0.553406,0.521794,0.41040665,0.562606,0.53481174,0.5682779,0.5674383,0.5737887,0.5737887,0.5658732,0.62642014,0.48176196,0.58506095,0.5267571,0.52776325,0.55668205,0.69847876,0.46096438,0.50909173,0.7482919,0.5329105,0.55677664,0.5527626,0.5117953,0.521794,0.7518301,0.5623618,0.521794,0.57207406,0.8840084,0.4732606,0.47004926,0.6291391,0.4152181,0.56553864,0.9999998,0.8343691,0.68649083,0.80687904,0.4498824,0.7626293,0.5318749,0.4812144,0.562606,0.5674383,0.5682779,0.521794,0.455441,0.85250294,0.42671898,0.4679097,0.56740963,0.7482919,0.5737887,0.53416246,0.7223253,0.51773757,0.7482919,0.5267265,0.5737887,0.70784205
0.523414,0.69828916,0.85250294,0.85250294,0.89427936,0.6268125,0.6446239,0.6342563,0.9999999,0.9999999,0.6323091,0.64941436,0.64941436,0.50398636,0.528371,0.55725473,0.62368137,0.43607634,0.85250294,0.9999999,0.5702545,0.6446239,0.61929345,0.61994064,0.56493384,0.85250294,0.69828916,0.52470505,0.523414,0.69828916,0.5529367,0.63786095,0.6262225,0.64941436,0.6195865,0.60866857,0.61005104,0.89427936,0.5705794,0.53748965,0.9999999,0.6446239,0.6340234,0.89427936,0.64941436,0.5395345,0.64941436,0.58033264,0.5702545,0.6323091,0.6333462,0.63408536,0.64941436,0.6333462,0.6403241,0.5327728,0.8609386,0.8609386,0.5527054,0.53252125,0.8609386,0.58000994,0.5494903,0.537316,0.60991955,0.55402184,0.57518166,0.56493384,0.9999999,0.9999999,0.6305542,0.9999999,0.6305542,0.6393983,0.6340234,0.58060247,0.5702545,0.6323091,0.6323091,0.64933586,0.6323091,0.64933586,0.6323091,0.56303895,0.56303895,0.56303895,0.56303895,0.7510134,0.54414505,0.577279,0.56303895,0.605924,0.56303895,0.5653464,0.63625085,0.63625085,0.62953544,0.64941436,0.6340234,0.49664274,0.5702545,0.5702545,0.5702545,0.5751443,0.5692055,0.85250294,0.5759858,0.54307425,0.6397563,0.8409365,0.85250294,0.7765901,0.6323091,0.5524135,0.6323091,0.5730128,0.6323091,0.6267416,0.56493384,0.6342368,0.89427936,0.6305542,0.62889194,0.49839664,0.6323091,0.521906,0.56493384,0.6165479,0.56493384,0.503163,0.6165973,0.57782435,0.61929345,0.6323091,0.64941436,0.64941436,0.6137953,0.6446239,0.51914096,0.6284882,0.5620671,0.5548743,0.5890702,0.6596829,0.4911751,0.5527054,0.81944937,0.6194802,0.60052204,0.6012707,0.64933586,0.56493384,0.7083217,0.6306915,0.56493384,0.63137174,0.89427936,0.54050356,0.51244706,0.6667844,0.4491341,0.61005104,0.85250294,0.9407464,0.6038681,0.69828916,0.50539184,0.7401438,0.5649168,0.52551395,0.6165973,0.6323091,0.61929345,0.56493384,0.504482,0.9999999,0.47005966,0.51851064,0.63159263,0.81944937,0.64941436,0.5664582,0.7067147,0.5466591,0.81944937,0.6142979,0.64941436,0.7182853
