0,1,2,3,4,5,6,7,8,9,10,11,12,13,14,15,16,17,18,19,20,21,22,23,24,25,26,27,28,29,30,31,32,33,34,35,36,37,38,39,40,41,42,43,44,45,46,47,48,49,50,51,52,53,54,55,56,57,58,59,60,61,62,63,64,65,66,67,68,69,70,71,72,73,74,75,76,77,78,79,80,81,82,83,84,85,86,87,88,89,90,91,92,93,94,95,96,97,98,99,100,101,102,103,104,105,106,107,108,109,110,111,112,113,114,115,116,117,118,119,120,121,122,123,124,125,126,127,128,129,130,131,132,133,134,135,136,137,138,139,140,141,142,143,144,145,146,147,148,149,150,151,152,153,154,155,156,157,158,159,160,161,162,163,164,165,166,167,168,169,170,171,172,173,174,175,176,177,178,179,180,181,182,183,184,185,186,187,188,189,190,191,192,193,194,195,196,197,198
0.0,5.4685717,5.721814,6.078212,8.07529,6.871566,2.943403,6.1268907,6.701001,6.712418,4.1590257,7.703919,6.192372,7.563634,2.4156773,7.1046686,3.5110497,7.7523623,9.63728,6.3154817,10.067362,8.12355,6.659116,9.421777,6.3762813,8.017058,5.56928,8.621958,8.208213,6.9748645,7.4726458,7.0807505,7.086252,6.6855392,7.410963,6.576013,6.7286096,5.528082,5.177489,6.488986,9.979651,4.521692,7.9924088,3.66111,9.511394,7.267396,8.527714,4.9880834,6.020864,4.877653,7.8760858,4.80967,9.356004,5.7381687,13.966081,6.9408402,6.949619,9.381741,9.658247,7.9623427,5.882403,5.188592,5.857403,6.3374405,4.875645,4.268416,8.440629,4.8447185,6.359753,7.1675277,6.2328534,5.3369217,3.5676425,3.92789,4.9267135,6.6924715,9.04057,13.07885,6.995384,6.351145,7.0886426,3.7779868,8.055265,5.5215006,7.398208,8.698056,6.280172,3.5370796,6.3167334,6.5375576,12.096872,8.6535425,5.39205,7.415021,7.471649,6.24352,14.123773,11.423126,7.323076,7.3429666,5.2577844,6.8720765,4.909227,8.308002,7.615903,8.033256,6.362282,9.111423,5.5807214,7.22186,6.6290827,5.315014,9.934478,5.490052,3.791934,9.744278,7.270086,7.712894,4.9441667,4.801552,8.232679,7.9776196,7.3800635,8.291573,5.8585715,7.8500085,8.319931,5.5275035,5.1380825,9.882387,6.294102,5.3056083,5.8112397,4.1364317,5.5937076,7.3492117,5.9844966,5.5734963,9.166084,4.615669,6.796659,7.8529596,14.195313,5.1946425,5.0972447,4.4008713,3.865348,6.9247766,5.1858535,4.9441667,3.454358,7.445105,7.0344133,6.483955,4.9392824,7.83639,5.2383647,5.494865,11.550696,5.5096197,6.01664,5.9092574,5.6831093,4.426605,4.660366,4.8893642,5.641606,6.9583383,5.2350054,4.612705,4.5759935,5.9723067,5.365474,6.9593554,6.566233,5.9271717,6.776007,6.098412,5.508814,5.4897857,6.454004,7.2709165,6.964087,7.4022613,6.912696,7.427472,7.8107305,7.699814,8.14146,5.7610564,6.959975,5.540898,4.935264,5.1979213,4.976663,4.53504,7.358666,7.721374,8.247094
5.4685717,0.0,5.9613433,7.212336,7.607779,7.174169,5.3833613,5.9917717,6.575945,6.291204,5.878485,7.090226,6.2402616,6.63469,5.580835,6.3518796,5.6665506,6.967733,8.667367,6.913633,9.046361,8.443717,7.3898625,8.428163,7.2508106,7.529286,6.6176353,8.197345,8.004129,7.4182105,6.8063045,5.945012,6.817601,5.734632,7.6715035,6.172155,6.2135506,6.3561416,5.947739,6.7427225,9.591531,5.8376517,6.700591,5.254604,8.64131,6.7561283,7.713348,6.1437783,5.967758,6.257072,7.0724998,5.1058865,8.646763,6.4006753,13.345437,6.5455465,8.309392,8.252138,10.024204,7.3653655,7.3538337,5.1033206,6.0142255,6.175471,5.1574206,5.930105,7.282711,5.875495,7.081529,6.4425125,7.0907965,6.474634,5.2222724,5.170217,5.652725,6.497124,8.690725,11.989005,6.682227,6.2580986,4.4862766,5.441803,7.301092,6.089431,6.629003,8.218723,6.274665,5.493276,6.210115,5.2237277,11.65976,7.629556,6.5321293,6.8865623,6.801952,7.394474,13.620794,10.758032,7.6104255,6.969047,5.067455,7.848141,5.3389354,8.42524,8.185704,8.309837,6.7886143,8.473564,4.941795,6.695526,6.0661836,6.259715,9.09167,5.6179214,5.494836,8.869102,7.054858,7.4677896,5.7150607,5.7808366,6.960038,6.5799284,5.620055,7.6975946,6.4982634,7.1159544,7.431924,6.488489,5.1348166,9.446748,6.471134,4.590518,6.2786674,5.8767753,7.378552,6.4351625,6.401435,6.0675964,7.8535595,4.5968976,6.99382,7.0117874,13.866673,6.027807,6.375515,5.790535,4.57379,7.2138057,6.42196,5.7150607,5.534306,7.314317,6.7924166,6.700275,6.014562,8.391971,6.403933,6.722038,11.438436,6.794817,7.2993407,7.177733,6.020732,5.9853625,5.9989343,6.317854,5.449871,7.069227,5.859346,5.3030953,5.3649864,6.508071,5.4541693,6.817062,7.7622943,6.3559537,6.7430515,7.1552067,6.6436777,6.145642,6.7521095,7.469374,7.368776,7.6202602,7.0668283,7.595058,7.9776745,7.8772564,7.953835,6.1400914,6.31552,5.840889,6.293167,6.4089017,6.113933,6.0306845,6.112682,7.098406,8.186589
5.721814,5.9613433,0.0,7.5119276,6.858949,6.2554235,5.5571766,6.2069945,6.294677,8.039294,6.249891,4.876886,7.131756,6.4925275,5.61296,5.600394,5.4079127,6.270771,7.671861,7.648824,7.4502807,7.04247,5.966034,7.9965196,7.600357,7.291081,6.6777444,6.8961515,7.2484756,6.536917,6.0890884,5.820266,6.5372777,5.184861,6.448902,6.688344,5.0644245,6.4420166,7.4364905,5.3130054,8.5831995,5.4016743,6.3516088,5.9821277,7.161263,5.659985,7.539099,5.970117,2.7616727,5.520097,5.990041,4.1244683,8.538394,6.7178307,13.253072,5.003755,7.5145698,7.756243,9.341551,6.46438,7.2271695,5.1115956,5.7862635,7.060249,4.5365925,6.2782083,6.5011344,6.6532755,6.2033153,5.6039753,6.726455,7.2833686,6.041451,6.0495954,6.2072043,6.083858,7.7414546,11.3023205,5.9984055,6.208741,7.3221254,6.0575886,6.2033477,6.0041003,6.045144,7.226601,6.317299,5.502231,6.069346,6.014618,10.591374,7.347663,6.119198,7.405384,6.4295187,6.3352594,13.149814,10.339973,6.4165416,6.5001454,6.004645,6.2853246,6.5450015,7.4498153,8.287918,8.115985,6.2172537,7.25579,4.7065954,6.1411643,5.589368,7.0582614,7.538696,5.345622,6.6053433,7.194857,5.616146,6.7367454,7.560907,6.8157697,6.1373734,6.182281,6.366417,6.8167458,5.647172,6.5575724,6.3840146,7.154385,6.192954,8.561104,5.770953,6.9009786,5.701704,6.241159,6.812742,5.7596006,6.846805,7.1296654,7.7645636,4.2447386,5.9003644,5.4697094,13.546651,5.287822,6.8313565,5.478144,4.9656076,6.7739186,7.031144,7.560907,5.4069486,6.9301896,5.267162,6.642904,6.1714644,8.133214,6.095396,6.2062993,10.374664,6.084931,6.4994745,5.7529645,5.4144883,5.124673,5.7332196,5.212199,4.087291,3.5739446,5.2023535,5.629672,6.820825,5.559103,5.9579096,5.8154984,6.992499,6.060995,5.679643,6.283895,5.547119,6.1194067,7.0549693,6.1550317,6.0483685,6.2970757,6.073438,6.2702155,6.729375,6.3812265,6.674031,5.705919,5.875397,5.7963004,5.5102334,5.3172283,6.1107187,5.761802,6.240225,6.2506056,6.4096746
6.078212,7.212336,7.5119276,0.0,9.392429,7.862158,6.193231,7.3902135,7.282419,8.320873,6.819915,9.261664,8.326037,9.615775,5.973688,7.814881,6.968862,8.456856,10.106315,6.356608,10.549661,10.292121,9.120388,10.39715,2.9565675,9.348922,7.555329,9.471361,8.702649,7.7273326,7.182176,7.6907153,6.990125,7.4011908,6.9352865,7.9344144,7.705914,8.2346735,6.8876996,7.2935467,10.727192,7.4562654,9.258384,6.600114,9.939539,8.378542,10.1606,7.0653157,7.986735,7.066048,8.526462,6.6677766,9.658185,7.1353593,15.1659975,7.6980476,7.1776586,10.449451,8.424238,9.516661,7.622202,6.5805902,7.066331,8.484156,7.3154726,6.8522162,9.143807,7.341184,7.733693,8.663027,8.608092,4.847316,6.461816,5.804323,6.9250727,8.271546,10.563107,13.211398,8.503144,7.621911,8.3646345,6.5496407,8.35919,7.467106,9.250633,9.86658,8.160648,7.0251975,7.2502313,8.282286,13.007999,10.19618,8.214833,8.936962,9.202856,8.907722,15.356964,12.620735,7.155574,8.672062,6.8075123,7.994299,6.5946894,9.598284,8.677832,9.705345,7.7872043,10.519625,7.339127,7.8366833,7.8180037,5.1981163,11.017976,6.3361506,7.0303435,11.074321,8.756196,9.331463,6.62316,5.0996256,9.200396,8.862764,9.176011,9.804021,7.2581353,8.906902,8.951203,7.457532,6.7479377,10.925553,6.7575436,6.9050407,6.9885964,6.761185,6.6408696,8.410599,7.348043,7.634738,10.146501,7.357644,7.0133224,9.288686,15.313554,6.965232,6.8060713,6.861287,6.390448,8.879342,7.2037373,6.62316,7.0982547,8.83077,8.677698,6.7848105,5.488097,4.94039,5.9862075,6.3031845,12.7715025,7.927882,8.355857,8.13712,7.3929343,6.902745,7.0251064,7.3635354,7.4400034,8.156774,7.2911987,6.2997923,6.614337,6.8404613,6.7426414,7.6067376,8.04287,6.234792,8.57378,6.4661946,7.0230427,6.7247796,8.060469,8.047792,7.615278,8.3396015,7.346515,8.157782,8.414719,8.151515,8.603927,7.4384856,8.381197,7.597787,6.930203,7.213005,5.371497,6.4762993,8.750304,8.949188,9.293324
8.07529,7.607779,6.858949,9.392429,0.0,7.418701,8.330713,8.384819,8.553948,9.353604,8.713187,7.6577983,9.586069,6.3090396,8.139398,7.182958,8.255187,6.124203,7.9522586,8.937229,7.2059693,9.442439,8.476408,7.5366373,9.401873,7.647981,8.623897,6.7494087,8.774099,8.28302,8.132972,7.77513,7.8255796,6.8899026,9.205522,8.655989,6.9817944,8.749743,8.896222,7.1944356,8.5519285,7.759974,6.701337,8.566248,8.211356,6.2974634,7.613758,8.091099,6.955592,8.222364,7.1970434,7.338924,9.153438,8.968618,12.483489,6.292285,9.779894,7.7858496,11.632446,7.3233633,8.0241165,7.650452,8.325647,8.893177,7.749395,8.871813,7.7146544,8.7984915,7.3592434,6.2228065,7.9198446,9.200133,8.416963,7.83547,8.415668,8.308889,9.773418,13.436047,6.0751276,6.3682933,7.4920096,8.593167,8.365431,6.921079,5.5587645,7.2049785,6.3676357,8.112073,6.5220733,6.924592,12.798766,7.909607,8.018715,7.1573467,6.585392,8.835286,13.04674,11.100008,9.196778,6.1134424,8.74284,8.645194,8.829824,7.592082,8.208771,9.164449,8.674601,8.12472,7.853447,8.519644,7.4919577,9.050319,9.336525,8.111398,8.770757,8.438719,6.3036265,4.8239307,9.158443,8.698318,6.434239,6.7834926,7.216703,7.31243,7.4335294,6.4365287,6.940935,8.942165,8.739303,9.3066435,8.009287,9.207337,8.19223,8.720576,8.60831,6.158885,9.182039,8.419926,8.959126,6.959634,8.6944475,8.00911,13.45264,6.375569,7.9881897,7.4497657,7.6340647,6.7418623,8.933686,9.158443,8.040067,6.6152363,7.412325,9.125544,8.5432415,10.405587,8.304786,8.459296,11.767038,8.478697,8.681123,8.220184,7.5917125,8.001428,8.554688,8.136996,7.188593,6.9632225,7.2871246,7.5978703,8.427455,8.146905,8.397494,7.686384,8.054662,7.9469566,7.853076,8.578596,7.9636416,8.790731,8.422377,8.70146,8.651639,8.772575,8.803834,8.903896,9.223105,9.014202,9.630946,8.343833,5.554503,7.326471,8.763226,8.649342,7.8276095,8.240032,6.752523,6.1517973,8.535047
6.871566,7.174169,6.2554235,7.862158,7.418701,0.0,7.106592,7.2454247,6.430764,9.018891,7.4318833,7.6161346,8.794054,8.421996,6.809307,6.565116,7.2048492,6.090445,8.040998,7.272489,8.56884,8.638234,7.618984,8.490344,7.886176,7.621527,7.818818,7.7797785,7.9180512,7.6813574,7.037416,7.464419,6.710412,6.6017637,6.5456,6.850279,6.3787394,8.049582,7.625605,6.7826505,8.667882,7.1674247,7.9690866,7.0632386,7.1513557,7.155443,9.319007,7.107485,6.5878487,6.6367083,6.93976,5.804906,8.485541,7.459632,14.103463,6.850269,8.061663,9.852673,9.496991,7.56649,8.407941,6.6182227,7.076666,8.039887,6.844408,7.375465,7.6177816,7.7591248,6.7998123,6.7837615,7.016355,7.288729,7.0263023,7.004739,7.4083743,6.431686,9.617489,12.61787,6.168213,8.116461,8.631084,7.1513643,7.2726398,5.554182,8.345984,8.325251,7.1741357,7.031121,6.6836987,7.929528,12.074847,7.97919,7.6768713,8.394698,7.440205,8.21746,14.039474,12.101454,7.0518255,7.960232,7.494647,7.5128627,7.7947335,7.04231,8.013922,8.0188465,7.7183166,7.82968,6.5782638,6.4617066,6.303167,7.1785965,7.953295,6.3580217,7.3711557,7.9480815,7.262522,7.645591,8.220956,7.16629,7.6947002,7.790057,7.8215623,8.163623,6.8192387,6.743725,5.762148,7.6795974,7.094991,8.990848,5.757456,7.392142,6.8210573,7.4228835,7.634753,7.538529,7.891623,7.8689675,8.427443,6.132721,6.0971584,7.597352,14.411812,6.7886157,7.886769,7.0447774,6.518306,8.617278,7.882359,8.220956,7.0340924,8.305711,7.1033387,7.363187,7.152273,8.589677,7.1161227,7.3657675,12.06871,7.2034116,7.5278974,7.0397797,5.765026,6.431377,6.640885,6.6370735,6.3778896,6.4755716,6.3577414,6.478699,7.4134192,6.68236,6.803922,5.883423,8.2827635,7.1992383,6.745167,7.2264214,7.4157257,7.3802295,7.7154026,7.024252,6.987774,7.190158,7.016606,7.171291,7.7646813,7.433113,7.8966007,6.6839447,7.0583177,5.8443804,6.296309,6.3470945,6.556278,7.079154,7.28335,8.084504,7.0794234
2.943403,5.3833613,5.5571766,6.193231,8.330713,7.106592,0.0,6.1644077,6.8893013,6.69787,3.610766,7.3383207,6.0946965,7.3866982,2.3675885,7.4433646,2.5079157,7.9903784,9.839456,6.722833,9.998743,7.7101736,6.13413,9.299429,6.4887047,7.9443,5.030597,8.57051,8.332914,7.065002,7.2407255,6.778157,7.3680863,6.4724936,7.5666566,6.6643085,6.6013923,4.9173026,5.3010736,6.8356266,9.791716,3.7174203,7.965352,3.4619756,9.700217,7.4138346,8.406346,4.6954184,5.648056,4.637968,8.081333,4.9137483,9.636004,5.59173,13.8214245,7.0366554,6.847703,8.893121,9.98599,8.011572,6.4944253,5.338721,5.8776016,6.250358,4.3748126,3.6335452,8.271872,4.1635227,6.2109776,7.180484,6.138959,6.0097127,3.346798,4.981926,5.8840094,6.3844438,9.036,12.70001,7.1446285,6.6961355,7.0057793,3.4964154,8.013842,5.9861627,7.4791274,8.60215,6.7272415,3.9577672,6.8249354,6.36965,11.953896,8.412078,4.9674234,7.482026,7.4362555,6.3494477,13.8372135,11.091294,7.3567386,7.499241,5.097884,7.083587,4.918221,8.505594,7.7572584,7.662482,6.4384475,9.078878,5.126849,7.00556,6.5073915,5.257794,10.019584,5.8982124,3.7489347,9.752259,7.236654,7.7832847,4.957893,5.243542,8.039735,7.8452644,7.475794,8.245929,6.0094604,7.9039326,8.581942,5.5698695,4.8581495,9.703334,6.616015,5.4984827,5.831261,3.5996037,5.9080615,7.1735353,5.3123374,5.481277,8.980239,4.7931504,6.952969,7.6160374,13.844124,5.8183584,5.6909747,4.936415,4.070677,7.427918,4.8617296,4.957893,4.0244813,7.7842493,7.0862846,6.6896896,5.391593,7.8354807,5.5790296,5.6072445,11.274493,5.6317987,6.0060997,6.1208143,5.728809,4.1449947,4.412101,4.6237,5.643435,6.910665,5.455461,5.207246,4.98445,5.7919903,5.754526,7.4000983,7.087867,6.562552,6.7206516,6.2401795,6.0316505,5.9076757,6.5262957,7.210296,7.034369,7.3433723,6.7864513,7.3326716,7.78584,7.6103687,7.999297,6.129043,7.037779,5.6979327,4.6622376,4.9415274,5.2876463,4.123438,7.4574676,7.7433596,8.234679
6.1268907,5.9917717,6.2069945,7.3902135,8.384819,7.2454247,6.1644077,0.0,5.9643917,7.7213464,6.0016346,6.8862844,6.0706744,8.114959,6.343679,7.2466283,5.9211736,7.1816163,8.35556,7.044141,8.905284,7.1742277,6.4816036,9.211363,7.476458,7.8399386,6.6247315,8.30158,6.481058,7.41465,7.2568684,6.269294,7.627888,6.0194883,6.469882,6.7595987,6.1957917,5.7447925,7.0770597,7.386443,9.515272,5.970387,6.4678006,5.745038,8.632242,6.5869412,7.5856175,6.3255396,6.2632866,6.148633,7.8108983,5.759339,8.216703,6.3588195,13.466243,6.27019,7.7963886,8.627571,9.437019,7.456538,7.266534,5.888734,3.6883745,6.001519,5.895328,6.00058,6.396434,6.526024,7.549806,6.9183207,7.031341,6.6777616,6.022328,6.14009,5.9664764,6.098771,7.324438,11.47051,7.0211153,7.745451,7.52653,5.9164114,7.0041537,6.354239,7.464982,8.048766,7.67814,5.75979,7.5812936,7.230845,10.528197,7.5055985,5.9139237,7.653873,7.797386,6.3107166,13.473708,10.209131,6.1465073,7.825384,5.818381,7.152708,6.0875106,8.907118,8.195237,8.338501,4.647424,8.258516,6.225742,6.104768,5.3088403,6.727659,8.598174,5.772703,6.7488503,8.758133,6.507441,8.523649,7.19479,6.280707,6.721065,6.730762,7.007194,6.640988,6.4229574,7.8165793,8.023024,7.109969,5.880447,9.414275,6.581738,6.048561,3.9577618,6.0167885,7.1617584,7.9008136,6.9957514,7.2257767,8.567759,5.3766575,5.270214,7.542198,13.662171,6.945467,7.4528265,6.49827,5.5956244,8.193204,6.899311,7.19479,5.7864585,8.484644,6.9694605,7.0529704,6.130992,8.54872,6.1006823,6.2963133,10.354766,6.382816,6.8115783,6.656824,6.0028567,6.017315,5.9848466,6.173092,6.527013,7.0820317,6.6434364,6.532485,6.624338,6.595068,5.8496675,6.710265,7.9330845,7.3755918,7.197099,7.496747,7.078104,6.892724,7.522958,5.455782,5.792607,5.545002,5.586781,5.560241,6.1713877,6.196489,6.8055396,6.395376,7.6192746,6.2534695,6.0913854,5.91336,6.697937,6.017598,6.9360013,7.6845746,6.7377195
6.701001,6.575945,6.294677,7.282419,8.553948,6.430764,6.8893013,5.9643917,0.0,8.090563,7.218459,6.6324997,6.287711,9.168194,6.679226,7.364573,6.908282,7.676578,8.314445,7.088314,9.637089,8.150331,7.3141727,9.300697,7.465403,8.315611,7.7280746,8.4521,7.7789392,7.135728,6.9256697,7.1499796,7.243141,6.391517,6.429289,6.3554716,6.3330107,6.837026,7.6174426,6.741842,10.107543,7.0213547,7.5175233,6.87129,8.36432,7.493341,8.509956,7.550188,6.448279,6.8649497,8.130117,5.6571765,8.11688,6.5995646,14.280679,7.136483,7.9772167,9.320025,8.435564,7.782552,8.0430355,5.2346654,5.986958,6.1990414,5.8915696,7.1108913,7.229335,7.772648,7.078087,6.4057603,7.728453,6.6609583,7.092729,6.076112,5.7997136,6.736322,8.590327,12.031963,6.8947535,7.8205476,8.353477,7.0189114,7.0339127,6.143682,8.021535,8.323002,8.402275,6.729534,7.903077,7.517799,11.237236,8.307993,7.1918783,8.090346,7.462895,7.250266,14.116472,11.598019,6.173787,8.053699,5.2734227,7.2379875,6.3862143,8.835671,8.677974,9.16272,6.8682017,8.815496,6.300734,6.232295,5.994258,7.212948,8.66513,5.2220154,7.3071895,9.048448,7.9311476,8.690087,7.925773,6.578916,7.8309073,7.6946096,6.860368,7.8545685,7.2193456,7.3216357,8.032099,7.628994,5.454931,9.526186,2.854346,6.299943,6.1388893,7.2446427,7.410353,8.124941,7.455348,7.9026866,8.14083,5.8927903,5.732627,7.4821825,14.278555,7.256802,7.491739,6.376286,5.683183,8.932272,7.828601,7.925773,6.7888002,9.014653,6.1704645,6.349075,6.390556,7.975499,6.6104417,6.935728,11.53376,7.202676,7.609505,7.1733055,5.177729,6.3203588,6.797802,6.747854,6.3090997,6.5375285,6.645529,6.2817645,7.2382565,6.3553896,5.4652677,4.0904174,8.057418,6.417251,6.4868264,6.953908,6.41644,5.813601,7.2518744,6.7984133,6.6817055,6.852845,6.111521,6.787197,7.343412,7.140822,7.2113566,5.6062474,6.781862,5.7688675,6.5700455,6.3705087,7.00691,6.9959316,6.9593797,7.574675,7.3359637
6.712418,6.291204,8.039294,8.320873,9.353604,9.018891,6.69787,7.7213464,8.090563,0.0,7.40274,8.824641,7.456307,8.123692,6.9234037,9.021445,6.8760767,9.447947,10.480993,8.316106,10.678899,8.798366,8.313991,9.303839,8.538655,9.143829,7.968725,9.655147,8.982343,8.458419,8.611308,7.8330097,9.316495,8.22728,9.304433,7.616399,8.450014,6.840027,6.895476,8.948558,10.636908,6.9741626,8.329395,6.9467793,10.436102,8.855242,8.563103,7.691232,8.118231,7.782301,9.41917,7.8184643,10.783608,7.3838396,13.763401,8.733233,9.962194,9.474429,11.139117,8.976057,8.047401,7.5338783,7.5673156,7.0778856,7.0491433,7.4786487,9.172872,7.3446884,8.516036,8.231724,8.326453,8.022213,6.9345393,7.353907,6.8438635,7.965121,8.9641695,11.789527,8.58912,8.301167,7.091829,7.0111485,9.040185,7.5612364,8.282943,9.2176,9.096541,6.0774493,8.931211,7.3377953,11.350356,8.896833,7.4310975,9.089306,8.817139,7.5245447,14.016035,9.949013,8.909563,8.620776,6.8568826,9.129063,6.435674,9.892162,8.941567,9.173815,7.8315325,10.29723,7.7739553,7.86518,7.4704556,7.1627,10.300515,7.56857,6.9822183,10.168449,8.751397,9.165956,6.6662364,7.3441267,8.7750225,8.56202,7.4205103,8.952584,7.945288,9.26366,9.769581,7.1970544,6.580822,10.494596,7.9008393,6.716623,7.714365,7.4082365,8.987146,8.665316,7.5274897,6.912998,9.36696,7.1361895,8.700239,8.766348,14.259883,8.50645,8.091397,7.588534,6.791822,8.889824,7.550176,6.6662364,6.1978083,9.014744,8.699611,7.9301386,7.513601,9.456872,7.7571554,7.8771462,10.763242,7.4675946,7.7056885,7.9163547,7.3536835,7.516074,7.744135,7.7695656,8.180702,8.981075,8.262552,7.5331693,6.3874846,8.111925,7.3139353,8.685476,8.663786,8.299086,8.269229,8.652533,7.755786,7.4203525,7.5991397,8.757301,8.797431,8.903362,8.37194,8.798965,9.184727,9.141334,8.978981,7.345692,8.427444,7.2671885,7.8813925,7.9584928,7.7522836,7.635176,7.917363,8.56412,9.209613
4.1590257,5.878485,6.249891,6.819915,8.713187,7.4318833,3.610766,6.0016346,7.218459,7.40274,0.0,7.5834723,6.4642167,7.853236,4.0461516,8.073254,2.9352887,8.296331,10.358656,6.676654,10.370224,8.309117,6.664579,9.576493,6.819256,8.061396,3.5611413,8.651929,8.617151,7.5280447,7.908367,7.4006057,7.745265,6.8874784,7.8658156,6.481764,6.9356656,5.301221,4.640198,7.4262495,10.088865,4.325669,8.337071,2.0316005,10.280497,7.929628,8.82383,3.937018,6.4092836,4.67908,8.774192,5.2564,9.481061,5.1380877,13.990837,7.590738,6.6390452,9.163979,10.59398,8.490883,6.651381,6.0684724,5.898987,6.3394256,5.3458247,1.1530602,8.499244,2.5538511,6.573581,7.5787516,6.255201,6.3204155,2.5188787,5.472364,6.5259004,6.951762,9.68379,13.262697,7.260108,7.1928034,7.236746,1.8757863,8.677441,6.361188,8.083148,8.733378,6.9106917,5.034422,7.2410927,7.1721673,12.732176,8.594568,4.2506475,7.2299595,7.6486588,6.4624395,14.081897,11.684786,7.824649,8.198767,5.9206285,7.9678197,5.985661,8.870592,7.810317,7.6313896,6.5999618,9.12236,5.4972186,7.384287,6.8328567,5.7200484,10.658269,6.467015,4.312804,10.52161,7.5135083,8.069225,4.484436,5.346338,8.591887,8.319754,7.934371,8.14419,6.1295166,8.119326,9.129237,4.963613,5.44559,9.927659,7.0765095,5.459736,5.957087,0.42918348,6.122004,7.7807326,5.044962,5.1618376,9.106225,5.5855947,7.3047476,8.589753,14.073762,6.4372797,6.0424395,5.5498757,4.7341995,8.013092,2.9485526,4.484436,5.0328355,8.125314,7.6378317,7.716144,6.1512384,8.774133,6.1891785,6.086798,11.960725,6.6572237,6.6615944,7.0606995,6.1269283,5.4423237,3.6773863,5.3574033,6.121155,7.519981,5.426353,5.378886,5.432583,6.3478775,5.923036,7.8711896,7.752785,7.1512003,7.07426,6.966597,6.868495,6.8292975,6.8538303,7.6601105,7.252622,7.738673,7.4034348,7.8231177,8.117868,7.8857765,8.539766,6.7990623,7.5168457,5.935867,4.0937824,4.5737963,5.621418,3.1805878,7.664702,8.011716,8.631597
7.703919,7.090226,4.876886,9.261664,7.6577983,7.6161346,7.3383207,6.8862844,6.6324997,8.824641,7.5834723,0.0,7.082258,7.6714144,7.4528284,6.91879,7.036328,7.533509,7.568148,8.475481,8.018003,7.22257,6.3348885,8.351936,9.218448,7.7957673,7.667314,6.902829,8.321256,7.4939804,7.5474973,7.2938347,7.9944787,6.337614,8.012004,7.3916636,6.374889,6.4547043,8.460813,7.002326,9.282018,6.703962,6.517247,7.551059,7.506546,7.1422143,7.1782165,7.8283005,4.17248,7.562433,7.2656345,6.0988955,7.969621,7.4981546,13.090999,6.705395,8.966701,7.8114004,10.198936,5.88796,8.549645,6.282568,7.158886,6.6178727,6.255658,7.566538,6.325254,7.9334307,7.19603,6.200447,7.9034386,8.697186,7.71769,7.614635,7.492291,6.676386,8.472635,11.524893,6.7353916,7.559489,8.415989,7.6334863,7.0808606,7.486468,6.871849,6.903922,7.817961,7.255025,7.917909,7.219719,11.01077,7.5442185,6.5280533,6.890158,6.605281,6.5341034,13.126368,10.779176,7.715406,7.5427794,6.8086033,7.4541626,7.7563996,8.127791,9.45932,9.165435,7.4880395,7.279764,6.0756674,7.452444,6.6423817,8.840646,7.4422603,7.1715217,7.817365,7.367278,6.973437,7.2716527,8.681159,8.181709,6.729768,6.8512654,6.602495,6.525746,7.2269044,7.149239,7.2826743,8.317321,6.885621,8.4914,6.9510098,7.6305976,7.148055,7.654917,8.229925,7.164111,8.113447,8.085893,6.8035617,6.0305357,7.339287,6.593161,13.53904,7.285843,8.041791,6.6701007,6.5983987,8.256089,8.130922,8.681159,7.3574567,8.283867,5.3129067,8.056679,7.898607,9.820865,7.746844,7.853841,10.9642935,7.642785,7.93725,7.452801,6.536074,7.081417,7.414192,7.0281863,5.9436,4.602966,6.7698245,7.386334,8.429633,7.141187,7.154556,6.802544,8.434158,7.6757083,6.8707886,8.12081,7.522868,7.634662,8.074215,7.365409,7.507074,7.327411,7.405483,7.4929376,7.835138,7.66406,8.040336,6.9445057,6.8766046,6.6205683,7.2904444,7.132673,7.959016,7.4054604,6.212978,6.627697,7.035086
6.192372,6.2402616,7.131756,8.326037,9.586069,8.794054,6.0946965,6.0706744,6.287711,7.456307,6.4642167,7.082258,0.0,9.079452,6.4350624,8.551878,5.9378796,8.990269,10.058389,8.167253,10.866514,7.9296417,6.964872,10.279375,8.443021,9.27937,7.1681294,9.371785,9.021633,7.89117,8.589888,7.813997,8.599045,7.5765643,8.611483,7.679201,7.819475,5.077824,7.709023,7.966228,11.330999,6.0666327,8.355396,6.319045,10.203249,8.448351,8.005002,7.45022,7.0570498,7.1675124,9.251288,6.312462,9.19735,6.5606656,14.038018,8.097574,9.059133,9.327162,10.281652,8.145968,7.961742,5.3665447,6.2790046,4.717925,5.4448814,6.496838,8.306035,6.7365117,8.001008,7.9062276,7.9885945,7.652798,6.44903,6.2806215,5.4853663,7.1529155,8.528953,12.387835,8.265078,7.748692,7.900588,6.4186115,8.7189245,7.449581,8.009863,8.849581,8.61876,6.245793,8.7530365,7.250776,11.615733,9.098096,6.2643924,7.844778,8.097997,6.742479,14.087718,11.197358,8.129964,8.708036,4.7358932,8.19871,5.187586,10.335225,9.441585,9.650286,7.151803,9.4182415,6.4362087,7.7271447,7.462614,7.562067,10.101695,6.566292,6.255131,10.165273,8.323467,9.400594,7.0337586,7.0659623,8.65628,8.542038,7.2631636,8.242066,7.6880245,9.135725,9.75556,7.928653,5.0346932,10.399876,7.2506847,5.6934824,6.816942,6.5031476,8.128782,8.62294,7.4283066,7.7959743,8.513781,5.7456703,7.812735,8.134087,14.166836,7.403604,6.9448867,5.746752,4.9176364,8.315697,7.417267,7.0337586,6.266925,9.093418,7.2766743,7.1977654,6.957478,9.2085905,7.0435977,7.215161,11.371016,7.1956763,7.7943177,7.5168343,6.5107703,6.66503,6.7487307,6.7230673,7.1008043,7.9123173,7.2159243,6.8936305,6.829069,7.153241,6.271199,8.09549,8.18461,7.5733767,7.588931,7.9673905,7.171436,6.0319614,7.4863124,7.650837,7.5843687,7.6618743,7.5109925,7.7589145,8.160522,8.1581955,8.331096,6.8314366,8.198479,6.5365014,7.106216,7.069471,7.6396646,6.5603766,7.5748663,8.0388365,8.492381
7.563634,6.63469,6.4925275,9.615775,6.3090396,8.421996,7.3866982,8.114959,9.168194,8.123692,7.853236,7.6714144,9.079452,0.0,7.7858653,7.5498805,7.239364,7.423223,8.628045,9.737384,7.682001,8.321204,7.793567,8.066396,9.943099,7.664817,8.313913,7.534364,7.7967553,8.988707,7.8240905,6.7374425,8.753917,6.383534,9.145783,8.68296,6.610581,7.9730473,8.23816,7.67337,8.711531,7.3152404,6.0568213,7.6567674,8.903405,5.8915663,6.768884,6.689213,6.312813,6.9634304,7.5017357,7.341138,10.260778,8.517087,11.926561,6.550405,9.601958,6.489015,11.958649,7.229984,8.206367,7.9965973,7.5628467,8.716602,6.9608536,8.10568,7.761682,7.5492325,8.2252655,6.7587557,7.906672,9.69292,7.4905596,8.264917,8.231635,7.9525785,8.312388,12.022473,7.154742,6.686339,6.340383,7.7406487,7.4854927,7.7051964,5.079382,7.26754,6.810682,6.9580092,6.8350883,5.844378,11.186375,7.418187,7.5028677,7.952677,7.1951146,8.248875,12.419862,9.055631,9.009708,6.0175486,8.593549,8.306436,8.411054,8.213558,8.955012,8.497511,7.560175,8.831965,7.704252,8.2818,7.370465,9.022251,8.827485,8.224451,8.235657,7.933297,5.834073,6.0294456,8.265992,8.913876,5.9913616,6.151832,6.6664596,7.1091824,7.50352,7.420412,7.9312983,8.182871,8.5385275,9.047859,8.739046,8.951153,7.4960675,7.844113,8.528872,5.19194,7.952695,7.7441177,9.417265,6.35568,8.526034,7.0351357,12.736549,6.908516,8.448946,7.3481903,7.220851,6.642718,8.277367,8.265992,6.8721924,6.5414906,7.6338396,9.112088,8.474156,10.495316,8.084307,8.096951,10.155838,7.210529,7.6622996,7.264837,7.66598,7.2891817,7.60389,7.185707,7.238016,7.273328,7.135849,7.279178,7.272107,8.335851,8.331112,8.353697,8.324325,8.603121,7.475801,8.748575,7.7993174,8.506455,8.352445,8.0754795,8.154541,8.121978,8.176419,8.234486,8.567356,8.465141,8.837321,7.9745855,6.2747808,7.7237473,7.844798,7.697839,8.159176,7.6229625,7.107308,6.971791,8.78545
2.4156773,5.580835,5.61296,5.973688,8.139398,6.809307,2.3675885,6.343679,6.679226,6.9234037,4.0461516,7.4528284,6.4350624,7.7858653,0.0,7.0786924,3.3881552,7.805812,9.688533,6.4742236,10.058975,8.381627,6.80593,9.414232,6.2258563,7.84643,5.3352304,8.514454,8.488634,6.9112096,7.3458357,7.16001,6.9232874,6.6509323,7.5238066,6.4477897,6.7845893,5.444373,5.3465652,6.4928,9.756596,4.250695,8.130942,3.6456025,9.443838,7.508505,8.645749,4.9843807,5.915795,5.1448326,7.8849916,4.6783466,9.33888,5.629459,14.1315,6.9912806,6.6198826,9.287884,9.636492,7.93376,6.2967477,5.206388,6.126793,6.634921,4.873961,4.0963826,8.476755,4.7569222,6.0086846,7.3054547,6.3205404,5.5360126,3.477863,4.339462,5.6830306,6.778424,9.560531,13.229877,6.985721,6.438839,7.2027955,3.5938375,8.157217,5.865644,7.6669116,8.639642,6.344171,3.9482884,6.388145,6.8225827,12.428099,8.768138,5.3022547,7.3401113,7.359046,6.3568144,14.272601,11.668745,7.5054016,7.5144,5.2947006,7.1286836,5.187218,8.164671,7.626643,7.9593215,6.792704,9.061331,5.285141,7.2000303,6.6904774,5.305378,10.001706,5.729491,3.9054615,9.8237295,7.338665,7.6646338,5.075963,5.0518456,8.315603,8.072793,7.573906,8.316669,6.1017194,7.7760773,8.312012,5.6262197,5.2455034,9.786137,6.199156,5.386386,6.0881343,4.0047593,5.353915,7.3904696,5.7699423,5.595113,8.969818,5.0957747,6.9808865,7.955137,14.361464,5.464118,5.445309,4.6862593,4.307509,7.190239,5.063327,5.075963,3.991484,7.6664333,6.9682,6.645557,5.2932143,7.675927,5.549317,5.8110046,11.901281,6.1159334,6.3057775,6.414121,5.732466,4.632024,4.906264,5.186671,5.4779096,6.783313,5.4190073,5.049443,5.044901,5.9288607,5.672868,6.9706388,6.839643,5.9229927,6.776785,5.948933,5.81128,5.8913546,6.546532,7.501146,7.2398734,7.654179,7.147424,7.6695027,8.140432,7.9044213,8.277559,6.081183,6.9792595,5.472007,4.9709573,5.333774,5.0005217,4.482473,7.497378,7.7896676,8.39523
7.1046686,6.3518796,5.600394,7.814881,7.182958,6.565116,7.4433646,7.2466283,7.364573,9.021445,8.073254,6.91879,8.551878,7.5498805,7.0786924,0.0,7.8235607,5.643598,6.9265976,7.6874795,7.3402805,9.322328,8.453904,8.852995,7.9557123,8.293076,8.39237,7.7466745,7.5989075,7.546328,6.731606,7.008681,6.028154,6.1264157,7.1030674,7.717145,6.7156863,8.659053,8.178683,6.0283337,9.216416,7.6061025,7.2047005,7.5456862,6.562599,6.6083493,8.702679,7.512438,5.6280904,7.656123,2.4554756,5.845539,7.377316,8.575294,14.294487,5.7466373,8.122776,8.859228,9.155351,6.708655,8.2333,6.056176,7.2618227,8.444517,6.7099724,8.121598,7.2354856,8.309333,7.4016604,7.0565944,8.493218,7.25733,7.4756055,6.555632,6.683921,7.0654926,9.25221,12.612722,6.8863688,6.2550855,7.5051656,7.6379943,6.703869,7.0636864,7.300399,8.396867,5.0601373,7.2619057,4.2495246,7.3478737,11.864453,8.72768,8.270504,7.4426956,7.709672,8.642107,14.434508,11.672795,7.2497973,7.00047,7.3027296,6.786542,7.211921,7.339356,9.146266,9.558836,7.631093,7.6454673,6.1901145,7.5177803,6.976701,8.035106,7.843831,6.0736113,7.661279,7.2793202,7.0307508,7.7186966,8.517399,7.3387337,6.838304,6.6719403,7.532476,8.217155,6.4488688,7.049265,5.046857,8.772955,7.462342,9.720753,6.67461,7.2604914,7.180317,8.0548725,7.2185535,6.516366,8.65107,8.256132,7.841934,5.916493,6.7064333,6.4913836,14.714877,5.785389,7.565562,6.803547,6.242499,7.11218,8.612287,8.517399,7.2789593,7.382023,6.649235,6.823954,7.049828,8.414271,7.229323,7.785932,12.116423,7.9715176,8.719546,7.820905,7.135478,7.184699,7.769179,7.5718565,5.536366,5.389889,6.680009,6.373956,7.559151,6.8798738,6.908799,6.49274,8.110506,5.6933613,7.440199,7.084014,7.220802,7.0675044,8.558186,7.530909,7.407606,7.7765803,7.4343653,7.7600536,7.828616,7.596762,8.171105,7.2291274,6.832344,7.0512795,7.560422,7.6579003,6.7906985,7.654077,6.8473325,7.1670575,7.642619
3.5110497,5.6665506,5.4079127,6.968862,8.255187,7.2048492,2.5079157,5.9211736,6.908282,6.8760767,2.9352887,7.036328,5.9378796,7.239364,3.3881552,7.8235607,0.0,8.200404,9.885913,7.3099957,9.942697,7.1825857,5.666814,9.16171,7.2213836,7.918989,4.7809286,8.439679,8.220061,7.1033044,7.453298,6.605893,7.7892747,6.541478,7.681603,6.7104173,6.428094,4.343619,5.6051235,7.0040374,9.767727,3.4654148,7.612331,3.0754364,9.933883,7.3717637,7.9842243,4.4589715,5.453211,4.551018,8.409117,5.004433,9.71548,5.5255713,13.461556,7.1051054,7.190743,8.644361,10.448823,7.8551865,6.3000875,5.649165,5.4373446,5.923409,4.2621756,3.132887,8.1499605,3.7613208,6.4946647,7.0043344,5.6844015,6.712904,3.351663,5.1575484,5.9203954,6.15743,8.409557,12.315393,6.990287,6.9597535,7.120451,3.1829665,8.032276,5.993178,7.0803657,8.281535,7.001889,3.6746585,7.2420187,6.49544,11.499827,8.110571,4.3135366,7.533039,7.2981014,5.5512543,13.443732,10.604269,7.4887457,7.539771,5.241276,7.2782116,5.4565835,8.611497,7.677434,7.4585395,5.8987775,8.785932,5.579806,6.878849,6.3007493,5.7716517,9.84005,6.1662674,4.311365,9.58688,6.928608,7.758542,5.364342,5.855908,7.8955317,7.7116137,7.170418,7.755635,5.897752,7.9084926,8.772105,5.531622,5.067812,9.434244,6.735349,5.8671527,5.3174143,2.972895,6.361474,7.379297,5.3928566,5.7819653,9.031945,4.6664386,7.014251,7.4674935,13.474693,5.964967,5.8920584,4.8908787,3.9953368,7.3217773,4.4472504,5.364342,3.6411667,7.848726,6.9262605,7.163531,5.912689,8.581708,5.8586116,5.762029,10.7104435,5.369712,5.4758253,5.7779346,5.4450383,4.321361,3.9839218,4.1216793,5.8481755,6.873455,5.2406936,5.3601317,5.353999,6.0266876,5.749869,7.510837,6.963161,7.0860834,6.421537,6.751454,6.13502,6.195647,6.345736,6.892081,6.718831,6.952042,6.753401,7.0348134,7.474327,7.3118606,7.7359557,5.8956027,7.0970473,5.6216865,4.3880534,4.668467,5.8995056,4.0414886,7.288209,7.5631275,7.9362707
7.7523623,6.967733,6.270771,8.456856,6.124203,6.090445,7.9903784,7.1816163,7.676578,9.447947,8.296331,7.533509,8.990269,7.423223,7.805812,5.643598,8.200404,0.0,6.4520397,8.068823,7.5533895,9.528657,8.6673565,8.211208,8.51371,7.445157,8.578232,7.226462,7.3325596,8.239404,7.423743,7.295425,7.095533,6.490214,7.6967764,7.765584,6.5427337,8.673859,8.545941,6.6205277,8.520554,7.9807706,7.1146317,8.007025,6.1353827,5.917971,8.493874,7.249411,6.732416,7.5069675,5.7916975,6.3318505,6.948852,8.68661,13.686675,5.6599727,8.786452,9.362386,10.4140835,6.890155,8.465077,6.8119445,7.237888,8.701432,7.174489,8.413602,6.9520907,8.309089,7.351922,7.0430217,7.836965,8.02129,7.7776656,7.626178,7.848734,6.9159446,9.538417,12.488135,6.2838993,7.3705034,7.9981236,8.091031,7.50461,6.3832316,7.2953324,7.82269,6.135994,7.8256626,5.635198,7.4080853,12.3017645,7.7531223,8.31558,7.9289,7.741634,8.757847,13.833821,11.420029,7.8598247,7.5184517,8.123378,7.735569,8.002635,7.3850403,8.221786,8.978026,8.029523,6.214497,6.8307357,7.0841584,6.6168294,8.235108,7.746708,6.6960526,8.291691,7.298338,6.1390467,7.1570334,8.897401,7.811103,6.9095273,7.074206,7.535092,7.251656,7.1401544,6.3197513,5.4218645,8.865547,8.081398,8.949241,7.2376337,7.9873023,7.294514,8.293506,8.058182,6.6256404,8.8704195,8.666512,7.97488,6.2876787,6.9786515,7.4943,14.224349,6.450453,8.240371,7.444282,7.0560865,7.5616217,8.736751,8.897401,7.7325296,7.443108,7.0187955,7.8615975,7.731695,9.234064,7.662688,7.9871902,12.095892,8.085629,8.549003,7.84779,7.179212,7.4597244,7.883236,7.7932005,6.3494644,6.6488657,6.9708786,7.092985,8.043098,7.282915,7.605432,6.6028185,8.522185,7.168927,7.5848904,7.7406797,7.6309657,7.9328036,8.407502,7.6154947,7.663542,7.7761497,7.7568893,7.768318,8.451313,8.106032,8.475407,7.751316,6.864785,6.79455,7.8896747,7.729687,6.9899306,7.757835,7.2445793,7.5833435,7.587276
9.63728,8.667367,7.671861,10.106315,7.9522586,8.040998,9.839456,8.35556,8.314445,10.480993,10.358656,7.568148,10.058389,8.628045,9.688533,6.9265976,9.885913,6.4520397,0.0,9.715458,8.31958,9.829846,9.504076,9.233611,10.242999,8.926945,10.686002,7.4909015,8.066883,8.920221,8.738531,8.65314,8.504873,7.9159184,8.595604,9.107031,8.04695,9.817156,10.351566,7.5449114,9.365577,9.729994,7.635266,9.988919,6.38612,7.35136,8.732746,9.434241,7.753271,9.423642,6.7203555,8.167447,7.9249244,10.203201,13.69701,7.085192,10.23856,9.808796,10.472664,7.143225,9.377856,7.989074,8.48694,9.674925,8.795717,10.435615,7.51344,10.445655,8.750806,7.8306026,9.266988,9.748971,10.0629225,8.996618,8.614452,7.8253427,9.436398,11.696516,7.83538,8.854914,9.921111,10.231312,8.050526,8.506048,7.9014454,8.065733,8.58103,9.15806,7.7185445,8.657731,11.447351,8.569359,9.88482,9.451267,8.983459,9.216913,13.646864,11.246686,8.700278,8.435199,9.128889,8.249694,9.222869,8.253262,9.932421,10.49169,8.943634,7.4598327,8.640208,8.544631,7.705277,10.1290865,7.027261,8.232062,10.187188,7.100231,7.5925713,8.491446,10.810544,9.782128,7.7664747,7.926655,7.886285,7.6379523,8.371935,7.422057,6.7405763,10.506276,9.293827,9.275878,8.078084,9.52249,8.6040325,10.394482,9.549985,7.9673066,10.557796,10.51819,7.961551,7.880015,7.9249945,7.9395404,14.2369585,8.123429,9.753989,8.824534,8.662624,8.392837,10.606702,10.810544,9.116741,8.683805,7.0623703,8.637592,9.466668,10.372629,9.410072,9.772921,11.702303,9.236448,9.705531,8.997422,8.355111,9.045566,9.951415,9.346913,8.201767,7.4482274,8.918301,9.096763,9.99796,8.789688,9.004055,6.954437,9.4760475,8.410636,8.366993,8.909466,8.6743145,9.3820305,9.450873,8.630596,8.928374,8.681379,8.704294,8.761471,9.170387,9.060968,8.870524,8.84752,8.106897,8.247704,9.663307,9.353232,9.245707,9.927909,7.8555727,8.306492,8.113548
6.3154817,6.913633,7.648824,6.356608,8.937229,7.272489,6.722833,7.044141,7.088314,8.316106,6.676654,8.475481,8.167253,9.737384,6.4742236,7.6874795,7.3099957,8.068823,9.715458,0.0,10.118566,10.18902,8.928743,9.662855,5.4329033,8.709236,6.456696,8.770183,9.396669,7.481052,8.349554,8.559691,7.179798,7.7704654,8.159088,6.6966634,7.9284678,7.9450736,4.9583626,7.9827557,10.450737,6.9545836,8.968495,6.5490055,9.197774,8.671652,10.159641,7.68291,7.8841724,7.872954,8.236004,6.626055,9.132349,7.287291,15.252393,8.000848,8.388636,10.672618,9.747828,9.4374895,8.024584,6.1025157,7.6392856,7.279544,7.524031,6.496979,8.622568,7.402875,7.058311,7.8369007,8.0715,3.8302455,6.5668454,6.1083627,6.872056,7.9493465,11.015958,13.751375,7.515407,7.8140287,8.462852,6.6774535,9.177355,6.4078946,9.476762,9.693261,8.0077505,7.536197,7.689429,8.004787,13.795717,9.557771,7.329624,7.6094027,8.177144,8.312843,15.298877,13.140605,8.194056,9.012268,6.8106017,8.794126,6.525139,8.999967,8.584084,9.177739,8.4861555,9.749555,6.466746,7.832854,7.3416142,5.6358414,10.588383,6.660359,6.352366,10.80182,9.02199,8.656495,6.3241878,3.9245582,8.946535,8.741593,8.321599,9.307059,7.2468753,8.181842,8.311058,6.827636,6.40654,10.951918,6.8092594,6.026232,7.7768016,6.7222857,7.562463,8.754988,7.9051747,6.1254864,8.249307,7.0684304,7.7307153,9.5910845,15.863735,7.1831403,6.646663,7.0232058,6.6488147,9.425884,6.6913786,6.3241878,7.644024,8.69088,8.40364,7.6149707,6.1766114,8.4407425,6.8914194,7.1586313,13.732767,8.800597,8.792382,8.848671,7.1695976,7.6538963,7.330049,8.11094,6.8898625,8.076651,7.528,6.8356857,7.1615,7.695202,6.838893,7.391049,8.905172,6.8243866,8.634829,7.7067003,8.134016,7.5605283,8.094878,8.973982,8.660489,9.182237,8.576303,9.123016,9.263645,9.11507,9.348159,7.674317,8.061855,6.6094317,7.3534536,7.453409,4.670174,6.337624,7.2123923,8.16939,8.739333
10.067362,9.046361,7.4502807,10.549661,7.2059693,8.56884,9.998743,8.905284,9.637089,10.678899,10.370224,8.018003,10.866514,7.682001,10.058975,7.3402805,9.942697,7.5533895,8.31958,10.118566,0.0,9.270313,9.117933,8.751416,10.508093,9.005932,9.995683,8.606843,7.699237,9.076433,7.2887716,7.1049027,8.620256,6.8115473,8.650627,9.8930855,6.7796016,10.184604,10.550557,8.258671,8.933195,9.208462,6.0483146,10.157146,7.1856847,6.6315904,8.677355,9.532495,7.4515967,9.576659,6.8266907,8.8898945,9.757399,10.407705,13.324486,6.3071537,10.47072,7.8839917,11.142831,7.949246,10.301588,8.965265,8.720111,10.503114,8.800729,10.470513,7.0264993,10.331431,9.682713,7.408359,10.202617,10.409665,10.151594,9.915499,9.833688,9.045828,8.884125,12.560126,8.271867,8.147536,8.861082,10.174793,6.5464005,9.317137,7.170559,8.9069605,8.558839,9.486013,8.347098,8.736336,11.507372,8.390431,9.340801,9.017599,8.610657,9.649597,13.701962,10.869698,8.609458,7.5371685,10.145415,8.692007,10.398695,9.479407,10.869353,10.584731,8.402517,8.782309,9.26374,8.680054,7.9733157,10.404636,8.275306,8.880191,10.884177,7.212666,6.8467264,7.899331,10.960885,10.242765,5.397805,5.3968196,8.006185,7.897593,8.472416,8.109412,6.4124656,10.560844,10.334741,10.141109,9.063478,10.543618,8.274975,10.378509,10.046881,6.781504,10.510148,9.854464,9.33026,8.285575,8.610829,7.022316,14.259444,8.434215,10.616463,9.496004,9.229892,8.990726,10.581096,10.960885,9.4447,8.816873,7.9104586,9.794793,9.623631,10.605807,9.168431,9.325133,11.44787,9.245871,9.605064,8.77032,9.2662325,9.096978,9.645881,9.1001215,8.325413,6.903913,8.784274,9.188508,10.035999,9.433904,9.5560465,8.799165,9.658313,9.435171,9.350828,9.944834,9.503437,9.771705,10.737447,8.1488285,8.162969,8.328276,8.599154,8.357125,8.222001,7.9004955,8.811857,9.163505,7.800192,9.549493,9.689718,9.552023,9.194957,9.686859,7.690157,7.1470447,8.244454
